0 0.323437 0.729167 0.126562 0.272222
0 0.380469 0.340972 0.140625 0.240278
0 0.501563 0.739583 0.139063 0.293056
0 0.527734 0.406944 0.144531 0.269444
0 0.594922 0.146528 0.152344 0.145833
0 0.687500 0.808333 0.118750 0.250000
0 0.702344 0.465278 0.134375 0.272222
0 0.768359 0.186806 0.152344 0.145833
0 0.878906 0.401389 0.168750 0.169444
0 0.867188 0.728472 0.128125 0.281944
1 0.323437 0.729167 0.126562 0.272222
1 0.380469 0.340972 0.140625 0.240278
1 0.501563 0.739583 0.139063 0.293056
1 0.527734 0.406944 0.144531 0.269444
1 0.594922 0.146528 0.152344 0.145833
1 0.702344 0.465278 0.134375 0.272222
1 0.768359 0.186806 0.152344 0.145833
1 0.878906 0.401389 0.168750 0.169444
1 0.867188 0.728472 0.128125 0.281944
2 0.687500 0.808333 0.118750 0.250000
4 0.380469 0.340972 0.140625 0.240278
4 0.702344 0.465278 0.134375 0.272222
6 0.323437 0.729167 0.126562 0.272222
6 0.527734 0.406944 0.144531 0.269444
6 0.768359 0.186806 0.152344 0.145833
6 0.878906 0.401389 0.168750 0.169444
7 0.501563 0.739583 0.139063 0.293056
7 0.594922 0.146528 0.152344 0.145833
7 0.867188 0.728472 0.128125 0.281944
8 0.878906 0.401389 0.168750 0.169444
9 0.702344 0.465278 0.134375 0.272222
10 0.768359 0.186806 0.152344 0.145833
11 0.323437 0.729167 0.126562 0.272222
14 0.380469 0.340972 0.140625 0.240278
15 0.867188 0.728472 0.128125 0.281944
16 0.501563 0.739583 0.139063 0.293056
18 0.527734 0.406944 0.144531 0.269444
19 0.594922 0.146528 0.152344 0.145833
