0 0.186328 0.665972 0.186719 0.559722
0 0.264844 0.165278 0.287500 0.316667
0 0.408203 0.700000 0.219531 0.588889
0 0.583203 0.166667 0.310156 0.327778
0 0.629297 0.668056 0.214844 0.586111
1 0.186328 0.665972 0.186719 0.559722
1 0.264844 0.165278 0.287500 0.316667
1 0.408203 0.700000 0.219531 0.588889
1 0.583203 0.166667 0.310156 0.327778
1 0.629297 0.668056 0.214844 0.586111
4 0.264844 0.165278 0.287500 0.316667
4 0.583203 0.166667 0.310156 0.327778
5 0.408203 0.700000 0.219531 0.588889
6 0.186328 0.665972 0.186719 0.559722
6 0.629297 0.668056 0.214844 0.586111
14 0.408203 0.700000 0.219531 0.588889
15 0.629297 0.668056 0.214844 0.586111
16 0.186328 0.665972 0.186719 0.559722
16 0.583203 0.166667 0.310156 0.327778
17 0.264844 0.165278 0.287500 0.316667
