0 0.257031 0.709028 0.185938 0.554167
0 0.317578 0.210417 0.292969 0.315278
0 0.458594 0.683333 0.212500 0.575000
0 0.630078 0.181250 0.305469 0.326389
0 0.676172 0.670139 0.217969 0.581944
1 0.257031 0.709028 0.185938 0.554167
1 0.317578 0.210417 0.292969 0.315278
1 0.458594 0.683333 0.212500 0.575000
1 0.630078 0.181250 0.305469 0.326389
1 0.676172 0.670139 0.217969 0.581944
4 0.458594 0.683333 0.212500 0.575000
5 0.676172 0.670139 0.217969 0.581944
6 0.317578 0.210417 0.292969 0.315278
7 0.257031 0.709028 0.185938 0.554167
7 0.630078 0.181250 0.305469 0.326389
13 0.676172 0.670139 0.217969 0.581944
14 0.257031 0.709028 0.185938 0.554167
14 0.317578 0.210417 0.292969 0.315278
15 0.458594 0.683333 0.212500 0.575000
15 0.630078 0.181250 0.305469 0.326389
