0 0.189062 0.417361 0.121875 0.218056
0 0.226953 0.701389 0.103906 0.219444
0 0.283984 0.131250 0.122656 0.176389
0 0.341016 0.587500 0.078906 0.200000
0 0.380078 0.250694 0.121094 0.220833
0 0.428906 0.729861 0.095312 0.215278
0 0.458984 0.463889 0.102344 0.219444
0 0.533984 0.164583 0.125781 0.212500
0 0.595703 0.413889 0.122656 0.219444
0 0.585938 0.707639 0.078125 0.198611
0 0.725000 0.236806 0.112500 0.226389
0 0.755859 0.452083 0.125781 0.187500
0 0.772266 0.701389 0.072656 0.194444
1 0.189062 0.417361 0.121875 0.218056
1 0.226953 0.701389 0.103906 0.219444
1 0.283984 0.131250 0.122656 0.176389
1 0.341016 0.587500 0.078906 0.200000
1 0.380078 0.250694 0.121094 0.220833
1 0.428906 0.729861 0.095312 0.215278
1 0.458984 0.463889 0.102344 0.219444
1 0.533984 0.164583 0.125781 0.212500
1 0.595703 0.413889 0.122656 0.219444
1 0.585938 0.707639 0.078125 0.198611
1 0.725000 0.236806 0.112500 0.226389
1 0.755859 0.452083 0.125781 0.187500
1 0.772266 0.701389 0.072656 0.194444
4 0.226953 0.701389 0.103906 0.219444
4 0.585938 0.707639 0.078125 0.198611
5 0.341016 0.587500 0.078906 0.200000
5 0.458984 0.463889 0.102344 0.219444
5 0.595703 0.413889 0.122656 0.219444
6 0.189062 0.417361 0.121875 0.218056
6 0.428906 0.729861 0.095312 0.215278
6 0.725000 0.236806 0.112500 0.226389
6 0.755859 0.452083 0.125781 0.187500
6 0.772266 0.701389 0.072656 0.194444
7 0.283984 0.131250 0.122656 0.176389
7 0.380078 0.250694 0.121094 0.220833
7 0.533984 0.164583 0.125781 0.212500
8 0.226953 0.701389 0.103906 0.219444
8 0.595703 0.413889 0.122656 0.219444
9 0.755859 0.452083 0.125781 0.187500
10 0.380078 0.250694 0.121094 0.220833
11 0.283984 0.131250 0.122656 0.176389
11 0.772266 0.701389 0.072656 0.194444
17 0.458984 0.463889 0.102344 0.219444
17 0.533984 0.164583 0.125781 0.212500
17 0.585938 0.707639 0.078125 0.198611
17 0.725000 0.236806 0.112500 0.226389
18 0.189062 0.417361 0.121875 0.218056
19 0.341016 0.587500 0.078906 0.200000
19 0.428906 0.729861 0.095312 0.215278
