0 0.215625 0.539583 0.121875 0.218056
0 0.292578 0.250694 0.117969 0.223611
0 0.296875 0.804861 0.101562 0.218056
0 0.380469 0.518750 0.121875 0.218056
0 0.456641 0.265278 0.125781 0.211111
0 0.472656 0.806250 0.095312 0.215278
0 0.534375 0.503472 0.107813 0.223611
0 0.614844 0.236806 0.121875 0.220833
0 0.638281 0.812500 0.073438 0.194444
0 0.724609 0.390278 0.127344 0.205556
0 0.746875 0.629861 0.092188 0.212500
1 0.215625 0.539583 0.121875 0.218056
1 0.292578 0.250694 0.117969 0.223611
1 0.296875 0.804861 0.101562 0.218056
1 0.380469 0.518750 0.121875 0.218056
1 0.456641 0.265278 0.125781 0.211111
1 0.472656 0.806250 0.095312 0.215278
1 0.534375 0.503472 0.107813 0.223611
1 0.614844 0.236806 0.121875 0.220833
1 0.638281 0.812500 0.073438 0.194444
1 0.724609 0.390278 0.127344 0.205556
1 0.746875 0.629861 0.092188 0.212500
4 0.215625 0.539583 0.121875 0.218056
4 0.380469 0.518750 0.121875 0.218056
4 0.534375 0.503472 0.107813 0.223611
4 0.638281 0.812500 0.073438 0.194444
5 0.472656 0.806250 0.095312 0.215278
5 0.614844 0.236806 0.121875 0.220833
5 0.724609 0.390278 0.127344 0.205556
6 0.292578 0.250694 0.117969 0.223611
6 0.456641 0.265278 0.125781 0.211111
7 0.296875 0.804861 0.101562 0.218056
7 0.746875 0.629861 0.092188 0.212500
8 0.456641 0.265278 0.125781 0.211111
10 0.292578 0.250694 0.117969 0.223611
11 0.472656 0.806250 0.095312 0.215278
12 0.380469 0.518750 0.121875 0.218056
12 0.614844 0.236806 0.121875 0.220833
13 0.296875 0.804861 0.101562 0.218056
14 0.638281 0.812500 0.073438 0.194444
18 0.215625 0.539583 0.121875 0.218056
18 0.724609 0.390278 0.127344 0.205556
19 0.534375 0.503472 0.107813 0.223611
19 0.746875 0.629861 0.092188 0.212500
