0 0.198437 0.413889 0.125000 0.208333
0 0.210156 0.669444 0.123438 0.211111
0 0.333984 0.198611 0.125781 0.205556
0 0.365625 0.768750 0.093750 0.215278
0 0.380469 0.443056 0.104688 0.222222
0 0.486328 0.238194 0.114844 0.223611
0 0.494922 0.563889 0.108594 0.222222
0 0.555859 0.797917 0.088281 0.209722
0 0.614062 0.225000 0.112500 0.225000
0 0.637891 0.500694 0.113281 0.223611
0 0.732422 0.700000 0.097656 0.216667
0 0.736328 0.293750 0.096094 0.218056
1 0.198437 0.413889 0.125000 0.208333
1 0.210156 0.669444 0.123438 0.211111
1 0.333984 0.198611 0.125781 0.205556
1 0.365625 0.768750 0.093750 0.215278
1 0.380469 0.443056 0.104688 0.222222
1 0.486328 0.238194 0.114844 0.223611
1 0.494922 0.563889 0.108594 0.222222
1 0.555859 0.797917 0.088281 0.209722
1 0.614062 0.225000 0.112500 0.225000
1 0.637891 0.500694 0.113281 0.223611
1 0.732422 0.700000 0.097656 0.216667
1 0.736328 0.293750 0.096094 0.218056
4 0.365625 0.768750 0.093750 0.215278
4 0.614062 0.225000 0.112500 0.225000
4 0.732422 0.700000 0.097656 0.216667
5 0.380469 0.443056 0.104688 0.222222
5 0.555859 0.797917 0.088281 0.209722
5 0.736328 0.293750 0.096094 0.218056
6 0.210156 0.669444 0.123438 0.211111
6 0.637891 0.500694 0.113281 0.223611
7 0.198437 0.413889 0.125000 0.208333
7 0.333984 0.198611 0.125781 0.205556
7 0.486328 0.238194 0.114844 0.223611
7 0.494922 0.563889 0.108594 0.222222
8 0.494922 0.563889 0.108594 0.222222
9 0.198437 0.413889 0.125000 0.208333
9 0.555859 0.797917 0.088281 0.209722
9 0.732422 0.700000 0.097656 0.216667
10 0.365625 0.768750 0.093750 0.215278
10 0.380469 0.443056 0.104688 0.222222
11 0.614062 0.225000 0.112500 0.225000
12 0.486328 0.238194 0.114844 0.223611
13 0.210156 0.669444 0.123438 0.211111
13 0.736328 0.293750 0.096094 0.218056
14 0.333984 0.198611 0.125781 0.205556
14 0.637891 0.500694 0.113281 0.223611
