0 0.198828 0.626389 0.125781 0.208333
0 0.213672 0.296528 0.125781 0.204167
0 0.319531 0.834722 0.114062 0.141667
0 0.346484 0.676389 0.124219 0.180556
0 0.360938 0.134028 0.120313 0.223611
0 0.378125 0.404167 0.120313 0.222222
0 0.491797 0.225694 0.121094 0.165278
0 0.489063 0.768056 0.106250 0.222222
0 0.535156 0.489583 0.112500 0.223611
0 0.631641 0.796528 0.099219 0.218056
0 0.645312 0.108333 0.123438 0.213889
0 0.679688 0.538194 0.125000 0.218056
0 0.740625 0.269444 0.126562 0.213889
0 0.780469 0.654167 0.117188 0.225000
1 0.198828 0.626389 0.125781 0.208333
1 0.213672 0.296528 0.125781 0.204167
1 0.319531 0.834722 0.114062 0.141667
1 0.346484 0.676389 0.124219 0.180556
1 0.360938 0.134028 0.120313 0.223611
1 0.378125 0.404167 0.120313 0.222222
1 0.491797 0.225694 0.121094 0.165278
1 0.489063 0.768056 0.106250 0.222222
1 0.535156 0.489583 0.112500 0.223611
1 0.631641 0.796528 0.099219 0.218056
1 0.645312 0.108333 0.123438 0.213889
1 0.679688 0.538194 0.125000 0.218056
1 0.740625 0.269444 0.126562 0.213889
1 0.780469 0.654167 0.117188 0.225000
4 0.213672 0.296528 0.125781 0.204167
4 0.319531 0.834722 0.114062 0.141667
4 0.378125 0.404167 0.120313 0.222222
4 0.535156 0.489583 0.112500 0.223611
4 0.740625 0.269444 0.126562 0.213889
4 0.780469 0.654167 0.117188 0.225000
5 0.198828 0.626389 0.125781 0.208333
5 0.491797 0.225694 0.121094 0.165278
5 0.679688 0.538194 0.125000 0.218056
6 0.346484 0.676389 0.124219 0.180556
6 0.360938 0.134028 0.120313 0.223611
6 0.631641 0.796528 0.099219 0.218056
6 0.645312 0.108333 0.123438 0.213889
7 0.489063 0.768056 0.106250 0.222222
8 0.360938 0.134028 0.120313 0.223611
9 0.740625 0.269444 0.126562 0.213889
10 0.780469 0.654167 0.117188 0.225000
11 0.198828 0.626389 0.125781 0.208333
11 0.319531 0.834722 0.114062 0.141667
11 0.346484 0.676389 0.124219 0.180556
11 0.489063 0.768056 0.106250 0.222222
12 0.378125 0.404167 0.120313 0.222222
12 0.645312 0.108333 0.123438 0.213889
12 0.679688 0.538194 0.125000 0.218056
13 0.491797 0.225694 0.121094 0.165278
13 0.535156 0.489583 0.112500 0.223611
13 0.631641 0.796528 0.099219 0.218056
18 0.213672 0.296528 0.125781 0.204167
