0 0.187891 0.481250 0.124219 0.184722
0 0.249609 0.712500 0.125781 0.200000
0 0.266797 0.150000 0.124219 0.211111
0 0.328125 0.425694 0.073438 0.193056
0 0.369922 0.674306 0.110156 0.129167
0 0.405469 0.122222 0.118750 0.155556
0 0.498047 0.259722 0.102344 0.219444
0 0.518750 0.470139 0.125000 0.184722
0 0.520312 0.652778 0.121875 0.169444
0 0.605469 0.134028 0.106250 0.223611
0 0.630859 0.759722 0.117969 0.150000
0 0.683594 0.372222 0.126562 0.211111
0 0.756250 0.188889 0.123438 0.222222
0 0.769141 0.553472 0.113281 0.134722
0 0.789453 0.714583 0.119531 0.159722
1 0.187891 0.481250 0.124219 0.184722
1 0.249609 0.712500 0.125781 0.200000
1 0.266797 0.150000 0.124219 0.211111
1 0.328125 0.425694 0.073438 0.193056
1 0.369922 0.674306 0.110156 0.129167
1 0.405469 0.122222 0.118750 0.155556
1 0.498047 0.259722 0.102344 0.219444
1 0.518750 0.470139 0.125000 0.184722
1 0.520312 0.652778 0.121875 0.169444
1 0.605469 0.134028 0.106250 0.223611
1 0.630859 0.759722 0.117969 0.150000
1 0.683594 0.372222 0.126562 0.211111
1 0.756250 0.188889 0.123438 0.222222
1 0.769141 0.553472 0.113281 0.134722
1 0.789453 0.714583 0.119531 0.159722
4 0.756250 0.188889 0.123438 0.222222
5 0.187891 0.481250 0.124219 0.184722
5 0.328125 0.425694 0.073438 0.193056
5 0.498047 0.259722 0.102344 0.219444
5 0.605469 0.134028 0.106250 0.223611
6 0.249609 0.712500 0.125781 0.200000
6 0.369922 0.674306 0.110156 0.129167
6 0.518750 0.470139 0.125000 0.184722
6 0.520312 0.652778 0.121875 0.169444
6 0.630859 0.759722 0.117969 0.150000
7 0.266797 0.150000 0.124219 0.211111
7 0.405469 0.122222 0.118750 0.155556
7 0.683594 0.372222 0.126562 0.211111
7 0.769141 0.553472 0.113281 0.134722
7 0.789453 0.714583 0.119531 0.159722
8 0.756250 0.188889 0.123438 0.222222
9 0.328125 0.425694 0.073438 0.193056
9 0.789453 0.714583 0.119531 0.159722
10 0.498047 0.259722 0.102344 0.219444
10 0.518750 0.470139 0.125000 0.184722
11 0.369922 0.674306 0.110156 0.129167
11 0.605469 0.134028 0.106250 0.223611
12 0.187891 0.481250 0.124219 0.184722
12 0.630859 0.759722 0.117969 0.150000
13 0.405469 0.122222 0.118750 0.155556
14 0.249609 0.712500 0.125781 0.200000
17 0.683594 0.372222 0.126562 0.211111
18 0.520312 0.652778 0.121875 0.169444
18 0.769141 0.553472 0.113281 0.134722
19 0.266797 0.150000 0.124219 0.211111
