0 0.265234 0.365278 0.113281 0.138889
0 0.293750 0.827778 0.118750 0.158333
0 0.291797 0.582639 0.110156 0.129167
0 0.317578 0.130556 0.110156 0.130556
0 0.438672 0.575694 0.117969 0.156944
0 0.470313 0.215972 0.118750 0.159722
0 0.498828 0.799306 0.111719 0.131944
0 0.562891 0.470833 0.124219 0.177778
0 0.616406 0.180556 0.115625 0.147222
0 0.639062 0.749306 0.110937 0.131944
0 0.707031 0.513194 0.126562 0.195833
0 0.773047 0.309028 0.127344 0.198611
0 0.780859 0.673611 0.117969 0.147222
1 0.265234 0.365278 0.113281 0.138889
1 0.293750 0.827778 0.118750 0.158333
1 0.291797 0.582639 0.110156 0.129167
1 0.317578 0.130556 0.110156 0.130556
1 0.438672 0.575694 0.117969 0.156944
1 0.470313 0.215972 0.118750 0.159722
1 0.498828 0.799306 0.111719 0.131944
1 0.562891 0.470833 0.124219 0.177778
1 0.616406 0.180556 0.115625 0.147222
1 0.639062 0.749306 0.110937 0.131944
1 0.707031 0.513194 0.126562 0.195833
1 0.773047 0.309028 0.127344 0.198611
1 0.780859 0.673611 0.117969 0.147222
4 0.470313 0.215972 0.118750 0.159722
4 0.498828 0.799306 0.111719 0.131944
4 0.780859 0.673611 0.117969 0.147222
5 0.293750 0.827778 0.118750 0.158333
5 0.291797 0.582639 0.110156 0.129167
5 0.317578 0.130556 0.110156 0.130556
6 0.265234 0.365278 0.113281 0.138889
6 0.639062 0.749306 0.110937 0.131944
7 0.438672 0.575694 0.117969 0.156944
7 0.562891 0.470833 0.124219 0.177778
7 0.616406 0.180556 0.115625 0.147222
7 0.707031 0.513194 0.126562 0.195833
7 0.773047 0.309028 0.127344 0.198611
8 0.265234 0.365278 0.113281 0.138889
8 0.773047 0.309028 0.127344 0.198611
9 0.293750 0.827778 0.118750 0.158333
9 0.639062 0.749306 0.110937 0.131944
10 0.291797 0.582639 0.110156 0.129167
10 0.470313 0.215972 0.118750 0.159722
11 0.438672 0.575694 0.117969 0.156944
11 0.780859 0.673611 0.117969 0.147222
12 0.616406 0.180556 0.115625 0.147222
13 0.498828 0.799306 0.111719 0.131944
14 0.317578 0.130556 0.110156 0.130556
17 0.707031 0.513194 0.126562 0.195833
19 0.562891 0.470833 0.124219 0.177778
