0 0.217969 0.379167 0.110937 0.222222
0 0.278906 0.761806 0.121875 0.220833
0 0.290625 0.155556 0.117188 0.225000
0 0.341406 0.467361 0.125000 0.212500
0 0.413672 0.252778 0.117969 0.225000
0 0.419141 0.662500 0.122656 0.219444
0 0.476562 0.908333 0.125000 0.183333
0 0.504297 0.404167 0.124219 0.219444
0 0.551172 0.703472 0.125781 0.212500
0 0.593750 0.205556 0.110937 0.225000
0 0.637891 0.500694 0.122656 0.220833
0 0.705469 0.812500 0.126562 0.208333
0 0.775781 0.295833 0.123438 0.222222
0 0.803125 0.623611 0.126562 0.216667
1 0.217969 0.379167 0.110937 0.222222
1 0.278906 0.761806 0.121875 0.220833
1 0.290625 0.155556 0.117188 0.225000
1 0.341406 0.467361 0.125000 0.212500
1 0.413672 0.252778 0.117969 0.225000
1 0.419141 0.662500 0.122656 0.219444
1 0.476562 0.908333 0.125000 0.183333
1 0.504297 0.404167 0.124219 0.219444
1 0.551172 0.703472 0.125781 0.212500
1 0.593750 0.205556 0.110937 0.225000
1 0.637891 0.500694 0.122656 0.220833
1 0.705469 0.812500 0.126562 0.208333
1 0.775781 0.295833 0.123438 0.222222
1 0.803125 0.623611 0.126562 0.216667
4 0.341406 0.467361 0.125000 0.212500
4 0.551172 0.703472 0.125781 0.212500
5 0.290625 0.155556 0.117188 0.225000
5 0.476562 0.908333 0.125000 0.183333
5 0.637891 0.500694 0.122656 0.220833
5 0.803125 0.623611 0.126562 0.216667
6 0.278906 0.761806 0.121875 0.220833
6 0.413672 0.252778 0.117969 0.225000
6 0.593750 0.205556 0.110937 0.225000
6 0.775781 0.295833 0.123438 0.222222
7 0.217969 0.379167 0.110937 0.222222
7 0.419141 0.662500 0.122656 0.219444
7 0.504297 0.404167 0.124219 0.219444
7 0.705469 0.812500 0.126562 0.208333
8 0.637891 0.500694 0.122656 0.220833
9 0.504297 0.404167 0.124219 0.219444
9 0.551172 0.703472 0.125781 0.212500
10 0.413672 0.252778 0.117969 0.225000
10 0.419141 0.662500 0.122656 0.219444
12 0.341406 0.467361 0.125000 0.212500
13 0.217969 0.379167 0.110937 0.222222
13 0.803125 0.623611 0.126562 0.216667
14 0.278906 0.761806 0.121875 0.220833
14 0.705469 0.812500 0.126562 0.208333
17 0.290625 0.155556 0.117188 0.225000
17 0.593750 0.205556 0.110937 0.225000
18 0.476562 0.908333 0.125000 0.183333
19 0.775781 0.295833 0.123438 0.222222
