0 0.210547 0.511806 0.110156 0.220833
0 0.276172 0.152778 0.102344 0.222222
0 0.310937 0.754167 0.121875 0.213889
0 0.340234 0.486111 0.107031 0.222222
0 0.415234 0.231944 0.099219 0.219444
0 0.444141 0.725000 0.117969 0.222222
0 0.475781 0.411111 0.125000 0.213889
0 0.594531 0.688889 0.115625 0.222222
0 0.617969 0.187500 0.120313 0.225000
0 0.646875 0.415972 0.125000 0.218056
0 0.701953 0.766667 0.113281 0.222222
0 0.792188 0.590972 0.123438 0.220833
0 0.795703 0.287500 0.122656 0.225000
1 0.210547 0.511806 0.110156 0.220833
1 0.276172 0.152778 0.102344 0.222222
1 0.310937 0.754167 0.121875 0.213889
1 0.340234 0.486111 0.107031 0.222222
1 0.415234 0.231944 0.099219 0.219444
1 0.444141 0.725000 0.117969 0.222222
1 0.475781 0.411111 0.125000 0.213889
1 0.594531 0.688889 0.115625 0.222222
1 0.617969 0.187500 0.120313 0.225000
1 0.646875 0.415972 0.125000 0.218056
1 0.701953 0.766667 0.113281 0.222222
1 0.792188 0.590972 0.123438 0.220833
1 0.795703 0.287500 0.122656 0.225000
4 0.210547 0.511806 0.110156 0.220833
4 0.444141 0.725000 0.117969 0.222222
4 0.475781 0.411111 0.125000 0.213889
4 0.594531 0.688889 0.115625 0.222222
4 0.646875 0.415972 0.125000 0.218056
5 0.276172 0.152778 0.102344 0.222222
5 0.340234 0.486111 0.107031 0.222222
5 0.795703 0.287500 0.122656 0.225000
6 0.310937 0.754167 0.121875 0.213889
6 0.415234 0.231944 0.099219 0.219444
6 0.701953 0.766667 0.113281 0.222222
6 0.792188 0.590972 0.123438 0.220833
7 0.617969 0.187500 0.120313 0.225000
8 0.475781 0.411111 0.125000 0.213889
11 0.340234 0.486111 0.107031 0.222222
11 0.792188 0.590972 0.123438 0.220833
12 0.701953 0.766667 0.113281 0.222222
12 0.795703 0.287500 0.122656 0.225000
13 0.310937 0.754167 0.121875 0.213889
14 0.594531 0.688889 0.115625 0.222222
17 0.210547 0.511806 0.110156 0.220833
18 0.415234 0.231944 0.099219 0.219444
18 0.617969 0.187500 0.120313 0.225000
18 0.646875 0.415972 0.125000 0.218056
19 0.276172 0.152778 0.102344 0.222222
19 0.444141 0.725000 0.117969 0.222222
