0 0.234375 0.670833 0.115625 0.222222
0 0.260547 0.147917 0.124219 0.215278
0 0.289062 0.479167 0.115625 0.222222
0 0.391016 0.168056 0.125781 0.202778
0 0.435547 0.797222 0.089844 0.211111
0 0.461328 0.488194 0.114844 0.223611
0 0.554688 0.395833 0.114062 0.225000
0 0.607422 0.752083 0.122656 0.218056
0 0.637891 0.110417 0.125781 0.215278
0 0.664453 0.422917 0.124219 0.218056
0 0.766406 0.744444 0.125000 0.216667
0 0.809766 0.290972 0.122656 0.220833
1 0.234375 0.670833 0.115625 0.222222
1 0.260547 0.147917 0.124219 0.215278
1 0.289062 0.479167 0.115625 0.222222
1 0.391016 0.168056 0.125781 0.202778
1 0.435547 0.797222 0.089844 0.211111
1 0.461328 0.488194 0.114844 0.223611
1 0.554688 0.395833 0.114062 0.225000
1 0.607422 0.752083 0.122656 0.218056
1 0.637891 0.110417 0.125781 0.215278
1 0.664453 0.422917 0.124219 0.218056
1 0.766406 0.744444 0.125000 0.216667
1 0.809766 0.290972 0.122656 0.220833
4 0.809766 0.290972 0.122656 0.220833
5 0.260547 0.147917 0.124219 0.215278
5 0.435547 0.797222 0.089844 0.211111
5 0.461328 0.488194 0.114844 0.223611
6 0.554688 0.395833 0.114062 0.225000
6 0.607422 0.752083 0.122656 0.218056
6 0.766406 0.744444 0.125000 0.216667
7 0.234375 0.670833 0.115625 0.222222
7 0.289062 0.479167 0.115625 0.222222
7 0.391016 0.168056 0.125781 0.202778
7 0.637891 0.110417 0.125781 0.215278
7 0.664453 0.422917 0.124219 0.218056
8 0.391016 0.168056 0.125781 0.202778
8 0.554688 0.395833 0.114062 0.225000
9 0.260547 0.147917 0.124219 0.215278
10 0.461328 0.488194 0.114844 0.223611
10 0.766406 0.744444 0.125000 0.216667
10 0.809766 0.290972 0.122656 0.220833
11 0.234375 0.670833 0.115625 0.222222
12 0.289062 0.479167 0.115625 0.222222
14 0.435547 0.797222 0.089844 0.211111
17 0.607422 0.752083 0.122656 0.218056
17 0.637891 0.110417 0.125781 0.215278
19 0.664453 0.422917 0.124219 0.218056
