0 0.217188 0.329167 0.115625 0.222222
0 0.227344 0.721528 0.093750 0.212500
0 0.309375 0.530556 0.117188 0.222222
0 0.363672 0.244444 0.122656 0.219444
0 0.358203 0.785417 0.107031 0.220833
0 0.415625 0.537500 0.109375 0.222222
0 0.491016 0.386806 0.110156 0.223611
0 0.505078 0.115278 0.121094 0.222222
0 0.503906 0.800000 0.101562 0.219444
0 0.578906 0.702778 0.120313 0.222222
0 0.608203 0.413194 0.119531 0.223611
0 0.677344 0.283333 0.123438 0.219444
0 0.685547 0.831944 0.124219 0.216667
0 0.770312 0.618056 0.125000 0.216667
0 0.794531 0.396528 0.125000 0.220833
1 0.217188 0.329167 0.115625 0.222222
1 0.227344 0.721528 0.093750 0.212500
1 0.309375 0.530556 0.117188 0.222222
1 0.363672 0.244444 0.122656 0.219444
1 0.358203 0.785417 0.107031 0.220833
1 0.415625 0.537500 0.109375 0.222222
1 0.491016 0.386806 0.110156 0.223611
1 0.505078 0.115278 0.121094 0.222222
1 0.503906 0.800000 0.101562 0.219444
1 0.578906 0.702778 0.120313 0.222222
1 0.608203 0.413194 0.119531 0.223611
1 0.677344 0.283333 0.123438 0.219444
1 0.685547 0.831944 0.124219 0.216667
1 0.770312 0.618056 0.125000 0.216667
1 0.794531 0.396528 0.125000 0.220833
4 0.358203 0.785417 0.107031 0.220833
4 0.608203 0.413194 0.119531 0.223611
4 0.677344 0.283333 0.123438 0.219444
4 0.770312 0.618056 0.125000 0.216667
5 0.309375 0.530556 0.117188 0.222222
5 0.363672 0.244444 0.122656 0.219444
5 0.578906 0.702778 0.120313 0.222222
5 0.794531 0.396528 0.125000 0.220833
6 0.227344 0.721528 0.093750 0.212500
6 0.505078 0.115278 0.121094 0.222222
6 0.685547 0.831944 0.124219 0.216667
7 0.217188 0.329167 0.115625 0.222222
7 0.415625 0.537500 0.109375 0.222222
7 0.491016 0.386806 0.110156 0.223611
7 0.503906 0.800000 0.101562 0.219444
8 0.794531 0.396528 0.125000 0.220833
9 0.491016 0.386806 0.110156 0.223611
9 0.608203 0.413194 0.119531 0.223611
9 0.685547 0.831944 0.124219 0.216667
10 0.217188 0.329167 0.115625 0.222222
11 0.677344 0.283333 0.123438 0.219444
12 0.358203 0.785417 0.107031 0.220833
13 0.309375 0.530556 0.117188 0.222222
13 0.415625 0.537500 0.109375 0.222222
13 0.770312 0.618056 0.125000 0.216667
14 0.505078 0.115278 0.121094 0.222222
14 0.503906 0.800000 0.101562 0.219444
17 0.578906 0.702778 0.120313 0.222222
18 0.363672 0.244444 0.122656 0.219444
19 0.227344 0.721528 0.093750 0.212500
