0 0.207422 0.550000 0.092969 0.211111
0 0.255469 0.349306 0.112500 0.223611
0 0.303906 0.657639 0.115625 0.220833
0 0.348438 0.150000 0.095312 0.216667
0 0.383594 0.796528 0.109375 0.223611
0 0.407031 0.363194 0.118750 0.223611
0 0.467969 0.585417 0.114062 0.223611
0 0.525781 0.820139 0.120313 0.218056
0 0.533594 0.288889 0.098437 0.216667
0 0.601562 0.444444 0.117188 0.225000
0 0.672266 0.593750 0.078906 0.201389
0 0.686328 0.209028 0.075781 0.198611
0 0.748828 0.720833 0.108594 0.222222
0 0.807031 0.461111 0.090625 0.211111
1 0.207422 0.550000 0.092969 0.211111
1 0.255469 0.349306 0.112500 0.223611
1 0.303906 0.657639 0.115625 0.220833
1 0.348438 0.150000 0.095312 0.216667
1 0.383594 0.796528 0.109375 0.223611
1 0.407031 0.363194 0.118750 0.223611
1 0.467969 0.585417 0.114062 0.223611
1 0.525781 0.820139 0.120313 0.218056
1 0.533594 0.288889 0.098437 0.216667
1 0.601562 0.444444 0.117188 0.225000
1 0.672266 0.593750 0.078906 0.201389
1 0.686328 0.209028 0.075781 0.198611
1 0.748828 0.720833 0.108594 0.222222
1 0.807031 0.461111 0.090625 0.211111
4 0.303906 0.657639 0.115625 0.220833
4 0.686328 0.209028 0.075781 0.198611
5 0.348438 0.150000 0.095312 0.216667
5 0.383594 0.796528 0.109375 0.223611
6 0.207422 0.550000 0.092969 0.211111
6 0.467969 0.585417 0.114062 0.223611
6 0.672266 0.593750 0.078906 0.201389
6 0.748828 0.720833 0.108594 0.222222
6 0.807031 0.461111 0.090625 0.211111
7 0.255469 0.349306 0.112500 0.223611
7 0.407031 0.363194 0.118750 0.223611
7 0.525781 0.820139 0.120313 0.218056
7 0.533594 0.288889 0.098437 0.216667
7 0.601562 0.444444 0.117188 0.225000
8 0.467969 0.585417 0.114062 0.223611
8 0.686328 0.209028 0.075781 0.198611
9 0.207422 0.550000 0.092969 0.211111
10 0.255469 0.349306 0.112500 0.223611
11 0.407031 0.363194 0.118750 0.223611
13 0.303906 0.657639 0.115625 0.220833
13 0.807031 0.461111 0.090625 0.211111
14 0.601562 0.444444 0.117188 0.225000
14 0.672266 0.593750 0.078906 0.201389
17 0.348438 0.150000 0.095312 0.216667
17 0.525781 0.820139 0.120313 0.218056
17 0.748828 0.720833 0.108594 0.222222
18 0.383594 0.796528 0.109375 0.223611
19 0.533594 0.288889 0.098437 0.216667
