0 0.197266 0.502778 0.111719 0.222222
0 0.214062 0.736806 0.082812 0.201389
0 0.282422 0.275000 0.083594 0.205556
0 0.355469 0.196528 0.120313 0.223611
0 0.351562 0.778472 0.090625 0.212500
0 0.378125 0.514583 0.078125 0.198611
0 0.475000 0.707639 0.125000 0.193056
0 0.466016 0.199306 0.082031 0.206944
0 0.519531 0.425000 0.103125 0.219444
0 0.580469 0.713889 0.090625 0.211111
0 0.620313 0.242361 0.117188 0.223611
0 0.642578 0.474306 0.075781 0.198611
0 0.683984 0.734722 0.107031 0.222222
0 0.758984 0.256944 0.086719 0.208333
0 0.781250 0.597222 0.114062 0.222222
1 0.197266 0.502778 0.111719 0.222222
1 0.214062 0.736806 0.082812 0.201389
1 0.282422 0.275000 0.083594 0.205556
1 0.355469 0.196528 0.120313 0.223611
1 0.351562 0.778472 0.090625 0.212500
1 0.378125 0.514583 0.078125 0.198611
1 0.475000 0.707639 0.125000 0.193056
1 0.466016 0.199306 0.082031 0.206944
1 0.519531 0.425000 0.103125 0.219444
1 0.580469 0.713889 0.090625 0.211111
1 0.620313 0.242361 0.117188 0.223611
1 0.642578 0.474306 0.075781 0.198611
1 0.683984 0.734722 0.107031 0.222222
1 0.758984 0.256944 0.086719 0.208333
1 0.781250 0.597222 0.114062 0.222222
4 0.355469 0.196528 0.120313 0.223611
4 0.466016 0.199306 0.082031 0.206944
4 0.620313 0.242361 0.117188 0.223611
4 0.758984 0.256944 0.086719 0.208333
4 0.781250 0.597222 0.114062 0.222222
5 0.197266 0.502778 0.111719 0.222222
5 0.214062 0.736806 0.082812 0.201389
5 0.351562 0.778472 0.090625 0.212500
5 0.519531 0.425000 0.103125 0.219444
5 0.683984 0.734722 0.107031 0.222222
6 0.475000 0.707639 0.125000 0.193056
6 0.580469 0.713889 0.090625 0.211111
7 0.282422 0.275000 0.083594 0.205556
7 0.378125 0.514583 0.078125 0.198611
7 0.642578 0.474306 0.075781 0.198611
8 0.642578 0.474306 0.075781 0.198611
8 0.683984 0.734722 0.107031 0.222222
9 0.197266 0.502778 0.111719 0.222222
9 0.378125 0.514583 0.078125 0.198611
9 0.620313 0.242361 0.117188 0.223611
10 0.351562 0.778472 0.090625 0.212500
10 0.580469 0.713889 0.090625 0.211111
11 0.758984 0.256944 0.086719 0.208333
12 0.466016 0.199306 0.082031 0.206944
13 0.214062 0.736806 0.082812 0.201389
13 0.282422 0.275000 0.083594 0.205556
14 0.519531 0.425000 0.103125 0.219444
14 0.781250 0.597222 0.114062 0.222222
18 0.355469 0.196528 0.120313 0.223611
19 0.475000 0.707639 0.125000 0.193056
