0 0.249219 0.740972 0.095312 0.215278
0 0.275391 0.201389 0.096094 0.216667
0 0.284375 0.427778 0.098437 0.216667
0 0.377734 0.743056 0.113281 0.222222
0 0.392578 0.150000 0.083594 0.208333
0 0.430859 0.475000 0.085156 0.205556
0 0.492578 0.715278 0.100781 0.219444
0 0.505859 0.168056 0.113281 0.225000
0 0.601172 0.544444 0.075781 0.197222
0 0.617188 0.224306 0.092188 0.215278
0 0.703906 0.738194 0.121875 0.220833
0 0.703125 0.503472 0.082812 0.204167
0 0.781641 0.229861 0.097656 0.218056
0 0.835938 0.556250 0.121875 0.223611
1 0.249219 0.740972 0.095312 0.215278
1 0.275391 0.201389 0.096094 0.216667
1 0.284375 0.427778 0.098437 0.216667
1 0.377734 0.743056 0.113281 0.222222
1 0.392578 0.150000 0.083594 0.208333
1 0.430859 0.475000 0.085156 0.205556
1 0.492578 0.715278 0.100781 0.219444
1 0.505859 0.168056 0.113281 0.225000
1 0.601172 0.544444 0.075781 0.197222
1 0.617188 0.224306 0.092188 0.215278
1 0.703906 0.738194 0.121875 0.220833
1 0.703125 0.503472 0.082812 0.204167
1 0.781641 0.229861 0.097656 0.218056
1 0.835938 0.556250 0.121875 0.223611
4 0.284375 0.427778 0.098437 0.216667
4 0.492578 0.715278 0.100781 0.219444
4 0.601172 0.544444 0.075781 0.197222
4 0.703906 0.738194 0.121875 0.220833
5 0.392578 0.150000 0.083594 0.208333
5 0.781641 0.229861 0.097656 0.218056
6 0.249219 0.740972 0.095312 0.215278
6 0.275391 0.201389 0.096094 0.216667
6 0.430859 0.475000 0.085156 0.205556
6 0.505859 0.168056 0.113281 0.225000
7 0.377734 0.743056 0.113281 0.222222
7 0.617188 0.224306 0.092188 0.215278
7 0.703125 0.503472 0.082812 0.204167
7 0.835938 0.556250 0.121875 0.223611
8 0.601172 0.544444 0.075781 0.197222
9 0.275391 0.201389 0.096094 0.216667
10 0.703906 0.738194 0.121875 0.220833
10 0.835938 0.556250 0.121875 0.223611
12 0.617188 0.224306 0.092188 0.215278
12 0.781641 0.229861 0.097656 0.218056
13 0.284375 0.427778 0.098437 0.216667
13 0.505859 0.168056 0.113281 0.225000
17 0.377734 0.743056 0.113281 0.222222
17 0.430859 0.475000 0.085156 0.205556
17 0.492578 0.715278 0.100781 0.219444
18 0.249219 0.740972 0.095312 0.215278
19 0.392578 0.150000 0.083594 0.208333
19 0.703125 0.503472 0.082812 0.204167
