0 0.248828 0.309028 0.074219 0.195833
0 0.311719 0.740278 0.087500 0.208333
0 0.309766 0.513194 0.082031 0.204167
0 0.446875 0.587500 0.110937 0.222222
0 0.449219 0.315278 0.100000 0.219444
0 0.522656 0.711111 0.082812 0.208333
0 0.576172 0.305556 0.083594 0.205556
0 0.604297 0.605556 0.089844 0.216667
0 0.686719 0.273611 0.089063 0.211111
0 0.748437 0.618056 0.120313 0.225000
0 0.792188 0.371528 0.098437 0.218056
1 0.248828 0.309028 0.074219 0.195833
1 0.311719 0.740278 0.087500 0.208333
1 0.309766 0.513194 0.082031 0.204167
1 0.446875 0.587500 0.110937 0.222222
1 0.449219 0.315278 0.100000 0.219444
1 0.522656 0.711111 0.082812 0.208333
1 0.576172 0.305556 0.083594 0.205556
1 0.604297 0.605556 0.089844 0.216667
1 0.686719 0.273611 0.089063 0.211111
1 0.748437 0.618056 0.120313 0.225000
1 0.792188 0.371528 0.098437 0.218056
4 0.449219 0.315278 0.100000 0.219444
5 0.309766 0.513194 0.082031 0.204167
5 0.748437 0.618056 0.120313 0.225000
5 0.792188 0.371528 0.098437 0.218056
6 0.311719 0.740278 0.087500 0.208333
6 0.446875 0.587500 0.110937 0.222222
6 0.522656 0.711111 0.082812 0.208333
6 0.576172 0.305556 0.083594 0.205556
7 0.248828 0.309028 0.074219 0.195833
7 0.604297 0.605556 0.089844 0.216667
7 0.686719 0.273611 0.089063 0.211111
8 0.522656 0.711111 0.082812 0.208333
11 0.576172 0.305556 0.083594 0.205556
11 0.686719 0.273611 0.089063 0.211111
11 0.792188 0.371528 0.098437 0.218056
12 0.311719 0.740278 0.087500 0.208333
14 0.248828 0.309028 0.074219 0.195833
14 0.446875 0.587500 0.110937 0.222222
17 0.309766 0.513194 0.082031 0.204167
18 0.604297 0.605556 0.089844 0.216667
18 0.748437 0.618056 0.120313 0.225000
19 0.449219 0.315278 0.100000 0.219444
