0 0.262500 0.468750 0.109375 0.223611
0 0.279297 0.679167 0.114844 0.222222
0 0.271875 0.159028 0.089063 0.209722
0 0.361328 0.861111 0.121094 0.219444
0 0.390625 0.309722 0.109375 0.225000
0 0.451562 0.538889 0.114062 0.225000
0 0.496484 0.163194 0.107031 0.223611
0 0.527734 0.702083 0.125781 0.193056
0 0.571484 0.428472 0.113281 0.223611
0 0.637109 0.204167 0.110156 0.225000
0 0.662500 0.745833 0.123438 0.219444
0 0.698438 0.438889 0.115625 0.225000
0 0.803125 0.275000 0.126562 0.216667
0 0.823438 0.728472 0.126562 0.206944
1 0.262500 0.468750 0.109375 0.223611
1 0.279297 0.679167 0.114844 0.222222
1 0.271875 0.159028 0.089063 0.209722
1 0.361328 0.861111 0.121094 0.219444
1 0.390625 0.309722 0.109375 0.225000
1 0.451562 0.538889 0.114062 0.225000
1 0.496484 0.163194 0.107031 0.223611
1 0.527734 0.702083 0.125781 0.193056
1 0.571484 0.428472 0.113281 0.223611
1 0.637109 0.204167 0.110156 0.225000
1 0.662500 0.745833 0.123438 0.219444
1 0.698438 0.438889 0.115625 0.225000
1 0.803125 0.275000 0.126562 0.216667
1 0.823438 0.728472 0.126562 0.206944
4 0.262500 0.468750 0.109375 0.223611
4 0.361328 0.861111 0.121094 0.219444
4 0.662500 0.745833 0.123438 0.219444
5 0.271875 0.159028 0.089063 0.209722
5 0.390625 0.309722 0.109375 0.225000
5 0.527734 0.702083 0.125781 0.193056
5 0.571484 0.428472 0.113281 0.223611
5 0.698438 0.438889 0.115625 0.225000
5 0.803125 0.275000 0.126562 0.216667
6 0.637109 0.204167 0.110156 0.225000
7 0.279297 0.679167 0.114844 0.222222
7 0.451562 0.538889 0.114062 0.225000
7 0.496484 0.163194 0.107031 0.223611
7 0.823438 0.728472 0.126562 0.206944
8 0.571484 0.428472 0.113281 0.223611
10 0.496484 0.163194 0.107031 0.223611
10 0.662500 0.745833 0.123438 0.219444
12 0.262500 0.468750 0.109375 0.223611
12 0.271875 0.159028 0.089063 0.209722
12 0.451562 0.538889 0.114062 0.225000
13 0.279297 0.679167 0.114844 0.222222
13 0.361328 0.861111 0.121094 0.219444
14 0.390625 0.309722 0.109375 0.225000
15 0.698438 0.438889 0.115625 0.225000
15 0.823438 0.728472 0.126562 0.206944
16 0.803125 0.275000 0.126562 0.216667
17 0.637109 0.204167 0.110156 0.225000
19 0.527734 0.702083 0.125781 0.193056
