0 0.229297 0.257639 0.110156 0.131944
0 0.248828 0.586806 0.124219 0.190278
0 0.314063 0.798611 0.118750 0.163889
0 0.339844 0.109028 0.115625 0.215278
0 0.347266 0.362500 0.124219 0.213889
0 0.443359 0.459722 0.127344 0.197222
0 0.460547 0.209028 0.125781 0.195833
0 0.460547 0.729861 0.111719 0.131944
0 0.582422 0.595139 0.122656 0.170833
0 0.598047 0.230556 0.111719 0.225000
0 0.619141 0.441667 0.113281 0.133333
0 0.668359 0.784028 0.125781 0.184722
0 0.712891 0.166667 0.088281 0.211111
0 0.773438 0.609722 0.123438 0.219444
0 0.840625 0.413194 0.123438 0.168056
1 0.229297 0.257639 0.110156 0.131944
1 0.248828 0.586806 0.124219 0.190278
1 0.314063 0.798611 0.118750 0.163889
1 0.339844 0.109028 0.115625 0.215278
1 0.347266 0.362500 0.124219 0.213889
1 0.443359 0.459722 0.127344 0.197222
1 0.460547 0.209028 0.125781 0.195833
1 0.460547 0.729861 0.111719 0.131944
1 0.582422 0.595139 0.122656 0.170833
1 0.598047 0.230556 0.111719 0.225000
1 0.619141 0.441667 0.113281 0.133333
1 0.668359 0.784028 0.125781 0.184722
1 0.712891 0.166667 0.088281 0.211111
1 0.773438 0.609722 0.123438 0.219444
1 0.840625 0.413194 0.123438 0.168056
4 0.443359 0.459722 0.127344 0.197222
4 0.460547 0.729861 0.111719 0.131944
4 0.582422 0.595139 0.122656 0.170833
5 0.314063 0.798611 0.118750 0.163889
5 0.347266 0.362500 0.124219 0.213889
5 0.460547 0.209028 0.125781 0.195833
5 0.840625 0.413194 0.123438 0.168056
6 0.339844 0.109028 0.115625 0.215278
6 0.598047 0.230556 0.111719 0.225000
6 0.668359 0.784028 0.125781 0.184722
7 0.229297 0.257639 0.110156 0.131944
7 0.248828 0.586806 0.124219 0.190278
7 0.619141 0.441667 0.113281 0.133333
7 0.712891 0.166667 0.088281 0.211111
7 0.773438 0.609722 0.123438 0.219444
8 0.598047 0.230556 0.111719 0.225000
10 0.582422 0.595139 0.122656 0.170833
11 0.712891 0.166667 0.088281 0.211111
12 0.339844 0.109028 0.115625 0.215278
12 0.773438 0.609722 0.123438 0.219444
13 0.619141 0.441667 0.113281 0.133333
14 0.840625 0.413194 0.123438 0.168056
15 0.248828 0.586806 0.124219 0.190278
16 0.314063 0.798611 0.118750 0.163889
16 0.443359 0.459722 0.127344 0.197222
16 0.668359 0.784028 0.125781 0.184722
17 0.460547 0.209028 0.125781 0.195833
17 0.460547 0.729861 0.111719 0.131944
18 0.229297 0.257639 0.110156 0.131944
18 0.347266 0.362500 0.124219 0.213889
