0 0.244922 0.568750 0.124219 0.215278
0 0.271875 0.237500 0.125000 0.208333
0 0.347266 0.785417 0.119531 0.156944
0 0.351172 0.468056 0.125781 0.202778
0 0.408594 0.197917 0.110937 0.131944
0 0.492188 0.572222 0.126562 0.202778
0 0.493750 0.775694 0.121875 0.170833
0 0.519922 0.251389 0.114844 0.225000
0 0.588281 0.088889 0.093750 0.175000
0 0.621094 0.390972 0.117188 0.148611
0 0.647266 0.583333 0.116406 0.144444
0 0.672266 0.800694 0.110156 0.126389
0 0.720313 0.129167 0.125000 0.222222
0 0.749219 0.409028 0.110937 0.129167
0 0.776953 0.631944 0.121094 0.158333
1 0.244922 0.568750 0.124219 0.215278
1 0.271875 0.237500 0.125000 0.208333
1 0.347266 0.785417 0.119531 0.156944
1 0.351172 0.468056 0.125781 0.202778
1 0.408594 0.197917 0.110937 0.131944
1 0.492188 0.572222 0.126562 0.202778
1 0.493750 0.775694 0.121875 0.170833
1 0.519922 0.251389 0.114844 0.225000
1 0.588281 0.088889 0.093750 0.175000
1 0.621094 0.390972 0.117188 0.148611
1 0.647266 0.583333 0.116406 0.144444
1 0.672266 0.800694 0.110156 0.126389
1 0.720313 0.129167 0.125000 0.222222
1 0.749219 0.409028 0.110937 0.129167
1 0.776953 0.631944 0.121094 0.158333
4 0.244922 0.568750 0.124219 0.215278
4 0.271875 0.237500 0.125000 0.208333
4 0.588281 0.088889 0.093750 0.175000
4 0.647266 0.583333 0.116406 0.144444
5 0.493750 0.775694 0.121875 0.170833
5 0.672266 0.800694 0.110156 0.126389
5 0.720313 0.129167 0.125000 0.222222
5 0.749219 0.409028 0.110937 0.129167
6 0.347266 0.785417 0.119531 0.156944
6 0.492188 0.572222 0.126562 0.202778
6 0.621094 0.390972 0.117188 0.148611
6 0.776953 0.631944 0.121094 0.158333
7 0.351172 0.468056 0.125781 0.202778
7 0.408594 0.197917 0.110937 0.131944
7 0.519922 0.251389 0.114844 0.225000
8 0.492188 0.572222 0.126562 0.202778
9 0.271875 0.237500 0.125000 0.208333
9 0.672266 0.800694 0.110156 0.126389
10 0.347266 0.785417 0.119531 0.156944
10 0.519922 0.251389 0.114844 0.225000
12 0.647266 0.583333 0.116406 0.144444
12 0.749219 0.409028 0.110937 0.129167
12 0.776953 0.631944 0.121094 0.158333
13 0.588281 0.088889 0.093750 0.175000
13 0.621094 0.390972 0.117188 0.148611
16 0.244922 0.568750 0.124219 0.215278
16 0.720313 0.129167 0.125000 0.222222
18 0.351172 0.468056 0.125781 0.202778
18 0.493750 0.775694 0.121875 0.170833
19 0.408594 0.197917 0.110937 0.131944
