0 0.250000 0.493750 0.118750 0.223611
0 0.246875 0.270833 0.110937 0.222222
0 0.261719 0.755556 0.110937 0.222222
0 0.332422 0.320139 0.121094 0.220833
0 0.376563 0.817361 0.121875 0.218056
0 0.369922 0.518750 0.085156 0.206944
0 0.424219 0.187500 0.089063 0.211111
0 0.485938 0.786806 0.089063 0.209722
0 0.518359 0.206944 0.116406 0.225000
0 0.501563 0.500000 0.079687 0.202778
0 0.600000 0.706250 0.126562 0.193056
0 0.639062 0.874306 0.126562 0.201389
0 0.642578 0.123611 0.091406 0.213889
0 0.668359 0.462500 0.105469 0.222222
0 0.763281 0.717361 0.114062 0.137500
0 0.769141 0.297917 0.097656 0.218056
0 0.790625 0.511806 0.123438 0.179167
1 0.250000 0.493750 0.118750 0.223611
1 0.246875 0.270833 0.110937 0.222222
1 0.261719 0.755556 0.110937 0.222222
1 0.332422 0.320139 0.121094 0.220833
1 0.376563 0.817361 0.121875 0.218056
1 0.369922 0.518750 0.085156 0.206944
1 0.424219 0.187500 0.089063 0.211111
1 0.485938 0.786806 0.089063 0.209722
1 0.518359 0.206944 0.116406 0.225000
1 0.501563 0.500000 0.079687 0.202778
1 0.600000 0.706250 0.126562 0.193056
1 0.639062 0.874306 0.126562 0.201389
1 0.642578 0.123611 0.091406 0.213889
1 0.668359 0.462500 0.105469 0.222222
1 0.763281 0.717361 0.114062 0.137500
1 0.769141 0.297917 0.097656 0.218056
1 0.790625 0.511806 0.123438 0.179167
4 0.246875 0.270833 0.110937 0.222222
4 0.261719 0.755556 0.110937 0.222222
4 0.332422 0.320139 0.121094 0.220833
4 0.376563 0.817361 0.121875 0.218056
4 0.642578 0.123611 0.091406 0.213889
5 0.250000 0.493750 0.118750 0.223611
5 0.369922 0.518750 0.085156 0.206944
5 0.424219 0.187500 0.089063 0.211111
5 0.518359 0.206944 0.116406 0.225000
5 0.769141 0.297917 0.097656 0.218056
6 0.668359 0.462500 0.105469 0.222222
6 0.763281 0.717361 0.114062 0.137500
7 0.485938 0.786806 0.089063 0.209722
7 0.501563 0.500000 0.079687 0.202778
7 0.600000 0.706250 0.126562 0.193056
7 0.639062 0.874306 0.126562 0.201389
7 0.790625 0.511806 0.123438 0.179167
8 0.250000 0.493750 0.118750 0.223611
10 0.639062 0.874306 0.126562 0.201389
10 0.642578 0.123611 0.091406 0.213889
10 0.763281 0.717361 0.114062 0.137500
11 0.376563 0.817361 0.121875 0.218056
11 0.424219 0.187500 0.089063 0.211111
12 0.769141 0.297917 0.097656 0.218056
13 0.668359 0.462500 0.105469 0.222222
15 0.518359 0.206944 0.116406 0.225000
15 0.790625 0.511806 0.123438 0.179167
16 0.246875 0.270833 0.110937 0.222222
16 0.485938 0.786806 0.089063 0.209722
17 0.261719 0.755556 0.110937 0.222222
17 0.600000 0.706250 0.126562 0.193056
19 0.332422 0.320139 0.121094 0.220833
19 0.369922 0.518750 0.085156 0.206944
19 0.501563 0.500000 0.079687 0.202778
