0 0.212891 0.436806 0.110156 0.131944
0 0.256641 0.231944 0.124219 0.183333
0 0.275000 0.720833 0.114062 0.141667
0 0.362891 0.471528 0.124219 0.181944
0 0.379297 0.289583 0.125781 0.206944
0 0.425000 0.778472 0.117188 0.220833
0 0.497656 0.143056 0.123438 0.219444
0 0.498828 0.436806 0.124219 0.181944
0 0.498047 0.588194 0.121094 0.159722
0 0.560937 0.830556 0.112500 0.133333
0 0.589453 0.289583 0.121094 0.223611
0 0.653906 0.531944 0.123438 0.183333
0 0.664844 0.084722 0.123438 0.166667
0 0.683594 0.847917 0.125000 0.218056
0 0.764453 0.233333 0.124219 0.219444
0 0.764844 0.595139 0.110937 0.126389
0 0.775781 0.393750 0.128125 0.201389
1 0.212891 0.436806 0.110156 0.131944
1 0.256641 0.231944 0.124219 0.183333
1 0.275000 0.720833 0.114062 0.141667
1 0.362891 0.471528 0.124219 0.181944
1 0.379297 0.289583 0.125781 0.206944
1 0.425000 0.778472 0.117188 0.220833
1 0.497656 0.143056 0.123438 0.219444
1 0.498828 0.436806 0.124219 0.181944
1 0.498047 0.588194 0.121094 0.159722
1 0.560937 0.830556 0.112500 0.133333
1 0.589453 0.289583 0.121094 0.223611
1 0.653906 0.531944 0.123438 0.183333
1 0.664844 0.084722 0.123438 0.166667
1 0.683594 0.847917 0.125000 0.218056
1 0.764453 0.233333 0.124219 0.219444
1 0.764844 0.595139 0.110937 0.126389
1 0.775781 0.393750 0.128125 0.201389
4 0.256641 0.231944 0.124219 0.183333
4 0.362891 0.471528 0.124219 0.181944
4 0.497656 0.143056 0.123438 0.219444
4 0.653906 0.531944 0.123438 0.183333
4 0.764844 0.595139 0.110937 0.126389
5 0.275000 0.720833 0.114062 0.141667
5 0.775781 0.393750 0.128125 0.201389
6 0.212891 0.436806 0.110156 0.131944
6 0.379297 0.289583 0.125781 0.206944
6 0.498828 0.436806 0.124219 0.181944
6 0.498047 0.588194 0.121094 0.159722
6 0.560937 0.830556 0.112500 0.133333
6 0.764453 0.233333 0.124219 0.219444
7 0.425000 0.778472 0.117188 0.220833
7 0.589453 0.289583 0.121094 0.223611
7 0.664844 0.084722 0.123438 0.166667
7 0.683594 0.847917 0.125000 0.218056
8 0.589453 0.289583 0.121094 0.223611
8 0.653906 0.531944 0.123438 0.183333
9 0.497656 0.143056 0.123438 0.219444
10 0.775781 0.393750 0.128125 0.201389
11 0.664844 0.084722 0.123438 0.166667
12 0.683594 0.847917 0.125000 0.218056
13 0.275000 0.720833 0.114062 0.141667
14 0.425000 0.778472 0.117188 0.220833
14 0.498047 0.588194 0.121094 0.159722
14 0.764844 0.595139 0.110937 0.126389
15 0.362891 0.471528 0.124219 0.181944
15 0.379297 0.289583 0.125781 0.206944
16 0.764453 0.233333 0.124219 0.219444
17 0.498828 0.436806 0.124219 0.181944
18 0.212891 0.436806 0.110156 0.131944
18 0.256641 0.231944 0.124219 0.183333
19 0.560937 0.830556 0.112500 0.133333
