0 0.248047 0.136806 0.113281 0.223611
0 0.257422 0.463889 0.125781 0.200000
0 0.311719 0.308333 0.117188 0.225000
0 0.323828 0.680556 0.124219 0.211111
0 0.371484 0.147222 0.125781 0.211111
0 0.421094 0.532639 0.121875 0.220833
0 0.480469 0.859028 0.125000 0.212500
0 0.502344 0.400000 0.120313 0.161111
0 0.535937 0.192361 0.117188 0.148611
0 0.560547 0.679167 0.114844 0.147222
0 0.627734 0.511806 0.121094 0.162500
0 0.658984 0.144444 0.125781 0.219444
0 0.673438 0.679861 0.110937 0.129167
0 0.753125 0.437500 0.110937 0.130556
0 0.778906 0.228472 0.117188 0.148611
0 0.825781 0.791667 0.126562 0.202778
0 0.823828 0.545833 0.119531 0.147222
1 0.248047 0.136806 0.113281 0.223611
1 0.257422 0.463889 0.125781 0.200000
1 0.311719 0.308333 0.117188 0.225000
1 0.323828 0.680556 0.124219 0.211111
1 0.371484 0.147222 0.125781 0.211111
1 0.421094 0.532639 0.121875 0.220833
1 0.480469 0.859028 0.125000 0.212500
1 0.502344 0.400000 0.120313 0.161111
1 0.535937 0.192361 0.117188 0.148611
1 0.560547 0.679167 0.114844 0.147222
1 0.627734 0.511806 0.121094 0.162500
1 0.658984 0.144444 0.125781 0.219444
1 0.673438 0.679861 0.110937 0.129167
1 0.753125 0.437500 0.110937 0.130556
1 0.778906 0.228472 0.117188 0.148611
1 0.825781 0.791667 0.126562 0.202778
1 0.823828 0.545833 0.119531 0.147222
4 0.673438 0.679861 0.110937 0.129167
4 0.753125 0.437500 0.110937 0.130556
4 0.825781 0.791667 0.126562 0.202778
5 0.257422 0.463889 0.125781 0.200000
5 0.311719 0.308333 0.117188 0.225000
5 0.371484 0.147222 0.125781 0.211111
5 0.502344 0.400000 0.120313 0.161111
5 0.535937 0.192361 0.117188 0.148611
5 0.778906 0.228472 0.117188 0.148611
6 0.421094 0.532639 0.121875 0.220833
6 0.560547 0.679167 0.114844 0.147222
6 0.658984 0.144444 0.125781 0.219444
7 0.248047 0.136806 0.113281 0.223611
7 0.323828 0.680556 0.124219 0.211111
7 0.480469 0.859028 0.125000 0.212500
7 0.627734 0.511806 0.121094 0.162500
7 0.823828 0.545833 0.119531 0.147222
8 0.560547 0.679167 0.114844 0.147222
9 0.311719 0.308333 0.117188 0.225000
9 0.627734 0.511806 0.121094 0.162500
9 0.658984 0.144444 0.125781 0.219444
12 0.421094 0.532639 0.121875 0.220833
12 0.753125 0.437500 0.110937 0.130556
13 0.673438 0.679861 0.110937 0.129167
13 0.823828 0.545833 0.119531 0.147222
14 0.502344 0.400000 0.120313 0.161111
16 0.257422 0.463889 0.125781 0.200000
17 0.323828 0.680556 0.124219 0.211111
17 0.535937 0.192361 0.117188 0.148611
18 0.371484 0.147222 0.125781 0.211111
18 0.480469 0.859028 0.125000 0.212500
19 0.248047 0.136806 0.113281 0.223611
19 0.778906 0.228472 0.117188 0.148611
19 0.825781 0.791667 0.126562 0.202778
