0 0.240234 0.779167 0.124219 0.202778
0 0.241016 0.256250 0.110156 0.223611
0 0.265234 0.488194 0.119531 0.165278
0 0.328125 0.097917 0.098437 0.193056
0 0.350391 0.347222 0.122656 0.216667
0 0.354687 0.690278 0.109375 0.219444
0 0.430078 0.542361 0.125781 0.206944
0 0.438672 0.204167 0.125781 0.202778
0 0.501172 0.836806 0.125781 0.212500
0 0.547266 0.140278 0.124219 0.180556
0 0.548828 0.556944 0.117969 0.225000
0 0.579297 0.327778 0.125781 0.211111
0 0.635156 0.610417 0.117188 0.148611
0 0.663281 0.788889 0.125000 0.188889
0 0.707422 0.190278 0.119531 0.225000
0 0.732422 0.468750 0.111719 0.131944
0 0.784375 0.250000 0.123438 0.219444
0 0.793750 0.655556 0.125000 0.177778
1 0.240234 0.779167 0.124219 0.202778
1 0.241016 0.256250 0.110156 0.223611
1 0.265234 0.488194 0.119531 0.165278
1 0.328125 0.097917 0.098437 0.193056
1 0.350391 0.347222 0.122656 0.216667
1 0.354687 0.690278 0.109375 0.219444
1 0.430078 0.542361 0.125781 0.206944
1 0.438672 0.204167 0.125781 0.202778
1 0.501172 0.836806 0.125781 0.212500
1 0.547266 0.140278 0.124219 0.180556
1 0.548828 0.556944 0.117969 0.225000
1 0.579297 0.327778 0.125781 0.211111
1 0.635156 0.610417 0.117188 0.148611
1 0.663281 0.788889 0.125000 0.188889
1 0.707422 0.190278 0.119531 0.225000
1 0.732422 0.468750 0.111719 0.131944
1 0.784375 0.250000 0.123438 0.219444
1 0.793750 0.655556 0.125000 0.177778
4 0.430078 0.542361 0.125781 0.206944
4 0.438672 0.204167 0.125781 0.202778
4 0.707422 0.190278 0.119531 0.225000
5 0.328125 0.097917 0.098437 0.193056
5 0.354687 0.690278 0.109375 0.219444
5 0.547266 0.140278 0.124219 0.180556
5 0.548828 0.556944 0.117969 0.225000
5 0.732422 0.468750 0.111719 0.131944
5 0.793750 0.655556 0.125000 0.177778
6 0.240234 0.779167 0.124219 0.202778
6 0.265234 0.488194 0.119531 0.165278
6 0.350391 0.347222 0.122656 0.216667
6 0.579297 0.327778 0.125781 0.211111
6 0.663281 0.788889 0.125000 0.188889
7 0.241016 0.256250 0.110156 0.223611
7 0.501172 0.836806 0.125781 0.212500
7 0.635156 0.610417 0.117188 0.148611
7 0.784375 0.250000 0.123438 0.219444
9 0.328125 0.097917 0.098437 0.193056
10 0.265234 0.488194 0.119531 0.165278
12 0.350391 0.347222 0.122656 0.216667
12 0.438672 0.204167 0.125781 0.202778
12 0.732422 0.468750 0.111719 0.131944
13 0.501172 0.836806 0.125781 0.212500
14 0.241016 0.256250 0.110156 0.223611
14 0.548828 0.556944 0.117969 0.225000
14 0.579297 0.327778 0.125781 0.211111
14 0.707422 0.190278 0.119531 0.225000
15 0.240234 0.779167 0.124219 0.202778
16 0.663281 0.788889 0.125000 0.188889
17 0.784375 0.250000 0.123438 0.219444
17 0.793750 0.655556 0.125000 0.177778
18 0.354687 0.690278 0.109375 0.219444
19 0.430078 0.542361 0.125781 0.206944
19 0.547266 0.140278 0.124219 0.180556
19 0.635156 0.610417 0.117188 0.148611
