0 0.217578 0.690972 0.077344 0.201389
0 0.274219 0.559028 0.112500 0.220833
0 0.307031 0.128472 0.125000 0.212500
0 0.287891 0.340972 0.080469 0.201389
0 0.351562 0.879167 0.126562 0.202778
0 0.353516 0.494444 0.122656 0.172222
0 0.418750 0.681944 0.095312 0.213889
0 0.430859 0.236806 0.117969 0.223611
0 0.504687 0.895139 0.120313 0.159722
0 0.533203 0.237500 0.111719 0.225000
0 0.540625 0.645833 0.121875 0.216667
0 0.582422 0.448611 0.091406 0.213889
0 0.658984 0.152778 0.127344 0.213889
0 0.680469 0.613194 0.100000 0.218056
0 0.698047 0.847222 0.117969 0.152778
0 0.761328 0.256944 0.078906 0.200000
0 0.781250 0.540278 0.073438 0.197222
0 0.864844 0.675000 0.121875 0.163889
1 0.217578 0.690972 0.077344 0.201389
1 0.274219 0.559028 0.112500 0.220833
1 0.307031 0.128472 0.125000 0.212500
1 0.287891 0.340972 0.080469 0.201389
1 0.351562 0.879167 0.126562 0.202778
1 0.353516 0.494444 0.122656 0.172222
1 0.418750 0.681944 0.095312 0.213889
1 0.430859 0.236806 0.117969 0.223611
1 0.504687 0.895139 0.120313 0.159722
1 0.533203 0.237500 0.111719 0.225000
1 0.540625 0.645833 0.121875 0.216667
1 0.582422 0.448611 0.091406 0.213889
1 0.658984 0.152778 0.127344 0.213889
1 0.680469 0.613194 0.100000 0.218056
1 0.698047 0.847222 0.117969 0.152778
1 0.761328 0.256944 0.078906 0.200000
1 0.781250 0.540278 0.073438 0.197222
1 0.864844 0.675000 0.121875 0.163889
4 0.533203 0.237500 0.111719 0.225000
4 0.761328 0.256944 0.078906 0.200000
4 0.781250 0.540278 0.073438 0.197222
4 0.864844 0.675000 0.121875 0.163889
5 0.658984 0.152778 0.127344 0.213889
5 0.680469 0.613194 0.100000 0.218056
6 0.274219 0.559028 0.112500 0.220833
6 0.307031 0.128472 0.125000 0.212500
6 0.287891 0.340972 0.080469 0.201389
6 0.351562 0.879167 0.126562 0.202778
7 0.217578 0.690972 0.077344 0.201389
7 0.353516 0.494444 0.122656 0.172222
7 0.418750 0.681944 0.095312 0.213889
7 0.430859 0.236806 0.117969 0.223611
7 0.504687 0.895139 0.120313 0.159722
7 0.540625 0.645833 0.121875 0.216667
7 0.582422 0.448611 0.091406 0.213889
7 0.698047 0.847222 0.117969 0.152778
8 0.582422 0.448611 0.091406 0.213889
9 0.353516 0.494444 0.122656 0.172222
10 0.274219 0.559028 0.112500 0.220833
10 0.418750 0.681944 0.095312 0.213889
11 0.781250 0.540278 0.073438 0.197222
12 0.307031 0.128472 0.125000 0.212500
12 0.698047 0.847222 0.117969 0.152778
13 0.540625 0.645833 0.121875 0.216667
13 0.864844 0.675000 0.121875 0.163889
15 0.351562 0.879167 0.126562 0.202778
15 0.504687 0.895139 0.120313 0.159722
15 0.680469 0.613194 0.100000 0.218056
16 0.533203 0.237500 0.111719 0.225000
16 0.658984 0.152778 0.127344 0.213889
17 0.287891 0.340972 0.080469 0.201389
18 0.430859 0.236806 0.117969 0.223611
18 0.761328 0.256944 0.078906 0.200000
19 0.217578 0.690972 0.077344 0.201389
