0 0.189844 0.627778 0.095312 0.216667
0 0.252734 0.186806 0.094531 0.215278
0 0.270703 0.415972 0.125781 0.206944
0 0.312500 0.688194 0.110937 0.129167
0 0.325000 0.888194 0.120313 0.165278
0 0.365625 0.166667 0.090625 0.213889
0 0.435937 0.704861 0.125000 0.212500
0 0.447656 0.223611 0.118750 0.225000
0 0.490625 0.433333 0.110937 0.130556
0 0.555859 0.903472 0.122656 0.173611
0 0.588672 0.600694 0.119531 0.220833
0 0.590234 0.206944 0.116406 0.225000
0 0.668750 0.763194 0.125000 0.218056
0 0.698828 0.504861 0.099219 0.218056
0 0.714063 0.188889 0.114062 0.225000
0 0.807422 0.643056 0.122656 0.222222
0 0.828125 0.306944 0.121875 0.222222
1 0.189844 0.627778 0.095312 0.216667
1 0.252734 0.186806 0.094531 0.215278
1 0.270703 0.415972 0.125781 0.206944
1 0.312500 0.688194 0.110937 0.129167
1 0.325000 0.888194 0.120313 0.165278
1 0.365625 0.166667 0.090625 0.213889
1 0.435937 0.704861 0.125000 0.212500
1 0.447656 0.223611 0.118750 0.225000
1 0.490625 0.433333 0.110937 0.130556
1 0.555859 0.903472 0.122656 0.173611
1 0.588672 0.600694 0.119531 0.220833
1 0.590234 0.206944 0.116406 0.225000
1 0.668750 0.763194 0.125000 0.218056
1 0.698828 0.504861 0.099219 0.218056
1 0.714063 0.188889 0.114062 0.225000
1 0.807422 0.643056 0.122656 0.222222
1 0.828125 0.306944 0.121875 0.222222
4 0.252734 0.186806 0.094531 0.215278
4 0.312500 0.688194 0.110937 0.129167
4 0.325000 0.888194 0.120313 0.165278
4 0.668750 0.763194 0.125000 0.218056
4 0.714063 0.188889 0.114062 0.225000
5 0.555859 0.903472 0.122656 0.173611
5 0.698828 0.504861 0.099219 0.218056
5 0.828125 0.306944 0.121875 0.222222
6 0.270703 0.415972 0.125781 0.206944
6 0.365625 0.166667 0.090625 0.213889
6 0.435937 0.704861 0.125000 0.212500
6 0.447656 0.223611 0.118750 0.225000
6 0.490625 0.433333 0.110937 0.130556
6 0.588672 0.600694 0.119531 0.220833
6 0.590234 0.206944 0.116406 0.225000
7 0.189844 0.627778 0.095312 0.216667
7 0.807422 0.643056 0.122656 0.222222
8 0.270703 0.415972 0.125781 0.206944
8 0.555859 0.903472 0.122656 0.173611
9 0.312500 0.688194 0.110937 0.129167
9 0.365625 0.166667 0.090625 0.213889
10 0.714063 0.188889 0.114062 0.225000
11 0.189844 0.627778 0.095312 0.216667
11 0.490625 0.433333 0.110937 0.130556
11 0.828125 0.306944 0.121875 0.222222
13 0.435937 0.704861 0.125000 0.212500
13 0.698828 0.504861 0.099219 0.218056
14 0.447656 0.223611 0.118750 0.225000
15 0.252734 0.186806 0.094531 0.215278
16 0.807422 0.643056 0.122656 0.222222
17 0.668750 0.763194 0.125000 0.218056
18 0.588672 0.600694 0.119531 0.220833
19 0.325000 0.888194 0.120313 0.165278
19 0.590234 0.206944 0.116406 0.225000
