0 0.202344 0.664583 0.121875 0.218056
0 0.230078 0.277778 0.107031 0.222222
0 0.310547 0.861806 0.119531 0.220833
0 0.322266 0.545833 0.113281 0.222222
0 0.335156 0.104861 0.104688 0.206944
0 0.381250 0.339583 0.125000 0.187500
0 0.482812 0.674306 0.123438 0.218056
0 0.495703 0.177083 0.121094 0.168056
0 0.544531 0.921528 0.121875 0.156944
0 0.547656 0.436806 0.109375 0.223611
0 0.592969 0.621528 0.085938 0.206944
0 0.621484 0.150694 0.122656 0.170833
0 0.690625 0.545139 0.109375 0.223611
0 0.713672 0.819444 0.116406 0.147222
0 0.728516 0.316667 0.116406 0.147222
0 0.768750 0.084028 0.121875 0.162500
0 0.805859 0.622917 0.127344 0.184722
1 0.202344 0.664583 0.121875 0.218056
1 0.230078 0.277778 0.107031 0.222222
1 0.310547 0.861806 0.119531 0.220833
1 0.322266 0.545833 0.113281 0.222222
1 0.335156 0.104861 0.104688 0.206944
1 0.381250 0.339583 0.125000 0.187500
1 0.482812 0.674306 0.123438 0.218056
1 0.495703 0.177083 0.121094 0.168056
1 0.544531 0.921528 0.121875 0.156944
1 0.547656 0.436806 0.109375 0.223611
1 0.592969 0.621528 0.085938 0.206944
1 0.621484 0.150694 0.122656 0.170833
1 0.690625 0.545139 0.109375 0.223611
1 0.713672 0.819444 0.116406 0.147222
1 0.728516 0.316667 0.116406 0.147222
1 0.768750 0.084028 0.121875 0.162500
1 0.805859 0.622917 0.127344 0.184722
4 0.202344 0.664583 0.121875 0.218056
4 0.495703 0.177083 0.121094 0.168056
4 0.547656 0.436806 0.109375 0.223611
5 0.335156 0.104861 0.104688 0.206944
5 0.381250 0.339583 0.125000 0.187500
5 0.768750 0.084028 0.121875 0.162500
6 0.230078 0.277778 0.107031 0.222222
6 0.482812 0.674306 0.123438 0.218056
6 0.592969 0.621528 0.085938 0.206944
6 0.690625 0.545139 0.109375 0.223611
6 0.713672 0.819444 0.116406 0.147222
6 0.805859 0.622917 0.127344 0.184722
7 0.310547 0.861806 0.119531 0.220833
7 0.322266 0.545833 0.113281 0.222222
7 0.544531 0.921528 0.121875 0.156944
7 0.621484 0.150694 0.122656 0.170833
7 0.728516 0.316667 0.116406 0.147222
8 0.322266 0.545833 0.113281 0.222222
8 0.381250 0.339583 0.125000 0.187500
9 0.547656 0.436806 0.109375 0.223611
10 0.202344 0.664583 0.121875 0.218056
10 0.621484 0.150694 0.122656 0.170833
11 0.335156 0.104861 0.104688 0.206944
11 0.544531 0.921528 0.121875 0.156944
12 0.592969 0.621528 0.085938 0.206944
13 0.713672 0.819444 0.116406 0.147222
13 0.768750 0.084028 0.121875 0.162500
14 0.805859 0.622917 0.127344 0.184722
15 0.230078 0.277778 0.107031 0.222222
17 0.482812 0.674306 0.123438 0.218056
18 0.495703 0.177083 0.121094 0.168056
18 0.728516 0.316667 0.116406 0.147222
19 0.310547 0.861806 0.119531 0.220833
19 0.690625 0.545139 0.109375 0.223611
