0 0.214062 0.563194 0.117188 0.220833
0 0.258594 0.204167 0.093750 0.213889
0 0.333203 0.855556 0.110156 0.222222
0 0.357031 0.223611 0.126562 0.208333
0 0.361719 0.577083 0.092188 0.212500
0 0.434375 0.360417 0.087500 0.209722
0 0.454297 0.090972 0.124219 0.179167
0 0.464062 0.681250 0.123438 0.181944
0 0.542188 0.855556 0.109375 0.219444
0 0.553906 0.209722 0.090625 0.213889
0 0.594531 0.577778 0.123438 0.175000
0 0.664453 0.786111 0.080469 0.200000
0 0.674219 0.192361 0.087500 0.212500
0 0.722656 0.473611 0.121875 0.163889
0 0.765234 0.647917 0.124219 0.218056
0 0.769922 0.180556 0.085156 0.211111
0 0.870313 0.431944 0.126562 0.213889
1 0.214062 0.563194 0.117188 0.220833
1 0.258594 0.204167 0.093750 0.213889
1 0.333203 0.855556 0.110156 0.222222
1 0.357031 0.223611 0.126562 0.208333
1 0.361719 0.577083 0.092188 0.212500
1 0.434375 0.360417 0.087500 0.209722
1 0.454297 0.090972 0.124219 0.179167
1 0.464062 0.681250 0.123438 0.181944
1 0.542188 0.855556 0.109375 0.219444
1 0.553906 0.209722 0.090625 0.213889
1 0.594531 0.577778 0.123438 0.175000
1 0.664453 0.786111 0.080469 0.200000
1 0.674219 0.192361 0.087500 0.212500
1 0.722656 0.473611 0.121875 0.163889
1 0.765234 0.647917 0.124219 0.218056
1 0.769922 0.180556 0.085156 0.211111
1 0.870313 0.431944 0.126562 0.213889
4 0.214062 0.563194 0.117188 0.220833
4 0.258594 0.204167 0.093750 0.213889
4 0.664453 0.786111 0.080469 0.200000
4 0.769922 0.180556 0.085156 0.211111
5 0.333203 0.855556 0.110156 0.222222
5 0.357031 0.223611 0.126562 0.208333
5 0.464062 0.681250 0.123438 0.181944
5 0.542188 0.855556 0.109375 0.219444
5 0.674219 0.192361 0.087500 0.212500
6 0.361719 0.577083 0.092188 0.212500
6 0.722656 0.473611 0.121875 0.163889
6 0.765234 0.647917 0.124219 0.218056
6 0.870313 0.431944 0.126562 0.213889
7 0.434375 0.360417 0.087500 0.209722
7 0.454297 0.090972 0.124219 0.179167
7 0.553906 0.209722 0.090625 0.213889
7 0.594531 0.577778 0.123438 0.175000
8 0.722656 0.473611 0.121875 0.163889
9 0.357031 0.223611 0.126562 0.208333
9 0.870313 0.431944 0.126562 0.213889
10 0.361719 0.577083 0.092188 0.212500
10 0.542188 0.855556 0.109375 0.219444
11 0.258594 0.204167 0.093750 0.213889
12 0.454297 0.090972 0.124219 0.179167
12 0.464062 0.681250 0.123438 0.181944
12 0.664453 0.786111 0.080469 0.200000
15 0.553906 0.209722 0.090625 0.213889
15 0.769922 0.180556 0.085156 0.211111
16 0.214062 0.563194 0.117188 0.220833
16 0.434375 0.360417 0.087500 0.209722
16 0.765234 0.647917 0.124219 0.218056
17 0.594531 0.577778 0.123438 0.175000
18 0.333203 0.855556 0.110156 0.222222
19 0.674219 0.192361 0.087500 0.212500
