0 0.244922 0.520833 0.121094 0.219444
0 0.242578 0.279167 0.113281 0.222222
0 0.295703 0.676389 0.124219 0.194444
0 0.294922 0.100000 0.080469 0.197222
0 0.340234 0.809722 0.111719 0.136111
0 0.369531 0.350000 0.106250 0.222222
0 0.443359 0.583333 0.074219 0.194444
0 0.486328 0.145139 0.122656 0.220833
0 0.501953 0.321528 0.114844 0.223611
0 0.521484 0.877778 0.125781 0.200000
0 0.522656 0.713194 0.123438 0.212500
0 0.604297 0.449306 0.119531 0.223611
0 0.630078 0.100694 0.091406 0.198611
0 0.671875 0.781250 0.110937 0.123611
0 0.750781 0.206250 0.123438 0.220833
0 0.747656 0.478472 0.075000 0.195833
0 0.827734 0.725000 0.124219 0.219444
0 0.873828 0.336806 0.111719 0.123611
1 0.244922 0.520833 0.121094 0.219444
1 0.242578 0.279167 0.113281 0.222222
1 0.295703 0.676389 0.124219 0.194444
1 0.294922 0.100000 0.080469 0.197222
1 0.340234 0.809722 0.111719 0.136111
1 0.369531 0.350000 0.106250 0.222222
1 0.443359 0.583333 0.074219 0.194444
1 0.486328 0.145139 0.122656 0.220833
1 0.501953 0.321528 0.114844 0.223611
1 0.521484 0.877778 0.125781 0.200000
1 0.522656 0.713194 0.123438 0.212500
1 0.604297 0.449306 0.119531 0.223611
1 0.630078 0.100694 0.091406 0.198611
1 0.671875 0.781250 0.110937 0.123611
1 0.750781 0.206250 0.123438 0.220833
1 0.747656 0.478472 0.075000 0.195833
1 0.827734 0.725000 0.124219 0.219444
1 0.873828 0.336806 0.111719 0.123611
4 0.443359 0.583333 0.074219 0.194444
4 0.521484 0.877778 0.125781 0.200000
4 0.671875 0.781250 0.110937 0.123611
5 0.295703 0.676389 0.124219 0.194444
5 0.501953 0.321528 0.114844 0.223611
5 0.827734 0.725000 0.124219 0.219444
6 0.244922 0.520833 0.121094 0.219444
6 0.242578 0.279167 0.113281 0.222222
6 0.340234 0.809722 0.111719 0.136111
6 0.369531 0.350000 0.106250 0.222222
6 0.486328 0.145139 0.122656 0.220833
6 0.522656 0.713194 0.123438 0.212500
6 0.604297 0.449306 0.119531 0.223611
6 0.630078 0.100694 0.091406 0.198611
7 0.294922 0.100000 0.080469 0.197222
7 0.750781 0.206250 0.123438 0.220833
7 0.747656 0.478472 0.075000 0.195833
7 0.873828 0.336806 0.111719 0.123611
8 0.294922 0.100000 0.080469 0.197222
8 0.501953 0.321528 0.114844 0.223611
8 0.630078 0.100694 0.091406 0.198611
9 0.671875 0.781250 0.110937 0.123611
10 0.242578 0.279167 0.113281 0.222222
10 0.873828 0.336806 0.111719 0.123611
11 0.750781 0.206250 0.123438 0.220833
11 0.827734 0.725000 0.124219 0.219444
12 0.486328 0.145139 0.122656 0.220833
12 0.521484 0.877778 0.125781 0.200000
13 0.340234 0.809722 0.111719 0.136111
14 0.522656 0.713194 0.123438 0.212500
15 0.604297 0.449306 0.119531 0.223611
17 0.244922 0.520833 0.121094 0.219444
18 0.295703 0.676389 0.124219 0.194444
18 0.443359 0.583333 0.074219 0.194444
19 0.369531 0.350000 0.106250 0.222222
19 0.747656 0.478472 0.075000 0.195833
