0 0.254297 0.322917 0.107031 0.220833
0 0.266406 0.559028 0.115625 0.223611
0 0.298438 0.105556 0.104688 0.208333
0 0.322656 0.719444 0.123438 0.216667
0 0.364453 0.347917 0.094531 0.215278
0 0.428906 0.086806 0.126562 0.170833
0 0.453906 0.829167 0.101562 0.222222
0 0.446875 0.470139 0.087500 0.209722
0 0.509375 0.248611 0.075000 0.197222
0 0.535937 0.488889 0.118750 0.225000
0 0.521094 0.863194 0.081250 0.201389
0 0.654297 0.728472 0.116406 0.220833
0 0.651563 0.129861 0.087500 0.212500
0 0.695312 0.429167 0.125000 0.219444
0 0.751563 0.568750 0.098437 0.218056
0 0.793359 0.123611 0.119531 0.227778
0 0.827734 0.652083 0.086719 0.206944
1 0.254297 0.322917 0.107031 0.220833
1 0.266406 0.559028 0.115625 0.223611
1 0.298438 0.105556 0.104688 0.208333
1 0.322656 0.719444 0.123438 0.216667
1 0.364453 0.347917 0.094531 0.215278
1 0.428906 0.086806 0.126562 0.170833
1 0.453906 0.829167 0.101562 0.222222
1 0.446875 0.470139 0.087500 0.209722
1 0.509375 0.248611 0.075000 0.197222
1 0.535937 0.488889 0.118750 0.225000
1 0.521094 0.863194 0.081250 0.201389
1 0.654297 0.728472 0.116406 0.220833
1 0.651563 0.129861 0.087500 0.212500
1 0.695312 0.429167 0.125000 0.219444
1 0.751563 0.568750 0.098437 0.218056
1 0.793359 0.123611 0.119531 0.227778
1 0.827734 0.652083 0.086719 0.206944
4 0.322656 0.719444 0.123438 0.216667
4 0.428906 0.086806 0.126562 0.170833
4 0.446875 0.470139 0.087500 0.209722
4 0.521094 0.863194 0.081250 0.201389
4 0.751563 0.568750 0.098437 0.218056
5 0.254297 0.322917 0.107031 0.220833
5 0.266406 0.559028 0.115625 0.223611
5 0.535937 0.488889 0.118750 0.225000
5 0.695312 0.429167 0.125000 0.219444
5 0.793359 0.123611 0.119531 0.227778
5 0.827734 0.652083 0.086719 0.206944
6 0.364453 0.347917 0.094531 0.215278
6 0.651563 0.129861 0.087500 0.212500
7 0.298438 0.105556 0.104688 0.208333
7 0.453906 0.829167 0.101562 0.222222
7 0.509375 0.248611 0.075000 0.197222
7 0.654297 0.728472 0.116406 0.220833
8 0.751563 0.568750 0.098437 0.218056
9 0.364453 0.347917 0.094531 0.215278
9 0.827734 0.652083 0.086719 0.206944
10 0.535937 0.488889 0.118750 0.225000
11 0.322656 0.719444 0.123438 0.216667
12 0.654297 0.728472 0.116406 0.220833
12 0.695312 0.429167 0.125000 0.219444
15 0.298438 0.105556 0.104688 0.208333
15 0.521094 0.863194 0.081250 0.201389
16 0.266406 0.559028 0.115625 0.223611
16 0.453906 0.829167 0.101562 0.222222
16 0.446875 0.470139 0.087500 0.209722
16 0.651563 0.129861 0.087500 0.212500
17 0.254297 0.322917 0.107031 0.220833
17 0.509375 0.248611 0.075000 0.197222
19 0.428906 0.086806 0.126562 0.170833
19 0.793359 0.123611 0.119531 0.227778
