0 0.263672 0.394444 0.099219 0.219444
0 0.282422 0.690278 0.103906 0.219444
0 0.331641 0.109028 0.110156 0.215278
0 0.385156 0.404167 0.082812 0.205556
0 0.419922 0.813889 0.114844 0.222222
0 0.494531 0.231944 0.098437 0.219444
0 0.510156 0.533333 0.114062 0.222222
0 0.578906 0.700694 0.120313 0.220833
0 0.651953 0.304167 0.083594 0.205556
0 0.684766 0.788194 0.121094 0.220833
0 0.699609 0.085417 0.100781 0.168056
0 0.748047 0.500000 0.100781 0.219444
0 0.837891 0.677778 0.119531 0.222222
0 0.835547 0.281250 0.113281 0.226389
1 0.263672 0.394444 0.099219 0.219444
1 0.282422 0.690278 0.103906 0.219444
1 0.331641 0.109028 0.110156 0.215278
1 0.385156 0.404167 0.082812 0.205556
1 0.419922 0.813889 0.114844 0.222222
1 0.494531 0.231944 0.098437 0.219444
1 0.510156 0.533333 0.114062 0.222222
1 0.578906 0.700694 0.120313 0.220833
1 0.651953 0.304167 0.083594 0.205556
1 0.684766 0.788194 0.121094 0.220833
1 0.699609 0.085417 0.100781 0.168056
1 0.748047 0.500000 0.100781 0.219444
1 0.837891 0.677778 0.119531 0.222222
1 0.835547 0.281250 0.113281 0.226389
4 0.385156 0.404167 0.082812 0.205556
4 0.419922 0.813889 0.114844 0.222222
4 0.510156 0.533333 0.114062 0.222222
4 0.578906 0.700694 0.120313 0.220833
4 0.699609 0.085417 0.100781 0.168056
4 0.837891 0.677778 0.119531 0.222222
5 0.263672 0.394444 0.099219 0.219444
5 0.282422 0.690278 0.103906 0.219444
5 0.331641 0.109028 0.110156 0.215278
5 0.494531 0.231944 0.098437 0.219444
5 0.835547 0.281250 0.113281 0.226389
6 0.684766 0.788194 0.121094 0.220833
6 0.748047 0.500000 0.100781 0.219444
7 0.651953 0.304167 0.083594 0.205556
8 0.263672 0.394444 0.099219 0.219444
9 0.651953 0.304167 0.083594 0.205556
10 0.385156 0.404167 0.082812 0.205556
11 0.510156 0.533333 0.114062 0.222222
13 0.331641 0.109028 0.110156 0.215278
13 0.837891 0.677778 0.119531 0.222222
14 0.494531 0.231944 0.098437 0.219444
15 0.835547 0.281250 0.113281 0.226389
17 0.282422 0.690278 0.103906 0.219444
17 0.578906 0.700694 0.120313 0.220833
17 0.748047 0.500000 0.100781 0.219444
18 0.419922 0.813889 0.114844 0.222222
18 0.684766 0.788194 0.121094 0.220833
19 0.699609 0.085417 0.100781 0.168056
