0 0.244141 0.500694 0.082031 0.204167
0 0.276953 0.146528 0.100781 0.220833
0 0.312891 0.729861 0.075781 0.198611
0 0.410938 0.096528 0.125000 0.190278
0 0.426953 0.454861 0.114844 0.223611
0 0.418359 0.897222 0.074219 0.197222
0 0.510547 0.713889 0.072656 0.194444
0 0.523047 0.208333 0.080469 0.205556
0 0.557813 0.454167 0.118750 0.152778
0 0.632031 0.747222 0.125000 0.183333
0 0.670312 0.517361 0.115625 0.140278
0 0.670703 0.207639 0.086719 0.209722
0 0.822656 0.343056 0.120313 0.155556
0 0.823828 0.743750 0.122656 0.223611
1 0.244141 0.500694 0.082031 0.204167
1 0.276953 0.146528 0.100781 0.220833
1 0.312891 0.729861 0.075781 0.198611
1 0.410938 0.096528 0.125000 0.190278
1 0.426953 0.454861 0.114844 0.223611
1 0.418359 0.897222 0.074219 0.197222
1 0.510547 0.713889 0.072656 0.194444
1 0.523047 0.208333 0.080469 0.205556
1 0.557813 0.454167 0.118750 0.152778
1 0.632031 0.747222 0.125000 0.183333
1 0.670312 0.517361 0.115625 0.140278
1 0.670703 0.207639 0.086719 0.209722
1 0.822656 0.343056 0.120313 0.155556
1 0.823828 0.743750 0.122656 0.223611
4 0.276953 0.146528 0.100781 0.220833
4 0.418359 0.897222 0.074219 0.197222
4 0.632031 0.747222 0.125000 0.183333
4 0.670312 0.517361 0.115625 0.140278
4 0.822656 0.343056 0.120313 0.155556
5 0.244141 0.500694 0.082031 0.204167
5 0.510547 0.713889 0.072656 0.194444
5 0.523047 0.208333 0.080469 0.205556
5 0.557813 0.454167 0.118750 0.152778
5 0.670703 0.207639 0.086719 0.209722
6 0.312891 0.729861 0.075781 0.198611
6 0.410938 0.096528 0.125000 0.190278
6 0.426953 0.454861 0.114844 0.223611
7 0.823828 0.743750 0.122656 0.223611
8 0.312891 0.729861 0.075781 0.198611
8 0.510547 0.713889 0.072656 0.194444
9 0.823828 0.743750 0.122656 0.223611
10 0.670312 0.517361 0.115625 0.140278
11 0.410938 0.096528 0.125000 0.190278
11 0.822656 0.343056 0.120313 0.155556
13 0.632031 0.747222 0.125000 0.183333
13 0.670703 0.207639 0.086719 0.209722
14 0.523047 0.208333 0.080469 0.205556
15 0.244141 0.500694 0.082031 0.204167
17 0.557813 0.454167 0.118750 0.152778
18 0.426953 0.454861 0.114844 0.223611
18 0.418359 0.897222 0.074219 0.197222
19 0.276953 0.146528 0.100781 0.220833
