0 0.184766 0.406944 0.097656 0.216667
0 0.200781 0.816667 0.121875 0.183333
0 0.309766 0.585417 0.125781 0.206944
0 0.337891 0.236806 0.114844 0.145833
0 0.391406 0.806250 0.118750 0.220833
0 0.492969 0.341667 0.081250 0.202778
0 0.517188 0.593750 0.120313 0.162500
0 0.537109 0.109722 0.124219 0.186111
0 0.669922 0.818750 0.127344 0.201389
0 0.683594 0.503472 0.110937 0.223611
0 0.699609 0.189583 0.124219 0.220833
0 0.844531 0.360417 0.128125 0.201389
0 0.858984 0.577778 0.113281 0.225000
1 0.184766 0.406944 0.097656 0.216667
1 0.200781 0.816667 0.121875 0.183333
1 0.309766 0.585417 0.125781 0.206944
1 0.337891 0.236806 0.114844 0.145833
1 0.391406 0.806250 0.118750 0.220833
1 0.492969 0.341667 0.081250 0.202778
1 0.517188 0.593750 0.120313 0.162500
1 0.537109 0.109722 0.124219 0.186111
1 0.669922 0.818750 0.127344 0.201389
1 0.683594 0.503472 0.110937 0.223611
1 0.699609 0.189583 0.124219 0.220833
1 0.844531 0.360417 0.128125 0.201389
1 0.858984 0.577778 0.113281 0.225000
4 0.184766 0.406944 0.097656 0.216667
4 0.200781 0.816667 0.121875 0.183333
4 0.337891 0.236806 0.114844 0.145833
4 0.517188 0.593750 0.120313 0.162500
5 0.669922 0.818750 0.127344 0.201389
5 0.683594 0.503472 0.110937 0.223611
5 0.699609 0.189583 0.124219 0.220833
6 0.309766 0.585417 0.125781 0.206944
6 0.391406 0.806250 0.118750 0.220833
6 0.492969 0.341667 0.081250 0.202778
6 0.537109 0.109722 0.124219 0.186111
6 0.844531 0.360417 0.128125 0.201389
6 0.858984 0.577778 0.113281 0.225000
8 0.309766 0.585417 0.125781 0.206944
8 0.699609 0.189583 0.124219 0.220833
10 0.391406 0.806250 0.118750 0.220833
11 0.337891 0.236806 0.114844 0.145833
11 0.858984 0.577778 0.113281 0.225000
12 0.492969 0.341667 0.081250 0.202778
13 0.683594 0.503472 0.110937 0.223611
15 0.669922 0.818750 0.127344 0.201389
17 0.200781 0.816667 0.121875 0.183333
17 0.537109 0.109722 0.124219 0.186111
18 0.517188 0.593750 0.120313 0.162500
18 0.844531 0.360417 0.128125 0.201389
19 0.184766 0.406944 0.097656 0.216667
