0 0.127734 0.651389 0.121094 0.169444
0 0.241797 0.204167 0.122656 0.172222
0 0.245703 0.448611 0.119531 0.161111
0 0.298438 0.786111 0.120313 0.169444
0 0.408203 0.261111 0.125781 0.194444
0 0.452344 0.545139 0.125000 0.190278
0 0.489063 0.081944 0.095312 0.158333
0 0.549609 0.297222 0.125781 0.197222
0 0.549219 0.818750 0.121875 0.170833
0 0.657813 0.125000 0.093750 0.216667
0 0.700391 0.438889 0.125781 0.183333
0 0.724609 0.762500 0.119531 0.222222
0 0.738672 0.140972 0.089844 0.212500
0 0.827344 0.340972 0.096875 0.218056
0 0.844141 0.674306 0.111719 0.223611
1 0.127734 0.651389 0.121094 0.169444
1 0.241797 0.204167 0.122656 0.172222
1 0.245703 0.448611 0.119531 0.161111
1 0.298438 0.786111 0.120313 0.169444
1 0.408203 0.261111 0.125781 0.194444
1 0.452344 0.545139 0.125000 0.190278
1 0.489063 0.081944 0.095312 0.158333
1 0.549609 0.297222 0.125781 0.197222
1 0.549219 0.818750 0.121875 0.170833
1 0.657813 0.125000 0.093750 0.216667
1 0.700391 0.438889 0.125781 0.183333
1 0.724609 0.762500 0.119531 0.222222
1 0.738672 0.140972 0.089844 0.212500
1 0.827344 0.340972 0.096875 0.218056
1 0.844141 0.674306 0.111719 0.223611
4 0.245703 0.448611 0.119531 0.161111
4 0.298438 0.786111 0.120313 0.169444
4 0.827344 0.340972 0.096875 0.218056
4 0.844141 0.674306 0.111719 0.223611
5 0.408203 0.261111 0.125781 0.194444
5 0.452344 0.545139 0.125000 0.190278
5 0.549609 0.297222 0.125781 0.197222
5 0.549219 0.818750 0.121875 0.170833
5 0.724609 0.762500 0.119531 0.222222
6 0.489063 0.081944 0.095312 0.158333
6 0.657813 0.125000 0.093750 0.216667
6 0.700391 0.438889 0.125781 0.183333
7 0.127734 0.651389 0.121094 0.169444
7 0.241797 0.204167 0.122656 0.172222
7 0.738672 0.140972 0.089844 0.212500
8 0.549219 0.818750 0.121875 0.170833
9 0.452344 0.545139 0.125000 0.190278
11 0.827344 0.340972 0.096875 0.218056
12 0.489063 0.081944 0.095312 0.158333
13 0.127734 0.651389 0.121094 0.169444
13 0.549609 0.297222 0.125781 0.197222
15 0.724609 0.762500 0.119531 0.222222
16 0.298438 0.786111 0.120313 0.169444
16 0.738672 0.140972 0.089844 0.212500
17 0.241797 0.204167 0.122656 0.172222
17 0.245703 0.448611 0.119531 0.161111
17 0.657813 0.125000 0.093750 0.216667
18 0.408203 0.261111 0.125781 0.194444
18 0.700391 0.438889 0.125781 0.183333
19 0.844141 0.674306 0.111719 0.223611
