0 0.192578 0.203472 0.125781 0.206944
0 0.231641 0.665278 0.124219 0.180556
0 0.289453 0.434028 0.125781 0.195833
0 0.309766 0.193056 0.121094 0.222222
0 0.355469 0.773611 0.087500 0.208333
0 0.432812 0.078472 0.126562 0.154167
0 0.497656 0.384722 0.121875 0.172222
0 0.516406 0.642361 0.117188 0.151389
0 0.522266 0.872222 0.122656 0.216667
0 0.600391 0.118056 0.072656 0.194444
0 0.710938 0.633333 0.118750 0.150000
0 0.716406 0.304167 0.109375 0.225000
0 0.707031 0.900000 0.071875 0.191667
0 0.773438 0.081250 0.073438 0.159722
0 0.813281 0.460417 0.078125 0.198611
1 0.192578 0.203472 0.125781 0.206944
1 0.231641 0.665278 0.124219 0.180556
1 0.289453 0.434028 0.125781 0.195833
1 0.309766 0.193056 0.121094 0.222222
1 0.355469 0.773611 0.087500 0.208333
1 0.432812 0.078472 0.126562 0.154167
1 0.497656 0.384722 0.121875 0.172222
1 0.516406 0.642361 0.117188 0.151389
1 0.522266 0.872222 0.122656 0.216667
1 0.600391 0.118056 0.072656 0.194444
1 0.710938 0.633333 0.118750 0.150000
1 0.716406 0.304167 0.109375 0.225000
1 0.707031 0.900000 0.071875 0.191667
1 0.773438 0.081250 0.073438 0.159722
1 0.813281 0.460417 0.078125 0.198611
4 0.309766 0.193056 0.121094 0.222222
4 0.432812 0.078472 0.126562 0.154167
4 0.716406 0.304167 0.109375 0.225000
4 0.813281 0.460417 0.078125 0.198611
5 0.192578 0.203472 0.125781 0.206944
5 0.231641 0.665278 0.124219 0.180556
5 0.516406 0.642361 0.117188 0.151389
6 0.289453 0.434028 0.125781 0.195833
6 0.497656 0.384722 0.121875 0.172222
6 0.522266 0.872222 0.122656 0.216667
6 0.600391 0.118056 0.072656 0.194444
6 0.707031 0.900000 0.071875 0.191667
6 0.773438 0.081250 0.073438 0.159722
7 0.355469 0.773611 0.087500 0.208333
7 0.710938 0.633333 0.118750 0.150000
8 0.600391 0.118056 0.072656 0.194444
9 0.497656 0.384722 0.121875 0.172222
9 0.710938 0.633333 0.118750 0.150000
10 0.309766 0.193056 0.121094 0.222222
10 0.707031 0.900000 0.071875 0.191667
13 0.289453 0.434028 0.125781 0.195833
13 0.432812 0.078472 0.126562 0.154167
14 0.355469 0.773611 0.087500 0.208333
14 0.522266 0.872222 0.122656 0.216667
14 0.716406 0.304167 0.109375 0.225000
15 0.773438 0.081250 0.073438 0.159722
16 0.192578 0.203472 0.125781 0.206944
17 0.516406 0.642361 0.117188 0.151389
18 0.813281 0.460417 0.078125 0.198611
19 0.231641 0.665278 0.124219 0.180556
