0 0.257812 0.172917 0.118750 0.215278
0 0.255078 0.403472 0.110156 0.131944
0 0.259766 0.720833 0.107031 0.127778
0 0.287500 0.880556 0.123438 0.186111
0 0.366406 0.149306 0.115625 0.226389
0 0.405859 0.465972 0.124219 0.187500
0 0.496094 0.806250 0.118750 0.151389
0 0.542188 0.077083 0.126562 0.151389
0 0.562500 0.410417 0.101562 0.220833
0 0.658984 0.575694 0.122656 0.220833
0 0.698438 0.797917 0.120313 0.156944
0 0.707422 0.262500 0.072656 0.194444
0 0.785156 0.125694 0.079687 0.204167
0 0.855469 0.272917 0.126562 0.181944
0 0.858594 0.604167 0.125000 0.175000
1 0.257812 0.172917 0.118750 0.215278
1 0.255078 0.403472 0.110156 0.131944
1 0.259766 0.720833 0.107031 0.127778
1 0.287500 0.880556 0.123438 0.186111
1 0.366406 0.149306 0.115625 0.226389
1 0.405859 0.465972 0.124219 0.187500
1 0.496094 0.806250 0.118750 0.151389
1 0.542188 0.077083 0.126562 0.151389
1 0.562500 0.410417 0.101562 0.220833
1 0.658984 0.575694 0.122656 0.220833
1 0.698438 0.797917 0.120313 0.156944
1 0.707422 0.262500 0.072656 0.194444
1 0.785156 0.125694 0.079687 0.204167
1 0.855469 0.272917 0.126562 0.181944
1 0.858594 0.604167 0.125000 0.175000
4 0.562500 0.410417 0.101562 0.220833
4 0.698438 0.797917 0.120313 0.156944
4 0.707422 0.262500 0.072656 0.194444
5 0.259766 0.720833 0.107031 0.127778
5 0.542188 0.077083 0.126562 0.151389
6 0.257812 0.172917 0.118750 0.215278
6 0.255078 0.403472 0.110156 0.131944
6 0.366406 0.149306 0.115625 0.226389
6 0.785156 0.125694 0.079687 0.204167
7 0.287500 0.880556 0.123438 0.186111
7 0.405859 0.465972 0.124219 0.187500
7 0.496094 0.806250 0.118750 0.151389
7 0.658984 0.575694 0.122656 0.220833
7 0.855469 0.272917 0.126562 0.181944
7 0.858594 0.604167 0.125000 0.175000
8 0.366406 0.149306 0.115625 0.226389
8 0.707422 0.262500 0.072656 0.194444
8 0.858594 0.604167 0.125000 0.175000
10 0.855469 0.272917 0.126562 0.181944
11 0.542188 0.077083 0.126562 0.151389
11 0.658984 0.575694 0.122656 0.220833
11 0.785156 0.125694 0.079687 0.204167
12 0.562500 0.410417 0.101562 0.220833
13 0.257812 0.172917 0.118750 0.215278
14 0.259766 0.720833 0.107031 0.127778
15 0.405859 0.465972 0.124219 0.187500
15 0.698438 0.797917 0.120313 0.156944
18 0.496094 0.806250 0.118750 0.151389
19 0.255078 0.403472 0.110156 0.131944
19 0.287500 0.880556 0.123438 0.186111
