0 0.196875 0.484028 0.125000 0.206944
0 0.276953 0.703472 0.108594 0.223611
0 0.314063 0.410417 0.109375 0.223611
0 0.344141 0.911806 0.086719 0.176389
0 0.379297 0.210417 0.092969 0.215278
0 0.439063 0.900000 0.112500 0.200000
0 0.470313 0.561111 0.098437 0.216667
0 0.512500 0.040972 0.115625 0.079167
0 0.587109 0.725694 0.094531 0.215278
0 0.610156 0.492361 0.118750 0.154167
0 0.614844 0.124306 0.117188 0.151389
0 0.725781 0.383333 0.076563 0.200000
0 0.739844 0.784722 0.101562 0.219444
0 0.778516 0.063889 0.119531 0.125000
0 0.841016 0.503472 0.105469 0.223611
1 0.196875 0.484028 0.125000 0.206944
1 0.276953 0.703472 0.108594 0.223611
1 0.314063 0.410417 0.109375 0.223611
1 0.344141 0.911806 0.086719 0.176389
1 0.379297 0.210417 0.092969 0.215278
1 0.439063 0.900000 0.112500 0.200000
1 0.470313 0.561111 0.098437 0.216667
1 0.512500 0.040972 0.115625 0.079167
1 0.587109 0.725694 0.094531 0.215278
1 0.610156 0.492361 0.118750 0.154167
1 0.614844 0.124306 0.117188 0.151389
1 0.725781 0.383333 0.076563 0.200000
1 0.739844 0.784722 0.101562 0.219444
1 0.778516 0.063889 0.119531 0.125000
1 0.841016 0.503472 0.105469 0.223611
4 0.196875 0.484028 0.125000 0.206944
4 0.276953 0.703472 0.108594 0.223611
4 0.379297 0.210417 0.092969 0.215278
5 0.314063 0.410417 0.109375 0.223611
5 0.344141 0.911806 0.086719 0.176389
5 0.725781 0.383333 0.076563 0.200000
5 0.739844 0.784722 0.101562 0.219444
5 0.841016 0.503472 0.105469 0.223611
6 0.512500 0.040972 0.115625 0.079167
6 0.587109 0.725694 0.094531 0.215278
6 0.614844 0.124306 0.117188 0.151389
7 0.439063 0.900000 0.112500 0.200000
7 0.470313 0.561111 0.098437 0.216667
7 0.610156 0.492361 0.118750 0.154167
7 0.778516 0.063889 0.119531 0.125000
9 0.196875 0.484028 0.125000 0.206944
9 0.344141 0.911806 0.086719 0.176389
9 0.512500 0.040972 0.115625 0.079167
9 0.778516 0.063889 0.119531 0.125000
12 0.470313 0.561111 0.098437 0.216667
12 0.841016 0.503472 0.105469 0.223611
13 0.439063 0.900000 0.112500 0.200000
13 0.725781 0.383333 0.076563 0.200000
15 0.587109 0.725694 0.094531 0.215278
16 0.276953 0.703472 0.108594 0.223611
17 0.314063 0.410417 0.109375 0.223611
17 0.610156 0.492361 0.118750 0.154167
18 0.614844 0.124306 0.117188 0.151389
18 0.739844 0.784722 0.101562 0.219444
19 0.379297 0.210417 0.092969 0.215278
