0 0.170703 0.331944 0.110156 0.222222
0 0.232031 0.665972 0.107813 0.215278
0 0.243750 0.831250 0.123438 0.215278
0 0.328125 0.483333 0.114062 0.141667
0 0.371875 0.214583 0.117188 0.226389
0 0.385156 0.782639 0.084375 0.204167
0 0.484766 0.725000 0.117969 0.222222
0 0.516406 0.338194 0.101562 0.220833
0 0.527734 0.095139 0.082031 0.187500
0 0.621875 0.749306 0.104688 0.220833
0 0.639453 0.472917 0.110156 0.126389
0 0.717578 0.285417 0.117969 0.223611
0 0.773828 0.737500 0.127344 0.202778
0 0.867578 0.601389 0.107031 0.222222
0 0.880469 0.286806 0.125000 0.170833
1 0.170703 0.331944 0.110156 0.222222
1 0.232031 0.665972 0.107813 0.215278
1 0.243750 0.831250 0.123438 0.215278
1 0.328125 0.483333 0.114062 0.141667
1 0.371875 0.214583 0.117188 0.226389
1 0.385156 0.782639 0.084375 0.204167
1 0.484766 0.725000 0.117969 0.222222
1 0.516406 0.338194 0.101562 0.220833
1 0.527734 0.095139 0.082031 0.187500
1 0.621875 0.749306 0.104688 0.220833
1 0.639453 0.472917 0.110156 0.126389
1 0.717578 0.285417 0.117969 0.223611
1 0.773828 0.737500 0.127344 0.202778
1 0.867578 0.601389 0.107031 0.222222
1 0.880469 0.286806 0.125000 0.170833
4 0.328125 0.483333 0.114062 0.141667
4 0.371875 0.214583 0.117188 0.226389
4 0.484766 0.725000 0.117969 0.222222
4 0.516406 0.338194 0.101562 0.220833
4 0.867578 0.601389 0.107031 0.222222
5 0.170703 0.331944 0.110156 0.222222
5 0.527734 0.095139 0.082031 0.187500
5 0.880469 0.286806 0.125000 0.170833
6 0.243750 0.831250 0.123438 0.215278
6 0.385156 0.782639 0.084375 0.204167
6 0.621875 0.749306 0.104688 0.220833
6 0.639453 0.472917 0.110156 0.126389
6 0.773828 0.737500 0.127344 0.202778
7 0.232031 0.665972 0.107813 0.215278
7 0.717578 0.285417 0.117969 0.223611
10 0.385156 0.782639 0.084375 0.204167
11 0.484766 0.725000 0.117969 0.222222
12 0.639453 0.472917 0.110156 0.126389
13 0.371875 0.214583 0.117188 0.226389
14 0.232031 0.665972 0.107813 0.215278
14 0.516406 0.338194 0.101562 0.220833
14 0.621875 0.749306 0.104688 0.220833
15 0.527734 0.095139 0.082031 0.187500
16 0.717578 0.285417 0.117969 0.223611
16 0.773828 0.737500 0.127344 0.202778
16 0.880469 0.286806 0.125000 0.170833
17 0.243750 0.831250 0.123438 0.215278
17 0.867578 0.601389 0.107031 0.222222
18 0.328125 0.483333 0.114062 0.141667
19 0.170703 0.331944 0.110156 0.222222
