0 0.216016 0.349306 0.125781 0.198611
0 0.271094 0.654167 0.125000 0.188889
0 0.283984 0.901389 0.116406 0.197222
0 0.371484 0.247222 0.083594 0.205556
0 0.462500 0.440278 0.126562 0.200000
0 0.448828 0.741667 0.088281 0.211111
0 0.495703 0.091667 0.114844 0.180556
0 0.621484 0.741667 0.125781 0.208333
0 0.621094 0.262500 0.123438 0.172222
0 0.635938 0.476389 0.114062 0.225000
0 0.741406 0.868750 0.117188 0.223611
0 0.767969 0.172222 0.110937 0.130556
0 0.841797 0.336111 0.122656 0.166667
0 0.848437 0.609028 0.112500 0.129167
1 0.216016 0.349306 0.125781 0.198611
1 0.271094 0.654167 0.125000 0.188889
1 0.283984 0.901389 0.116406 0.197222
1 0.371484 0.247222 0.083594 0.205556
1 0.462500 0.440278 0.126562 0.200000
1 0.448828 0.741667 0.088281 0.211111
1 0.495703 0.091667 0.114844 0.180556
1 0.621484 0.741667 0.125781 0.208333
1 0.621094 0.262500 0.123438 0.172222
1 0.635938 0.476389 0.114062 0.225000
1 0.741406 0.868750 0.117188 0.223611
1 0.767969 0.172222 0.110937 0.130556
1 0.841797 0.336111 0.122656 0.166667
1 0.848437 0.609028 0.112500 0.129167
4 0.271094 0.654167 0.125000 0.188889
4 0.371484 0.247222 0.083594 0.205556
4 0.462500 0.440278 0.126562 0.200000
4 0.767969 0.172222 0.110937 0.130556
5 0.448828 0.741667 0.088281 0.211111
5 0.495703 0.091667 0.114844 0.180556
5 0.741406 0.868750 0.117188 0.223611
6 0.621484 0.741667 0.125781 0.208333
6 0.621094 0.262500 0.123438 0.172222
6 0.848437 0.609028 0.112500 0.129167
7 0.216016 0.349306 0.125781 0.198611
7 0.283984 0.901389 0.116406 0.197222
7 0.635938 0.476389 0.114062 0.225000
7 0.841797 0.336111 0.122656 0.166667
8 0.462500 0.440278 0.126562 0.200000
8 0.635938 0.476389 0.114062 0.225000
8 0.848437 0.609028 0.112500 0.129167
10 0.495703 0.091667 0.114844 0.180556
10 0.841797 0.336111 0.122656 0.166667
12 0.371484 0.247222 0.083594 0.205556
14 0.448828 0.741667 0.088281 0.211111
15 0.271094 0.654167 0.125000 0.188889
15 0.283984 0.901389 0.116406 0.197222
15 0.621094 0.262500 0.123438 0.172222
18 0.621484 0.741667 0.125781 0.208333
18 0.741406 0.868750 0.117188 0.223611
19 0.216016 0.349306 0.125781 0.198611
19 0.767969 0.172222 0.110937 0.130556
