0 0.291797 0.708333 0.119531 0.258333
0 0.390234 0.286806 0.108594 0.223611
0 0.416797 0.717361 0.124219 0.287500
0 0.518359 0.120833 0.117969 0.230556
0 0.541406 0.454861 0.164062 0.176389
0 0.579297 0.815972 0.127344 0.290278
0 0.629297 0.310417 0.157031 0.209722
0 0.696094 0.103472 0.154688 0.154167
0 0.736719 0.872222 0.190625 0.241667
0 0.737109 0.636111 0.164844 0.175000
0 0.781250 0.340972 0.114062 0.245833
1 0.291797 0.708333 0.119531 0.258333
1 0.390234 0.286806 0.108594 0.223611
1 0.416797 0.717361 0.124219 0.287500
1 0.518359 0.120833 0.117969 0.230556
1 0.541406 0.454861 0.164062 0.176389
1 0.579297 0.815972 0.127344 0.290278
1 0.696094 0.103472 0.154688 0.154167
1 0.736719 0.872222 0.190625 0.241667
1 0.737109 0.636111 0.164844 0.175000
1 0.781250 0.340972 0.114062 0.245833
2 0.629297 0.310417 0.157031 0.209722
4 0.416797 0.717361 0.124219 0.287500
4 0.541406 0.454861 0.164062 0.176389
4 0.781250 0.340972 0.114062 0.245833
6 0.291797 0.708333 0.119531 0.258333
6 0.518359 0.120833 0.117969 0.230556
6 0.696094 0.103472 0.154688 0.154167
6 0.737109 0.636111 0.164844 0.175000
7 0.390234 0.286806 0.108594 0.223611
7 0.579297 0.815972 0.127344 0.290278
7 0.736719 0.872222 0.190625 0.241667
8 0.541406 0.454861 0.164062 0.176389
8 0.696094 0.103472 0.154688 0.154167
9 0.781250 0.340972 0.114062 0.245833
10 0.518359 0.120833 0.117969 0.230556
11 0.737109 0.636111 0.164844 0.175000
14 0.416797 0.717361 0.124219 0.287500
15 0.736719 0.872222 0.190625 0.241667
16 0.579297 0.815972 0.127344 0.290278
18 0.291797 0.708333 0.119531 0.258333
19 0.390234 0.286806 0.108594 0.223611
