0 0.324219 0.634722 0.140625 0.288889
0 0.367578 0.269444 0.119531 0.227778
0 0.492969 0.805556 0.176563 0.311111
0 0.495703 0.511111 0.160156 0.163889
0 0.519531 0.284028 0.156250 0.151389
0 0.668359 0.706944 0.188281 0.288889
0 0.710156 0.288194 0.176563 0.226389
0 0.772266 0.506944 0.164844 0.238889
0 0.849609 0.747917 0.132031 0.284722
0 0.905078 0.225694 0.169531 0.193056
0 0.921484 0.463889 0.157031 0.280556
1 0.324219 0.634722 0.140625 0.288889
1 0.367578 0.269444 0.119531 0.227778
1 0.492969 0.805556 0.176563 0.311111
1 0.495703 0.511111 0.160156 0.163889
1 0.519531 0.284028 0.156250 0.151389
1 0.668359 0.706944 0.188281 0.288889
1 0.710156 0.288194 0.176563 0.226389
1 0.849609 0.747917 0.132031 0.284722
1 0.905078 0.225694 0.169531 0.193056
1 0.921484 0.463889 0.157031 0.280556
2 0.772266 0.506944 0.164844 0.238889
4 0.367578 0.269444 0.119531 0.227778
4 0.492969 0.805556 0.176563 0.311111
4 0.519531 0.284028 0.156250 0.151389
6 0.495703 0.511111 0.160156 0.163889
6 0.849609 0.747917 0.132031 0.284722
6 0.905078 0.225694 0.169531 0.193056
6 0.921484 0.463889 0.157031 0.280556
7 0.324219 0.634722 0.140625 0.288889
7 0.668359 0.706944 0.188281 0.288889
7 0.710156 0.288194 0.176563 0.226389
8 0.492969 0.805556 0.176563 0.311111
8 0.495703 0.511111 0.160156 0.163889
9 0.367578 0.269444 0.119531 0.227778
10 0.849609 0.747917 0.132031 0.284722
11 0.905078 0.225694 0.169531 0.193056
14 0.519531 0.284028 0.156250 0.151389
15 0.324219 0.634722 0.140625 0.288889
16 0.710156 0.288194 0.176563 0.226389
18 0.921484 0.463889 0.157031 0.280556
19 0.668359 0.706944 0.188281 0.288889
