0 0.321875 0.497222 0.114062 0.288889
0 0.404297 0.141667 0.172656 0.169444
0 0.418750 0.694444 0.146875 0.319444
0 0.490625 0.400694 0.120313 0.262500
0 0.583594 0.729861 0.151562 0.320833
0 0.624219 0.174306 0.189062 0.229167
0 0.666016 0.402083 0.163281 0.195833
0 0.754297 0.679167 0.189844 0.330556
0 0.814844 0.302083 0.165625 0.293056
0 0.890234 0.627778 0.164844 0.316667
1 0.321875 0.497222 0.114062 0.288889
1 0.404297 0.141667 0.172656 0.169444
1 0.418750 0.694444 0.146875 0.319444
1 0.490625 0.400694 0.120313 0.262500
1 0.583594 0.729861 0.151562 0.320833
1 0.624219 0.174306 0.189062 0.229167
1 0.754297 0.679167 0.189844 0.330556
1 0.814844 0.302083 0.165625 0.293056
1 0.890234 0.627778 0.164844 0.316667
2 0.666016 0.402083 0.163281 0.195833
4 0.583594 0.729861 0.151562 0.320833
5 0.321875 0.497222 0.114062 0.288889
6 0.404297 0.141667 0.172656 0.169444
6 0.490625 0.400694 0.120313 0.262500
6 0.754297 0.679167 0.189844 0.330556
6 0.890234 0.627778 0.164844 0.316667
7 0.418750 0.694444 0.146875 0.319444
7 0.624219 0.174306 0.189062 0.229167
7 0.814844 0.302083 0.165625 0.293056
8 0.404297 0.141667 0.172656 0.169444
10 0.890234 0.627778 0.164844 0.316667
11 0.814844 0.302083 0.165625 0.293056
13 0.321875 0.497222 0.114062 0.288889
13 0.418750 0.694444 0.146875 0.319444
15 0.490625 0.400694 0.120313 0.262500
16 0.583594 0.729861 0.151562 0.320833
16 0.624219 0.174306 0.189062 0.229167
18 0.754297 0.679167 0.189844 0.330556
