0 0.233203 0.888889 0.180469 0.213889
0 0.232813 0.629167 0.115625 0.313889
0 0.237891 0.313194 0.116406 0.318056
0 0.450391 0.482639 0.122656 0.323611
0 0.451562 0.845833 0.121875 0.072222
1 0.233203 0.888889 0.180469 0.213889
1 0.232813 0.629167 0.115625 0.313889
1 0.237891 0.313194 0.116406 0.318056
1 0.450391 0.482639 0.122656 0.323611
1 0.451562 0.845833 0.121875 0.072222
4 0.237891 0.313194 0.116406 0.318056
5 0.232813 0.629167 0.115625 0.313889
5 0.450391 0.482639 0.122656 0.323611
7 0.233203 0.888889 0.180469 0.213889
7 0.451562 0.845833 0.121875 0.072222
9 0.232813 0.629167 0.115625 0.313889
13 0.237891 0.313194 0.116406 0.318056
15 0.451562 0.845833 0.121875 0.072222
17 0.450391 0.482639 0.122656 0.323611
19 0.233203 0.888889 0.180469 0.213889
