0 0.234766 0.889583 0.182031 0.215278
0 0.233203 0.631250 0.116406 0.315278
0 0.237891 0.315278 0.114844 0.316667
0 0.439453 0.838194 0.122656 0.079167
0 0.441797 0.478472 0.121094 0.320833
1 0.234766 0.889583 0.182031 0.215278
1 0.233203 0.631250 0.116406 0.315278
1 0.237891 0.315278 0.114844 0.316667
1 0.439453 0.838194 0.122656 0.079167
1 0.441797 0.478472 0.121094 0.320833
4 0.237891 0.315278 0.114844 0.316667
5 0.233203 0.631250 0.116406 0.315278
5 0.441797 0.478472 0.121094 0.320833
7 0.234766 0.889583 0.182031 0.215278
7 0.439453 0.838194 0.122656 0.079167
9 0.233203 0.631250 0.116406 0.315278
13 0.237891 0.315278 0.114844 0.316667
15 0.439453 0.838194 0.122656 0.079167
17 0.441797 0.478472 0.121094 0.320833
19 0.234766 0.889583 0.182031 0.215278
