0 0.202344 0.491667 0.125000 0.330556
0 0.201172 0.821528 0.121094 0.329167
0 0.204297 0.179167 0.122656 0.288889
0 0.515234 0.306250 0.125781 0.340278
0 0.517578 0.531944 0.127344 0.113889
0 0.529687 0.824306 0.126562 0.118056
1 0.202344 0.491667 0.125000 0.330556
1 0.201172 0.821528 0.121094 0.329167
1 0.204297 0.179167 0.122656 0.288889
1 0.515234 0.306250 0.125781 0.340278
1 0.517578 0.531944 0.127344 0.113889
1 0.529687 0.824306 0.126562 0.118056
4 0.204297 0.179167 0.122656 0.288889
5 0.202344 0.491667 0.125000 0.330556
5 0.515234 0.306250 0.125781 0.340278
6 0.517578 0.531944 0.127344 0.113889
7 0.201172 0.821528 0.121094 0.329167
7 0.529687 0.824306 0.126562 0.118056
9 0.202344 0.491667 0.125000 0.330556
13 0.204297 0.179167 0.122656 0.288889
15 0.517578 0.531944 0.127344 0.113889
15 0.529687 0.824306 0.126562 0.118056
17 0.515234 0.306250 0.125781 0.340278
19 0.201172 0.821528 0.121094 0.329167
