0 0.267578 0.570139 0.133594 0.279167
0 0.399219 0.140278 0.187500 0.233333
0 0.403125 0.347917 0.190625 0.218056
0 0.457031 0.618750 0.109375 0.248611
0 0.608594 0.109028 0.171875 0.173611
0 0.596094 0.661806 0.126562 0.293056
0 0.643359 0.386806 0.175781 0.179167
0 0.725000 0.669444 0.118750 0.288889
0 0.812500 0.138194 0.175000 0.176389
0 0.844531 0.375694 0.185938 0.198611
0 0.880859 0.653472 0.146094 0.304167
1 0.267578 0.570139 0.133594 0.279167
1 0.399219 0.140278 0.187500 0.233333
1 0.403125 0.347917 0.190625 0.218056
1 0.608594 0.109028 0.171875 0.173611
1 0.596094 0.661806 0.126562 0.293056
1 0.643359 0.386806 0.175781 0.179167
1 0.725000 0.669444 0.118750 0.288889
1 0.812500 0.138194 0.175000 0.176389
1 0.844531 0.375694 0.185938 0.198611
1 0.880859 0.653472 0.146094 0.304167
2 0.457031 0.618750 0.109375 0.248611
4 0.399219 0.140278 0.187500 0.233333
4 0.725000 0.669444 0.118750 0.288889
4 0.844531 0.375694 0.185938 0.198611
5 0.403125 0.347917 0.190625 0.218056
5 0.596094 0.661806 0.126562 0.293056
5 0.880859 0.653472 0.146094 0.304167
6 0.267578 0.570139 0.133594 0.279167
6 0.812500 0.138194 0.175000 0.176389
7 0.608594 0.109028 0.171875 0.173611
7 0.643359 0.386806 0.175781 0.179167
10 0.399219 0.140278 0.187500 0.233333
11 0.725000 0.669444 0.118750 0.288889
12 0.643359 0.386806 0.175781 0.179167
12 0.812500 0.138194 0.175000 0.176389
16 0.403125 0.347917 0.190625 0.218056
17 0.267578 0.570139 0.133594 0.279167
17 0.608594 0.109028 0.171875 0.173611
17 0.880859 0.653472 0.146094 0.304167
18 0.844531 0.375694 0.185938 0.198611
19 0.596094 0.661806 0.126562 0.293056
