0 0.320312 0.444444 0.157812 0.277778
0 0.427734 0.734028 0.182031 0.304167
0 0.456250 0.111111 0.146875 0.147222
0 0.490234 0.313194 0.132031 0.143056
0 0.577734 0.580556 0.110156 0.258333
0 0.628906 0.815278 0.171875 0.194444
0 0.665625 0.129861 0.156250 0.154167
0 0.701562 0.324306 0.112500 0.240278
0 0.736328 0.590278 0.180469 0.216667
0 0.894141 0.760417 0.185156 0.204167
0 0.861719 0.334722 0.107813 0.236111
1 0.320312 0.444444 0.157812 0.277778
1 0.427734 0.734028 0.182031 0.304167
1 0.456250 0.111111 0.146875 0.147222
1 0.577734 0.580556 0.110156 0.258333
1 0.628906 0.815278 0.171875 0.194444
1 0.665625 0.129861 0.156250 0.154167
1 0.701562 0.324306 0.112500 0.240278
1 0.736328 0.590278 0.180469 0.216667
1 0.894141 0.760417 0.185156 0.204167
1 0.861719 0.334722 0.107813 0.236111
2 0.490234 0.313194 0.132031 0.143056
4 0.577734 0.580556 0.110156 0.258333
4 0.628906 0.815278 0.171875 0.194444
4 0.701562 0.324306 0.112500 0.240278
4 0.736328 0.590278 0.180469 0.216667
4 0.861719 0.334722 0.107813 0.236111
5 0.427734 0.734028 0.182031 0.304167
5 0.665625 0.129861 0.156250 0.154167
6 0.456250 0.111111 0.146875 0.147222
6 0.894141 0.760417 0.185156 0.204167
7 0.320312 0.444444 0.157812 0.277778
8 0.320312 0.444444 0.157812 0.277778
9 0.894141 0.760417 0.185156 0.204167
10 0.861719 0.334722 0.107813 0.236111
11 0.427734 0.734028 0.182031 0.304167
11 0.701562 0.324306 0.112500 0.240278
12 0.736328 0.590278 0.180469 0.216667
14 0.456250 0.111111 0.146875 0.147222
15 0.577734 0.580556 0.110156 0.258333
17 0.665625 0.129861 0.156250 0.154167
19 0.628906 0.815278 0.171875 0.194444
