0 0.416406 0.620139 0.135937 0.304167
0 0.411719 0.289583 0.123438 0.226389
0 0.515234 0.100000 0.171094 0.166667
0 0.589063 0.651389 0.115625 0.280556
0 0.603516 0.332639 0.142969 0.281944
0 0.754687 0.700694 0.204687 0.265278
0 0.764844 0.347917 0.134375 0.279167
0 0.873047 0.159722 0.125781 0.263889
0 0.917578 0.656250 0.158594 0.315278
1 0.416406 0.620139 0.135937 0.304167
1 0.515234 0.100000 0.171094 0.166667
1 0.589063 0.651389 0.115625 0.280556
1 0.603516 0.332639 0.142969 0.281944
1 0.754687 0.700694 0.204687 0.265278
1 0.764844 0.347917 0.134375 0.279167
1 0.873047 0.159722 0.125781 0.263889
1 0.917578 0.656250 0.158594 0.315278
2 0.411719 0.289583 0.123438 0.226389
4 0.589063 0.651389 0.115625 0.280556
4 0.873047 0.159722 0.125781 0.263889
5 0.754687 0.700694 0.204687 0.265278
6 0.416406 0.620139 0.135937 0.304167
6 0.917578 0.656250 0.158594 0.315278
7 0.515234 0.100000 0.171094 0.166667
7 0.603516 0.332639 0.142969 0.281944
7 0.764844 0.347917 0.134375 0.279167
8 0.515234 0.100000 0.171094 0.166667
8 0.589063 0.651389 0.115625 0.280556
9 0.416406 0.620139 0.135937 0.304167
11 0.754687 0.700694 0.204687 0.265278
14 0.917578 0.656250 0.158594 0.315278
15 0.764844 0.347917 0.134375 0.279167
19 0.603516 0.332639 0.142969 0.281944
19 0.873047 0.159722 0.125781 0.263889
