0 0.276953 0.290972 0.128906 0.243056
0 0.306250 0.556944 0.159375 0.172222
0 0.424219 0.091667 0.159375 0.166667
0 0.449219 0.628472 0.148438 0.293056
0 0.482031 0.351389 0.142187 0.263889
0 0.617578 0.155556 0.147656 0.150000
0 0.623047 0.702778 0.125781 0.283333
0 0.646094 0.424306 0.164062 0.279167
0 0.786719 0.115972 0.162500 0.173611
0 0.812891 0.663889 0.111719 0.263889
0 0.848437 0.350000 0.100000 0.213889
1 0.276953 0.290972 0.128906 0.243056
1 0.306250 0.556944 0.159375 0.172222
1 0.424219 0.091667 0.159375 0.166667
1 0.449219 0.628472 0.148438 0.293056
1 0.482031 0.351389 0.142187 0.263889
1 0.617578 0.155556 0.147656 0.150000
1 0.623047 0.702778 0.125781 0.283333
1 0.646094 0.424306 0.164062 0.279167
1 0.786719 0.115972 0.162500 0.173611
1 0.812891 0.663889 0.111719 0.263889
2 0.848437 0.350000 0.100000 0.213889
4 0.424219 0.091667 0.159375 0.166667
4 0.449219 0.628472 0.148438 0.293056
4 0.482031 0.351389 0.142187 0.263889
4 0.646094 0.424306 0.164062 0.279167
4 0.786719 0.115972 0.162500 0.173611
5 0.306250 0.556944 0.159375 0.172222
5 0.812891 0.663889 0.111719 0.263889
6 0.276953 0.290972 0.128906 0.243056
6 0.617578 0.155556 0.147656 0.150000
7 0.623047 0.702778 0.125781 0.283333
8 0.623047 0.702778 0.125781 0.283333
9 0.617578 0.155556 0.147656 0.150000
10 0.482031 0.351389 0.142187 0.263889
11 0.646094 0.424306 0.164062 0.279167
11 0.812891 0.663889 0.111719 0.263889
12 0.786719 0.115972 0.162500 0.173611
14 0.276953 0.290972 0.128906 0.243056
15 0.449219 0.628472 0.148438 0.293056
17 0.306250 0.556944 0.159375 0.172222
19 0.424219 0.091667 0.159375 0.166667
