0 0.243359 0.679861 0.196094 0.551389
0 0.300391 0.210417 0.283594 0.351389
0 0.459766 0.681944 0.216406 0.569444
0 0.609766 0.197222 0.299219 0.319444
0 0.682422 0.672917 0.208594 0.568056
1 0.243359 0.679861 0.196094 0.551389
1 0.300391 0.210417 0.283594 0.351389
1 0.459766 0.681944 0.216406 0.569444
1 0.609766 0.197222 0.299219 0.319444
1 0.682422 0.672917 0.208594 0.568056
4 0.459766 0.681944 0.216406 0.569444
5 0.243359 0.679861 0.196094 0.551389
6 0.300391 0.210417 0.283594 0.351389
7 0.609766 0.197222 0.299219 0.319444
7 0.682422 0.672917 0.208594 0.568056
12 0.243359 0.679861 0.196094 0.551389
12 0.300391 0.210417 0.283594 0.351389
12 0.459766 0.681944 0.216406 0.569444
12 0.682422 0.672917 0.208594 0.568056
13 0.609766 0.197222 0.299219 0.319444
