0 0.246094 0.681250 0.185938 0.540278
0 0.299609 0.254167 0.278906 0.338889
0 0.460938 0.675000 0.218750 0.566667
0 0.605859 0.215278 0.294531 0.313889
0 0.671875 0.649306 0.203125 0.551389
1 0.246094 0.681250 0.185938 0.540278
1 0.299609 0.254167 0.278906 0.338889
1 0.460938 0.675000 0.218750 0.566667
1 0.605859 0.215278 0.294531 0.313889
1 0.671875 0.649306 0.203125 0.551389
4 0.671875 0.649306 0.203125 0.551389
5 0.605859 0.215278 0.294531 0.313889
6 0.246094 0.681250 0.185938 0.540278
6 0.299609 0.254167 0.278906 0.338889
6 0.460938 0.675000 0.218750 0.566667
9 0.299609 0.254167 0.278906 0.338889
10 0.246094 0.681250 0.185938 0.540278
11 0.460938 0.675000 0.218750 0.566667
11 0.605859 0.215278 0.294531 0.313889
11 0.671875 0.649306 0.203125 0.551389
