0 0.233984 0.656944 0.185156 0.541667
0 0.293750 0.214583 0.278125 0.329167
0 0.446875 0.649306 0.214062 0.565278
0 0.603125 0.186806 0.295312 0.304167
0 0.660937 0.640972 0.210938 0.562500
1 0.233984 0.656944 0.185156 0.541667
1 0.293750 0.214583 0.278125 0.329167
1 0.446875 0.649306 0.214062 0.565278
1 0.603125 0.186806 0.295312 0.304167
1 0.660937 0.640972 0.210938 0.562500
4 0.660937 0.640972 0.210938 0.562500
5 0.293750 0.214583 0.278125 0.329167
6 0.233984 0.656944 0.185156 0.541667
7 0.446875 0.649306 0.214062 0.565278
7 0.603125 0.186806 0.295312 0.304167
8 0.233984 0.656944 0.185156 0.541667
9 0.660937 0.640972 0.210938 0.562500
10 0.293750 0.214583 0.278125 0.329167
10 0.446875 0.649306 0.214062 0.565278
11 0.603125 0.186806 0.295312 0.304167
