0 0.233594 0.680556 0.192188 0.550000
0 0.300000 0.209722 0.275000 0.344444
0 0.451172 0.645833 0.219531 0.586111
0 0.622656 0.169444 0.307812 0.322222
0 0.683984 0.640278 0.214844 0.583333
1 0.233594 0.680556 0.192188 0.550000
1 0.300000 0.209722 0.275000 0.344444
1 0.451172 0.645833 0.219531 0.586111
1 0.622656 0.169444 0.307812 0.322222
1 0.683984 0.640278 0.214844 0.583333
5 0.233594 0.680556 0.192188 0.550000
5 0.300000 0.209722 0.275000 0.344444
5 0.622656 0.169444 0.307812 0.322222
6 0.683984 0.640278 0.214844 0.583333
7 0.451172 0.645833 0.219531 0.586111
16 0.233594 0.680556 0.192188 0.550000
17 0.300000 0.209722 0.275000 0.344444
18 0.622656 0.169444 0.307812 0.322222
19 0.451172 0.645833 0.219531 0.586111
19 0.683984 0.640278 0.214844 0.583333
