1 0.666016 0.322917 0.050781 0.059722
1 0.666276 0.226037 0.044528 0.045713
1 0.666918 0.270246 0.045633 0.040922
1 0.693301 0.203381 0.041982 0.041597
1 0.727675 0.240367 0.040830 0.042238
1 0.738450 0.207297 0.037761 0.040087
1 0.746644 0.321219 0.044118 0.050949
1 0.814846 0.227018 0.038288 0.041582
1 0.896047 0.389433 0.043843 0.060023
4 0.738450 0.207297 0.037761 0.040087
4 0.895729 0.390193 0.044480 0.058502
6 0.666276 0.226037 0.044528 0.045713
7 0.666016 0.322917 0.050781 0.059722
7 0.666918 0.270246 0.045633 0.040922
7 0.693301 0.203381 0.041982 0.041597
7 0.727675 0.240367 0.040830 0.042238
7 0.746644 0.321219 0.044118 0.050949
7 0.814846 0.227018 0.038288 0.041582