1 0.231641 0.450694 0.060156 0.068056
1 0.286328 0.672222 0.066406 0.080556
1 0.285547 0.489583 0.061719 0.065278
1 0.343414 0.541601 0.077234 0.094576
1 0.347979 0.457843 0.063146 0.071242
1 0.383594 0.668056 0.067187 0.088889
1 0.412109 0.555556 0.055469 0.075000
1 0.472266 0.682639 0.080469 0.104167
1 0.539062 0.560417 0.076563 0.098611
1 0.553516 0.691667 0.069531 0.088889
1 0.578516 0.452778 0.055469 0.061111
1 0.636805 0.639295 0.084202 0.115855
3 0.231641 0.450694 0.060156 0.068056
3 0.286328 0.672222 0.066406 0.080556
3 0.383594 0.668056 0.067187 0.088889
3 0.412109 0.555556 0.055469 0.075000
3 0.472266 0.682639 0.080469 0.104167
4 0.343414 0.541601 0.077234 0.094576
4 0.347979 0.457843 0.063146 0.071242
4 0.553516 0.691667 0.069531 0.088889
4 0.636805 0.639295 0.084202 0.115855
5 0.285547 0.489583 0.061719 0.065278
5 0.539062 0.560417 0.076563 0.098611
7 0.578516 0.452778 0.055469 0.061111