1 0.155075 0.269636 0.057025 0.058716
1 0.176579 0.475028 0.062534 0.080613
1 0.279535 0.420100 0.068445 0.087421
1 0.328128 0.345759 0.060944 0.069295
1 0.352731 0.227380 0.052338 0.060316
1 0.449057 0.362547 0.057489 0.066762
1 0.552083 0.456391 0.058688 0.075331
1 0.617597 0.558803 0.071313 0.113444
1 0.621704 0.294629 0.079401 0.092204
1 0.753717 0.472776 0.062915 0.086768
3 0.176579 0.475028 0.062534 0.080613
4 0.279535 0.420100 0.068445 0.087421
4 0.328128 0.345759 0.060944 0.069295
4 0.617597 0.558803 0.071313 0.113444
6 0.155075 0.269636 0.057025 0.058716
6 0.449057 0.362547 0.057489 0.066762
6 0.621704 0.294629 0.079401 0.092204
7 0.352731 0.227380 0.052338 0.060316
7 0.753717 0.472776 0.062915 0.086768
8 0.552083 0.456391 0.058688 0.075331