1 0.233984 0.667361 0.027344 0.051389
1 0.261719 0.618750 0.023438 0.045833
1 0.272656 0.565972 0.026562 0.045833
1 0.295743 0.563464 0.023025 0.045345
1 0.325391 0.659722 0.032031 0.055556
1 0.331250 0.611806 0.029687 0.051389
1 0.339453 0.740972 0.024219 0.048611
1 0.345841 0.578709 0.025729 0.045999
1 0.356250 0.545833 0.026562 0.050000
1 0.373697 0.702832 0.024480 0.049892
1 0.379297 0.397917 0.027344 0.048611
1 0.393750 0.494444 0.025000 0.044444
1 0.423438 0.670833 0.026562 0.047222
1 0.425781 0.796528 0.023438 0.048611
1 0.427734 0.544444 0.022656 0.038889
1 0.435937 0.504167 0.025000 0.044444
1 0.442188 0.706944 0.029687 0.055556
1 0.441016 0.577778 0.024219 0.044444
1 0.457031 0.311806 0.025000 0.043056
1 0.460156 0.604167 0.025000 0.044444
1 0.461902 0.370956 0.025638 0.041755
1 0.506250 0.692361 0.023438 0.048611
1 0.540625 0.628472 0.023438 0.045833
1 0.611667 0.463689 0.022229 0.044229
1 0.630982 0.413580 0.021967 0.042632
1 0.638684 0.491972 0.022734 0.039341
3 0.261719 0.618750 0.023438 0.045833
3 0.423438 0.670833 0.026562 0.047222
3 0.460156 0.604167 0.025000 0.044444
3 0.540625 0.628472 0.023438 0.045833
4 0.295743 0.563464 0.023025 0.045345
5 0.233984 0.667361 0.027344 0.051389
5 0.356250 0.545833 0.026562 0.050000
5 0.427734 0.544444 0.022656 0.038889
5 0.442188 0.706944 0.029687 0.055556
5 0.611667 0.463689 0.022229 0.044229
6 0.272656 0.565972 0.026562 0.045833
6 0.325391 0.659722 0.032031 0.055556
6 0.331250 0.611806 0.029687 0.051389
6 0.441016 0.577778 0.024219 0.044444
6 0.638684 0.491972 0.022734 0.039341
7 0.435937 0.504167 0.025000 0.044444
7 0.457031 0.311806 0.025000 0.043056
7 0.506250 0.692361 0.023438 0.048611
8 0.339453 0.740972 0.024219 0.048611
8 0.345841 0.578709 0.025729 0.045999
8 0.373736 0.704290 0.024403 0.046976
8 0.379297 0.397917 0.027344 0.048611
8 0.393750 0.494444 0.025000 0.044444
8 0.425781 0.796528 0.023438 0.048611
8 0.461902 0.370956 0.025638 0.041755
8 0.630982 0.413580 0.021967 0.042632