1 0.395313 0.459028 0.048438 0.056944
1 0.426953 0.409722 0.046094 0.058333
1 0.470703 0.350000 0.047656 0.061111
1 0.477734 0.207639 0.041406 0.048611
1 0.483984 0.488889 0.046094 0.063889
1 0.507422 0.436111 0.044531 0.058333
1 0.533594 0.395139 0.037500 0.048611
1 0.552734 0.613194 0.052344 0.070833
1 0.622266 0.206944 0.042969 0.044444
1 0.660156 0.451389 0.045312 0.058333
1 0.691016 0.423611 0.046094 0.061111
1 0.712891 0.510417 0.042969 0.062500
4 0.507422 0.436111 0.044531 0.058333
4 0.533594 0.395139 0.037500 0.048611
4 0.660156 0.451389 0.045312 0.058333
5 0.395313 0.459028 0.048438 0.056944
6 0.470703 0.350000 0.047656 0.061111
7 0.426953 0.409722 0.046094 0.058333
7 0.477734 0.207639 0.041406 0.048611
7 0.483984 0.488889 0.046094 0.063889
8 0.552734 0.613194 0.052344 0.070833
8 0.622266 0.206944 0.042969 0.044444
8 0.691016 0.423611 0.046094 0.061111
8 0.712891 0.510417 0.042969 0.062500