1 0.530078 0.181944 0.055469 0.055556
1 0.552828 0.407386 0.052107 0.062686
1 0.607835 0.429000 0.045371 0.060997
1 0.615625 0.187500 0.050000 0.050000
1 0.668631 0.438772 0.050097 0.059789
1 0.683487 0.203959 0.038492 0.041306
1 0.693015 0.286582 0.034016 0.042652
1 0.724408 0.245600 0.039764 0.048923
1 0.753067 0.444249 0.044794 0.064724
3 0.683487 0.203959 0.038492 0.041306
3 0.693015 0.286582 0.034016 0.042652
4 0.530078 0.181944 0.055469 0.055556
5 0.607767 0.429632 0.045852 0.060525
7 0.724364 0.246028 0.038511 0.048889
8 0.552828 0.407386 0.052107 0.062686
8 0.615625 0.187500 0.050000 0.050000
8 0.668631 0.438772 0.050097 0.059789
8 0.753297 0.443877 0.044333 0.065193