1 0.195312 0.649306 0.060937 0.073611
1 0.377344 0.385417 0.070312 0.087500
1 0.390639 0.295280 0.060205 0.078781
1 0.397819 0.487960 0.070637 0.084253
1 0.430469 0.423611 0.060937 0.069444
1 0.444922 0.343056 0.060156 0.072222
1 0.481780 0.498857 0.065123 0.086602
1 0.494041 0.415317 0.061519 0.077856
1 0.547266 0.506944 0.060156 0.083333
1 0.677008 0.310867 0.059512 0.074908
1 0.768482 0.507849 0.094777 0.129587
3 0.377344 0.385417 0.070312 0.087500
3 0.390639 0.295280 0.060205 0.078781
4 0.494041 0.415317 0.061519 0.077856
4 0.547266 0.506944 0.060156 0.083333
5 0.397227 0.487960 0.069453 0.084253
5 0.444922 0.343056 0.060156 0.072222
6 0.195312 0.649306 0.060937 0.073611
6 0.430469 0.423611 0.060937 0.069444
6 0.677008 0.310867 0.059512 0.074908
6 0.768482 0.507849 0.094777 0.129587
8 0.481780 0.498857 0.065123 0.086602