1 0.324609 0.412500 0.044531 0.052778
1 0.349219 0.556250 0.075000 0.093056
1 0.412891 0.681944 0.055469 0.075000
1 0.423438 0.465972 0.064062 0.076389
1 0.436719 0.388194 0.045312 0.054167
1 0.482422 0.538889 0.057031 0.066667
1 0.485938 0.459722 0.053125 0.061111
1 0.553906 0.731250 0.068750 0.076389
1 0.559409 0.636038 0.057881 0.080410
3 0.436719 0.388194 0.045312 0.054167
4 0.412891 0.681944 0.053906 0.075000
5 0.349219 0.556250 0.075000 0.093056
5 0.559755 0.635727 0.058572 0.079786
6 0.324609 0.412500 0.044531 0.052778
7 0.482422 0.538889 0.057031 0.066667
8 0.423438 0.465972 0.064062 0.076389
8 0.485938 0.459722 0.053125 0.061111
8 0.553906 0.731250 0.068750 0.076389