1 0.116016 0.557639 0.119531 0.165278
1 0.300665 0.528390 0.087267 0.123447
1 0.358902 0.641902 0.072491 0.114360
1 0.395980 0.500770 0.088836 0.132095
1 0.398828 0.337500 0.077344 0.119444
1 0.456641 0.722917 0.077344 0.131944
1 0.468750 0.329167 0.057813 0.083333
1 0.506073 0.431103 0.087145 0.123317
1 0.533594 0.266667 0.067187 0.088889
1 0.537959 0.653482 0.075918 0.115298
1 0.589683 0.547354 0.061259 0.096958
1 0.598437 0.417361 0.076563 0.109722
1 0.597744 0.200338 0.063897 0.088014
1 0.598437 0.304861 0.057813 0.073611
1 0.693585 0.470393 0.070397 0.115786
1 0.695092 0.327359 0.071435 0.115830
1 0.848640 0.457884 0.071304 0.106689
3 0.537959 0.653482 0.075918 0.115298
3 0.598437 0.417361 0.076563 0.109722
4 0.300665 0.528390 0.087267 0.123447
4 0.597744 0.200338 0.063897 0.088014
4 0.695092 0.327359 0.071435 0.115830
5 0.598437 0.304861 0.057813 0.073611
6 0.468750 0.329167 0.057813 0.083333
6 0.533594 0.266667 0.067187 0.088889
6 0.589683 0.547354 0.061259 0.096958
6 0.848640 0.457884 0.071304 0.106689
7 0.116016 0.557639 0.119531 0.165278
7 0.398828 0.337500 0.077344 0.119444
8 0.358902 0.641902 0.072491 0.114360
8 0.395980 0.500770 0.088836 0.132095
8 0.456641 0.722917 0.077344 0.131944
8 0.506073 0.431103 0.087145 0.123317
8 0.693585 0.470393 0.070397 0.115786