1 0.348438 0.156250 0.034375 0.040278
1 0.418750 0.172917 0.034375 0.043056
1 0.448047 0.307639 0.033594 0.045833
1 0.455469 0.137500 0.032813 0.038889
1 0.465625 0.422222 0.035937 0.050000
1 0.467578 0.240278 0.038281 0.050000
1 0.479687 0.200000 0.037500 0.044444
1 0.515234 0.154861 0.044531 0.054167
1 0.516016 0.213194 0.033594 0.043056
1 0.568750 0.179861 0.037500 0.043056
1 0.587109 0.238889 0.033594 0.044444
1 0.655078 0.417361 0.035156 0.045833
1 0.685547 0.365972 0.036719 0.045833
1 0.701562 0.151389 0.035937 0.044444
1 0.707812 0.070139 0.037500 0.043056
1 0.749609 0.240278 0.035156 0.044444
3 0.348438 0.156250 0.034375 0.040278
3 0.516016 0.213194 0.033594 0.043056
3 0.568750 0.179861 0.037500 0.043056
3 0.655078 0.417361 0.035156 0.045833
3 0.685547 0.365972 0.036719 0.045833
4 0.448047 0.307639 0.033594 0.045833
4 0.455469 0.137500 0.032813 0.038889
4 0.479687 0.200000 0.037500 0.044444
4 0.515234 0.154861 0.044531 0.054167
5 0.701562 0.151389 0.035937 0.044444
5 0.707812 0.070139 0.037500 0.043056
6 0.749609 0.240278 0.035156 0.044444
7 0.465625 0.422222 0.035937 0.050000
7 0.467578 0.240278 0.038281 0.050000
7 0.587109 0.238889 0.033594 0.044444
8 0.418750 0.172917 0.034375 0.043056