1 0.385937 0.557639 0.068750 0.079167
1 0.435547 0.486111 0.058594 0.063889
1 0.448066 0.586615 0.052548 0.077311
1 0.454297 0.402083 0.044531 0.051389
1 0.485408 0.665418 0.052669 0.074393
1 0.505078 0.463889 0.050781 0.061111
1 0.592194 0.360481 0.070325 0.076518
1 0.585845 0.472132 0.051748 0.064069
1 0.615625 0.643056 0.081250 0.102778
4 0.435547 0.486111 0.058594 0.063889
4 0.448066 0.586615 0.052548 0.077311
4 0.485408 0.665418 0.052669 0.074393
4 0.505078 0.463889 0.050781 0.061111
5 0.615625 0.643056 0.081250 0.102778
6 0.385937 0.557639 0.068750 0.079167
6 0.454297 0.402083 0.044531 0.051389
7 0.592032 0.361106 0.070001 0.077768
7 0.585865 0.471470 0.051707 0.065393