1 0.350923 0.347281 0.065909 0.072339
1 0.362401 0.567498 0.063864 0.093330
1 0.498407 0.541583 0.068146 0.100467
1 0.528751 0.383695 0.055939 0.070169
1 0.557927 0.506592 0.067300 0.093940
1 0.620244 0.614039 0.085800 0.108634
1 0.618353 0.477828 0.064832 0.075100
1 0.680721 0.288024 0.061252 0.079188
1 0.852005 0.491789 0.071625 0.091569
1 0.876818 0.725157 0.065384 0.092139
3 0.350923 0.347281 0.065909 0.072339
3 0.877332 0.723793 0.065643 0.093555
4 0.362401 0.567498 0.063864 0.093330
5 0.498407 0.541583 0.068146 0.100467
6 0.618353 0.477828 0.064832 0.075100
6 0.680721 0.288024 0.061252 0.079188
7 0.528751 0.383695 0.055939 0.070169
7 0.557927 0.506592 0.067300 0.093940
8 0.620244 0.614039 0.085800 0.108634
8 0.851544 0.491981 0.070239 0.091824