1 0.253125 0.158333 0.104688 0.116667
1 0.261719 0.697222 0.025781 0.047222
1 0.272656 0.551389 0.027344 0.044444
1 0.289062 0.595833 0.022656 0.036111
1 0.303906 0.547222 0.032813 0.054167
1 0.317969 0.602778 0.031250 0.056944
1 0.339062 0.531944 0.025781 0.045833
1 0.353125 0.583333 0.025000 0.045833
1 0.358594 0.495833 0.028906 0.048611
1 0.374219 0.605556 0.028906 0.054167
1 0.393750 0.629167 0.025000 0.045833
1 0.403906 0.402778 0.022656 0.038889
1 0.414844 0.584722 0.027344 0.048611
1 0.423438 0.348611 0.026562 0.045833
1 0.423438 0.533333 0.022656 0.037500
1 0.424219 0.487500 0.027344 0.047222
1 0.445312 0.563889 0.028125 0.047222
1 0.469531 0.633333 0.025000 0.047222
1 0.478125 0.561111 0.027344 0.047222
1 0.488281 0.497222 0.025781 0.045833
1 0.492188 0.448611 0.025000 0.041667
1 0.509375 0.386111 0.023438 0.040278
1 0.633594 0.431944 0.081250 0.086111
1 0.836719 0.361111 0.092188 0.093056
3 0.424219 0.487500 0.027344 0.047222
3 0.492188 0.448611 0.025000 0.041667
4 0.253125 0.158333 0.104688 0.116667
4 0.414844 0.584722 0.027344 0.048611
4 0.469531 0.633333 0.025000 0.047222
4 0.478125 0.561111 0.027344 0.047222
4 0.633594 0.431944 0.081250 0.086111
4 0.836719 0.361111 0.092188 0.093056
5 0.303906 0.547222 0.032813 0.054167
5 0.509375 0.386111 0.023438 0.040278
6 0.317969 0.602778 0.031250 0.056944
6 0.339062 0.531944 0.025781 0.045833
6 0.353125 0.583333 0.025000 0.045833
6 0.374219 0.605556 0.028906 0.054167
6 0.445312 0.563889 0.028125 0.047222
7 0.261719 0.697222 0.025781 0.047222
7 0.272656 0.551389 0.027344 0.044444
7 0.393750 0.629167 0.025000 0.045833
7 0.403906 0.402778 0.022656 0.038889
8 0.289062 0.595833 0.022656 0.036111
8 0.358594 0.495833 0.028906 0.048611
8 0.423438 0.348611 0.026562 0.045833
8 0.423438 0.533333 0.022656 0.037500
8 0.488281 0.497222 0.025781 0.045833