1 0.354297 0.702778 0.036719 0.063889
1 0.355078 0.625000 0.032031 0.055556
1 0.386760 0.826822 0.028544 0.058840
1 0.403286 0.685058 0.032490 0.054883
1 0.438281 0.770833 0.031250 0.055556
1 0.479687 0.655556 0.035937 0.063889
1 0.518750 0.788194 0.034375 0.065278
1 0.554297 0.744444 0.038281 0.063889
1 0.554409 0.808057 0.028681 0.050553
1 0.565995 0.665850 0.029642 0.048952
1 0.591797 0.733333 0.033594 0.063889
1 0.598047 0.647222 0.036719 0.066667
1 0.690478 0.733964 0.034669 0.062627
1 0.696484 0.547917 0.030469 0.054167
4 0.518750 0.788194 0.034375 0.065278
4 0.566062 0.667016 0.029866 0.047859
4 0.696484 0.547917 0.030469 0.054167
5 0.386760 0.826822 0.028544 0.058840
5 0.402377 0.684683 0.034309 0.055633
5 0.554297 0.744444 0.038281 0.063889
5 0.591797 0.733333 0.033594 0.063889
6 0.479687 0.655556 0.035937 0.063889
6 0.690522 0.734253 0.034581 0.062050
7 0.553661 0.808307 0.030178 0.050052
8 0.354297 0.702778 0.036719 0.063889
8 0.355078 0.625000 0.032031 0.055556
8 0.438281 0.770833 0.031250 0.055556
8 0.598047 0.647222 0.036719 0.066667