1 0.075000 0.694444 0.048438 0.063889
1 0.196484 0.510417 0.044531 0.051389
1 0.216406 0.457639 0.048438 0.056944
1 0.274219 0.493056 0.037500 0.044444
1 0.278906 0.586111 0.043750 0.052778
1 0.303516 0.418056 0.036719 0.041667
1 0.325000 0.490278 0.045312 0.055556
1 0.335547 0.544444 0.041406 0.055556
1 0.349219 0.428472 0.040625 0.045833
1 0.351172 0.611806 0.042969 0.054167
1 0.389062 0.295139 0.042188 0.045833
1 0.428125 0.360417 0.042188 0.051389
1 0.450781 0.604861 0.043750 0.054167
1 0.464453 0.404861 0.033594 0.040278
1 0.479687 0.460417 0.040625 0.048611
1 0.512109 0.513889 0.038281 0.047222
1 0.554297 0.490278 0.038281 0.047222
1 0.682031 0.480556 0.043750 0.058333
3 0.303516 0.418056 0.036719 0.041667
3 0.349219 0.428472 0.040625 0.045833
3 0.351172 0.611806 0.042969 0.054167
4 0.335547 0.544444 0.041406 0.055556
4 0.450781 0.604861 0.043750 0.054167
4 0.464453 0.404861 0.033594 0.040278
4 0.512109 0.513889 0.038281 0.047222
5 0.075000 0.694444 0.048438 0.063889
5 0.196484 0.510417 0.044531 0.051389
5 0.274219 0.493056 0.037500 0.044444
5 0.278906 0.586111 0.043750 0.052778
6 0.389062 0.295139 0.042188 0.045833
6 0.479687 0.460417 0.040625 0.048611
6 0.554297 0.490278 0.038281 0.047222
7 0.325000 0.490278 0.045312 0.055556
7 0.682031 0.480556 0.043750 0.058333
8 0.216406 0.457639 0.048438 0.056944
8 0.428125 0.360417 0.042188 0.051389