1 0.423838 0.833030 0.020503 0.035404
1 0.442578 0.636806 0.024219 0.043056
1 0.468359 0.677083 0.024219 0.043056
1 0.482031 0.738889 0.021875 0.044444
1 0.500391 0.572917 0.024219 0.045833
1 0.548438 0.611111 0.026562 0.047222
1 0.560937 0.681944 0.028125 0.050000
3 0.468359 0.677083 0.024219 0.043056
4 0.442578 0.636806 0.024219 0.043056
7 0.548438 0.611111 0.026562 0.047222
7 0.560937 0.681944 0.028125 0.050000
8 0.423838 0.833030 0.020503 0.035404
8 0.482031 0.738889 0.021875 0.044444
8 0.500391 0.572917 0.024219 0.045833