1 0.244422 0.608041 0.077906 0.093860
1 0.246875 0.479861 0.050000 0.048611
1 0.271845 0.539798 0.056190 0.060152
1 0.317578 0.634028 0.058594 0.065278
1 0.326675 0.395065 0.040851 0.042907
1 0.336800 0.525118 0.050163 0.053013
1 0.357142 0.468444 0.050221 0.056333
1 0.385156 0.577778 0.045312 0.052778
1 0.415618 0.454532 0.065611 0.070176
1 0.455078 0.395833 0.041406 0.038889
1 0.474609 0.509722 0.047656 0.047222
1 0.477392 0.433713 0.046972 0.047981
1 0.504687 0.401389 0.051562 0.052778
1 0.530597 0.587802 0.047132 0.058937
1 0.535534 0.454986 0.049192 0.054417
1 0.535937 0.385417 0.037500 0.037500
1 0.558594 0.427778 0.039062 0.041667
1 0.586351 0.462570 0.036673 0.038750
3 0.244422 0.608041 0.077906 0.093860
3 0.317578 0.634028 0.058594 0.065278
3 0.336800 0.525118 0.050163 0.053013
4 0.415618 0.454532 0.065611 0.070176
5 0.455078 0.395833 0.041406 0.038889
5 0.530597 0.587802 0.047132 0.058937
6 0.326675 0.395065 0.040851 0.042907
6 0.504687 0.401389 0.051562 0.052778
6 0.535534 0.454986 0.049192 0.054417
6 0.535937 0.385417 0.037500 0.037500
7 0.246875 0.479861 0.050000 0.048611
7 0.271845 0.539798 0.056190 0.060152
7 0.474609 0.509722 0.047656 0.047222
7 0.558594 0.427778 0.039062 0.041667
7 0.586351 0.462570 0.036673 0.038750
8 0.357142 0.468444 0.050221 0.056333
8 0.385156 0.577778 0.045312 0.052778
8 0.477392 0.433713 0.046972 0.047981