1 0.353906 0.702778 0.037500 0.063889
1 0.354480 0.625589 0.031666 0.051601
1 0.386719 0.823611 0.031250 0.058333
1 0.400031 0.684098 0.030495 0.054020
1 0.438281 0.770139 0.029687 0.054167
1 0.478906 0.655556 0.035937 0.063889
1 0.518076 0.790244 0.031161 0.061764
1 0.554688 0.743056 0.039062 0.063889
1 0.552765 0.808533 0.028845 0.049600
1 0.565845 0.665261 0.029428 0.051321
1 0.591016 0.732639 0.033594 0.065278
1 0.597964 0.648412 0.037209 0.065974
4 0.518076 0.790244 0.031161 0.061764
4 0.565825 0.665790 0.029817 0.051249
5 0.386719 0.823611 0.031250 0.058333
5 0.400031 0.684098 0.030495 0.054020
5 0.554688 0.743056 0.039062 0.063889
5 0.591016 0.732639 0.033594 0.065278
6 0.478906 0.655556 0.035937 0.063889
7 0.552389 0.808570 0.029597 0.049527
8 0.353906 0.702778 0.037500 0.063889
8 0.354362 0.625803 0.031901 0.051173
8 0.438281 0.770139 0.029687 0.054167
8 0.597964 0.648412 0.037209 0.065974