1 0.282484 0.601361 0.094656 0.138833
1 0.299219 0.476389 0.084375 0.125000
1 0.356567 0.681569 0.116259 0.185361
1 0.347087 0.400832 0.083236 0.126664
1 0.405218 0.555479 0.085436 0.130402
1 0.410881 0.447992 0.074886 0.107095
1 0.448047 0.308333 0.066406 0.105556
1 0.501069 0.377275 0.105264 0.160106
1 0.492524 0.527215 0.071622 0.106017
1 0.536719 0.305556 0.070312 0.111111
1 0.543750 0.630556 0.081250 0.125000
1 0.552252 0.471055 0.073254 0.111555
1 0.609637 0.350238 0.069274 0.108809
1 0.627734 0.462500 0.075781 0.119444
1 0.674951 0.397189 0.071777 0.113822
1 0.674855 0.570629 0.065334 0.105147
1 0.740895 0.438685 0.070852 0.113481
1 0.761832 0.674340 0.061880 0.102772
3 0.356567 0.681569 0.116259 0.185361
3 0.347087 0.400832 0.083236 0.126664
3 0.405218 0.555479 0.085436 0.130402
3 0.552252 0.471055 0.073254 0.111555
4 0.282484 0.601361 0.094656 0.138833
4 0.410881 0.447992 0.074886 0.107095
4 0.609637 0.350238 0.069274 0.108809
5 0.299219 0.476389 0.084375 0.125000
5 0.448047 0.308333 0.066406 0.105556
5 0.674951 0.397189 0.071777 0.113822
6 0.674855 0.570629 0.065334 0.105147
7 0.501069 0.377275 0.105264 0.160106
7 0.543750 0.630556 0.081250 0.125000
7 0.627734 0.462500 0.075781 0.119444
7 0.740895 0.438685 0.070852 0.113481
8 0.492524 0.527215 0.071622 0.106017
8 0.536719 0.305556 0.070312 0.111111
8 0.761832 0.674340 0.061880 0.102772