1 0.243750 0.300000 0.040625 0.050000
1 0.332031 0.288889 0.042969 0.052778
1 0.355469 0.433333 0.043750 0.062500
1 0.371094 0.488889 0.044531 0.056944
1 0.373437 0.648611 0.042969 0.065278
1 0.384375 0.379167 0.051562 0.068056
1 0.397656 0.547222 0.035937 0.055556
1 0.407813 0.300000 0.035937 0.041667
1 0.410156 0.468056 0.046875 0.066667
1 0.428125 0.183333 0.036719 0.043056
1 0.453906 0.406944 0.039844 0.054167
1 0.458594 0.518056 0.040625 0.056944
1 0.478906 0.365278 0.043750 0.061111
1 0.494531 0.241667 0.030469 0.040278
1 0.510938 0.472222 0.046875 0.062500
1 0.563281 0.511111 0.042188 0.059722
1 0.576562 0.202778 0.050781 0.062500
1 0.610938 0.644444 0.048438 0.073611
1 0.611719 0.481944 0.045312 0.063889
1 0.632812 0.287500 0.050000 0.062500
1 0.645312 0.233333 0.039062 0.050000
1 0.650781 0.380556 0.041406 0.058333
1 0.653906 0.676389 0.045312 0.066667
1 0.654687 0.448611 0.045312 0.054167
1 0.675000 0.340278 0.039844 0.055556
1 0.677344 0.615278 0.054688 0.079167
1 0.682813 0.490278 0.044531 0.059722
1 0.691406 0.429167 0.041406 0.055556
1 0.692187 0.738889 0.041406 0.062500
1 0.692969 0.219444 0.049219 0.066667
1 0.714844 0.681944 0.044531 0.063889
1 0.727344 0.390278 0.043750 0.062500
1 0.734375 0.206944 0.033594 0.044444
1 0.737500 0.455556 0.045312 0.062500
1 0.738281 0.516667 0.042188 0.055556
1 0.757031 0.120833 0.033594 0.041667
1 0.771094 0.365278 0.042188 0.056944
1 0.778125 0.477778 0.043750 0.063889
1 0.778125 0.579167 0.046875 0.066667
1 0.825000 0.506944 0.035937 0.045833
1 0.868750 0.569444 0.042969 0.054167
3 0.373437 0.648611 0.042969 0.065278
3 0.410156 0.468056 0.046875 0.066667
3 0.428125 0.183333 0.036719 0.043056
3 0.453906 0.406944 0.039844 0.054167
3 0.645312 0.233333 0.039062 0.050000
3 0.714844 0.681944 0.044531 0.063889
3 0.727344 0.390278 0.043750 0.062500
4 0.371094 0.488889 0.044531 0.056944
4 0.632812 0.287500 0.050000 0.062500
4 0.654687 0.448611 0.045312 0.054167
4 0.682813 0.490278 0.044531 0.059722
4 0.692969 0.219444 0.049219 0.066667
5 0.494531 0.241667 0.030469 0.040278
5 0.611719 0.481944 0.045312 0.063889
5 0.650781 0.380556 0.041406 0.058333
5 0.677344 0.615278 0.054688 0.079167
5 0.691406 0.429167 0.041406 0.055556
5 0.771094 0.365278 0.042188 0.056944
5 0.778125 0.477778 0.043750 0.063889
5 0.825000 0.506944 0.035937 0.045833
6 0.332031 0.288889 0.042969 0.052778
6 0.355469 0.433333 0.043750 0.062500
6 0.384375 0.379167 0.051562 0.068056
6 0.397656 0.547222 0.035937 0.055556
6 0.510938 0.472222 0.046875 0.062500
6 0.563281 0.511111 0.042188 0.059722
6 0.576562 0.202778 0.050781 0.062500
6 0.610938 0.644444 0.048438 0.073611
6 0.653906 0.676389 0.045312 0.066667
6 0.757031 0.120833 0.033594 0.041667
6 0.868750 0.569444 0.042969 0.054167
7 0.407813 0.300000 0.035937 0.041667
7 0.458594 0.518056 0.040625 0.056944
7 0.478906 0.365278 0.043750 0.061111
7 0.675000 0.340278 0.039844 0.055556
7 0.692187 0.738889 0.041406 0.062500
7 0.737500 0.455556 0.045312 0.062500
7 0.738281 0.516667 0.042188 0.055556
8 0.243750 0.300000 0.040625 0.050000
8 0.734375 0.206944 0.033594 0.044444
8 0.778125 0.579167 0.046875 0.066667