1 0.374219 0.549306 0.064062 0.087500
1 0.457422 0.687500 0.085156 0.130556
1 0.462500 0.493750 0.057813 0.070833
1 0.638640 0.495367 0.065173 0.085552
1 0.649389 0.300359 0.059715 0.070163
1 0.694677 0.383815 0.059666 0.078741
1 0.760595 0.563494 0.066310 0.100790
3 0.457422 0.687500 0.085156 0.130556
4 0.638295 0.494545 0.065863 0.087196
6 0.374219 0.549306 0.064062 0.087500
7 0.649389 0.300359 0.059715 0.070163
7 0.760702 0.563101 0.066097 0.101576
8 0.462500 0.493750 0.057813 0.070833
8 0.694677 0.383815 0.059666 0.078741