1 0.402734 0.463889 0.072656 0.055556
1 0.428906 0.419444 0.067187 0.038889
1 0.449146 0.485158 0.074283 0.052686
1 0.475457 0.423635 0.063415 0.038936
1 0.596856 0.458569 0.060900 0.061582
1 0.657422 0.431944 0.064844 0.058333
1 0.701287 0.391061 0.072887 0.037678
1 0.711628 0.478197 0.075400 0.060997
1 0.756250 0.447222 0.073438 0.061111
1 0.779379 0.397995 0.069695 0.054323
1 0.822266 0.490972 0.074219 0.054167
3 0.428906 0.419444 0.067187 0.038889
3 0.596856 0.458569 0.060900 0.061582
3 0.756250 0.447222 0.073438 0.061111
4 0.402734 0.463889 0.072656 0.055556
4 0.475457 0.423635 0.063415 0.038936
5 0.449146 0.485158 0.074283 0.052686
7 0.657422 0.431944 0.064844 0.058333
8 0.701287 0.391061 0.072887 0.037678
8 0.711628 0.478197 0.075400 0.060997
8 0.779379 0.397995 0.069695 0.054323
8 0.822266 0.490972 0.074219 0.054167