1 0.398438 0.144444 0.032031 0.037500
1 0.408594 0.286111 0.035156 0.040278
1 0.447656 0.080556 0.039844 0.044444
1 0.450781 0.176389 0.030469 0.044444
1 0.463281 0.280556 0.030469 0.038889
1 0.475000 0.368056 0.042969 0.054167
1 0.485156 0.238889 0.035156 0.040278
1 0.489063 0.415278 0.037500 0.047222
1 0.494531 0.106944 0.032813 0.036111
1 0.501563 0.287500 0.037500 0.047222
1 0.529687 0.373611 0.035937 0.044444
1 0.549219 0.201389 0.031250 0.037500
1 0.557813 0.265278 0.030469 0.037500
1 0.589063 0.275000 0.035937 0.045833
1 0.590625 0.206944 0.039062 0.050000
1 0.607031 0.173611 0.030469 0.036111
1 0.640625 0.477778 0.035937 0.047222
1 0.649219 0.429167 0.038281 0.047222
1 0.653906 0.173611 0.036719 0.043056
1 0.670312 0.066667 0.044531 0.044444
1 0.688281 0.423611 0.037500 0.047222
1 0.696875 0.297222 0.033594 0.033333
1 0.700000 0.256944 0.034375 0.038889
1 0.710156 0.559722 0.039844 0.033333
1 0.732031 0.198611 0.035156 0.043056
1 0.736719 0.368056 0.044531 0.054167
1 0.774219 0.254167 0.039844 0.045833
1 0.780469 0.394444 0.038281 0.047222
1 0.802344 0.227778 0.039844 0.044444
1 0.804688 0.311111 0.036719 0.041667
3 0.501563 0.287500 0.037500 0.047222
3 0.670312 0.066667 0.044531 0.044444
3 0.804688 0.311111 0.036719 0.041667
4 0.447656 0.080556 0.039844 0.044444
4 0.732031 0.198611 0.035156 0.043056
4 0.736719 0.368056 0.044531 0.054167
4 0.802344 0.227778 0.039844 0.044444
5 0.494531 0.106944 0.032813 0.036111
5 0.557813 0.265278 0.030469 0.037500
5 0.640625 0.477778 0.035937 0.047222
5 0.653906 0.173611 0.036719 0.043056
5 0.700000 0.256944 0.034375 0.038889
5 0.710156 0.559722 0.039844 0.033333
6 0.408594 0.286111 0.035156 0.040278
6 0.450781 0.176389 0.030469 0.044444
6 0.475000 0.368056 0.042969 0.054167
6 0.549219 0.201389 0.031250 0.037500
6 0.590625 0.206944 0.039062 0.050000
6 0.649219 0.429167 0.038281 0.047222
6 0.688281 0.423611 0.037500 0.047222
6 0.774219 0.254167 0.039844 0.045833
7 0.463281 0.280556 0.030469 0.038889
7 0.529687 0.373611 0.035937 0.044444
7 0.589063 0.275000 0.035937 0.045833
7 0.607031 0.173611 0.030469 0.036111
7 0.780469 0.394444 0.038281 0.047222
8 0.398438 0.144444 0.032031 0.037500
8 0.485156 0.238889 0.035156 0.040278
8 0.489063 0.415278 0.037500 0.047222
8 0.696875 0.297222 0.033594 0.033333