1 0.245023 0.539464 0.069141 0.082265
1 0.339633 0.393163 0.068329 0.083548
1 0.408727 0.407909 0.075266 0.090818
1 0.438568 0.646463 0.062817 0.082091
1 0.449358 0.346623 0.056235 0.055241
1 0.461003 0.284901 0.050320 0.057829
1 0.525597 0.665896 0.066226 0.084652
1 0.535106 0.470717 0.084409 0.109375
1 0.580843 0.443502 0.056998 0.073115
1 0.687094 0.577140 0.053455 0.073220
3 0.339633 0.393163 0.068329 0.083548
3 0.408727 0.407909 0.075266 0.090818
3 0.461003 0.284901 0.050320 0.057829
3 0.525597 0.665896 0.066226 0.084652
3 0.535106 0.470717 0.084409 0.109375
4 0.438568 0.646463 0.062817 0.082091
4 0.687094 0.577140 0.053455 0.073220
5 0.449358 0.346623 0.056235 0.055241
6 0.245023 0.539464 0.069141 0.082265
8 0.580843 0.443502 0.056998 0.073115