1 0.172656 0.529861 0.071875 0.076389
1 0.190625 0.727083 0.068750 0.093056
1 0.231250 0.807639 0.068750 0.098611
1 0.299495 0.450342 0.066635 0.074316
1 0.399864 0.447496 0.055771 0.069038
1 0.402983 0.228615 0.045596 0.050329
1 0.439453 0.503472 0.085156 0.098611
1 0.428766 0.322042 0.053405 0.067027
1 0.445925 0.425096 0.050338 0.066474
1 0.458984 0.215278 0.047656 0.047222
1 0.510938 0.809722 0.068750 0.094444
1 0.514453 0.447917 0.063281 0.076389
1 0.508203 0.325000 0.047656 0.052778
1 0.529687 0.550694 0.071875 0.093056
1 0.562109 0.323611 0.052344 0.055556
1 0.616016 0.732639 0.058594 0.079167
1 0.613103 0.090678 0.036672 0.040089
1 0.673047 0.195139 0.042969 0.048611
1 0.691795 0.384859 0.049223 0.066394
1 0.719984 0.447300 0.049094 0.063734
3 0.439453 0.503472 0.085156 0.098611
4 0.172656 0.529861 0.071875 0.076389
4 0.190625 0.727083 0.068750 0.093056
4 0.445793 0.424918 0.050602 0.066831
4 0.508203 0.325000 0.047656 0.052778
4 0.616016 0.732639 0.058594 0.079167
4 0.613103 0.090678 0.036672 0.040089
4 0.673047 0.195139 0.042969 0.048611
5 0.428643 0.323039 0.053651 0.065033
5 0.510938 0.809722 0.068750 0.094444
5 0.691756 0.386226 0.049300 0.063658
5 0.720200 0.446621 0.048662 0.065091
6 0.298802 0.450290 0.068021 0.074419
7 0.231250 0.807639 0.068750 0.098611
7 0.399406 0.447236 0.055325 0.069797
7 0.529687 0.550694 0.071875 0.093056
8 0.402983 0.228615 0.045596 0.050329
8 0.458984 0.215278 0.047656 0.047222
8 0.514453 0.447917 0.063281 0.076389
8 0.562109 0.323611 0.052344 0.055556