0 0.287891 0.742361 0.107031 0.243056
0 0.382031 0.495833 0.070312 0.158333
0 0.393359 0.662500 0.092969 0.180556
0 0.492969 0.552778 0.081250 0.166667
0 0.493359 0.428472 0.066406 0.120833
0 0.548828 0.696528 0.092969 0.179167
0 0.577344 0.416667 0.096875 0.183333
0 0.594141 0.553472 0.088281 0.165278
0 0.673438 0.746528 0.082812 0.184722
1 0.284766 0.684028 0.100781 0.129167
1 0.381250 0.452778 0.067187 0.072222
1 0.391669 0.615132 0.079067 0.092631
1 0.493223 0.504632 0.068242 0.071292
1 0.492583 0.404077 0.061728 0.069266
1 0.549254 0.652387 0.073367 0.089671
1 0.577344 0.369444 0.093750 0.088889
1 0.594531 0.509722 0.079687 0.077778
1 0.676524 0.705708 0.078048 0.103083
2 0.291591 0.795634 0.102459 0.132583
2 0.380513 0.529289 0.066939 0.081530
2 0.361044 0.681918 0.027020 0.133643
2 0.407049 0.697383 0.064277 0.107706
2 0.461415 0.568733 0.016975 0.132107
2 0.495197 0.453688 0.057749 0.051482
2 0.501417 0.587409 0.060854 0.093103
2 0.515577 0.710698 0.021318 0.141789
2 0.561966 0.732942 0.067686 0.100098
2 0.543205 0.428185 0.022576 0.153804
2 0.565560 0.564449 0.029839 0.113849
2 0.591177 0.440111 0.065491 0.099296
2 0.610031 0.576314 0.054328 0.113866
2 0.673273 0.788105 0.079494 0.098570
3 0.381250 0.452778 0.067187 0.072222
3 0.594531 0.509722 0.079687 0.077778
4 0.284766 0.684028 0.100781 0.129167
4 0.392145 0.618056 0.079773 0.097222
5 0.676524 0.705708 0.078048 0.103083
7 0.493275 0.506996 0.068138 0.066564
7 0.577344 0.369444 0.093750 0.088889
8 0.492583 0.404077 0.061728 0.069266
8 0.548933 0.651476 0.074009 0.091492