1 0.434941 0.354294 0.061105 0.070345
1 0.472249 0.466947 0.061685 0.072784
1 0.552674 0.636803 0.071130 0.089583
1 0.572711 0.336971 0.065912 0.077984
1 0.571642 0.430073 0.063760 0.084207
1 0.621179 0.394801 0.067359 0.072936
1 0.631139 0.112259 0.055130 0.068251
1 0.700902 0.396171 0.092429 0.111787
1 0.733856 0.332362 0.059283 0.067790
1 0.802902 0.302772 0.058698 0.069689
3 0.700902 0.396171 0.092429 0.111787
3 0.802902 0.302772 0.058698 0.069689
4 0.572711 0.336971 0.065912 0.077984
6 0.552642 0.635273 0.071194 0.092643
6 0.631139 0.112259 0.055130 0.068251
7 0.472249 0.466947 0.061685 0.072784
8 0.434941 0.354294 0.061105 0.070345
8 0.571642 0.430073 0.063760 0.084207
8 0.621179 0.394801 0.067359 0.072936
8 0.734081 0.331944 0.058835 0.068625