1 0.252344 0.159722 0.103125 0.119444
1 0.318750 0.487500 0.025000 0.041667
1 0.322266 0.647917 0.028906 0.051389
1 0.326953 0.441667 0.024219 0.038889
1 0.328125 0.754861 0.026562 0.045833
1 0.332031 0.396528 0.026562 0.040278
1 0.346875 0.731944 0.032813 0.050000
1 0.353516 0.451389 0.027344 0.041667
1 0.360938 0.690972 0.028125 0.048611
1 0.382422 0.447917 0.025781 0.043056
1 0.405859 0.556250 0.025781 0.051389
1 0.415625 0.455556 0.026562 0.047222
1 0.436719 0.689583 0.026562 0.048611
1 0.444922 0.477778 0.030469 0.050000
1 0.453125 0.640278 0.029687 0.050000
1 0.456641 0.713889 0.025781 0.044444
1 0.459766 0.763194 0.032031 0.056944
1 0.529297 0.538889 0.071094 0.075000
1 0.556641 0.580556 0.028906 0.047222
3 0.529297 0.538889 0.071094 0.075000
3 0.556641 0.580556 0.028906 0.047222
4 0.252344 0.159722 0.103125 0.119444
4 0.322266 0.647917 0.028906 0.051389
4 0.346875 0.731944 0.032813 0.050000
4 0.382422 0.447917 0.025781 0.043056
4 0.436719 0.689583 0.026562 0.048611
5 0.444922 0.477778 0.030469 0.050000
5 0.453125 0.640278 0.029687 0.050000
6 0.459766 0.763194 0.032031 0.056944
7 0.318750 0.487500 0.025000 0.041667
7 0.332031 0.396528 0.026562 0.040278
7 0.353516 0.451389 0.027344 0.041667
7 0.360938 0.690972 0.028125 0.048611
7 0.415625 0.455556 0.026562 0.047222
8 0.326953 0.441667 0.024219 0.038889
8 0.328125 0.754861 0.026562 0.045833
8 0.405859 0.556250 0.025781 0.051389
8 0.456641 0.713889 0.025781 0.044444