1 0.233203 0.722917 0.028906 0.051389
1 0.249219 0.372222 0.028125 0.047222
1 0.250391 0.427083 0.028906 0.045833
1 0.267578 0.456944 0.028906 0.050000
1 0.267188 0.690278 0.028125 0.052778
1 0.318359 0.606944 0.025781 0.047222
1 0.330078 0.369444 0.027344 0.047222
1 0.357812 0.828472 0.073438 0.098611
1 0.339844 0.540972 0.023438 0.045833
1 0.344922 0.693750 0.024219 0.043056
1 0.347656 0.643056 0.025000 0.044444
1 0.351172 0.211111 0.025781 0.047222
1 0.354297 0.413889 0.027344 0.047222
1 0.378125 0.538194 0.023438 0.043056
1 0.382422 0.677083 0.024219 0.051389
1 0.385156 0.730556 0.028125 0.050000
1 0.397656 0.622222 0.026562 0.047222
1 0.410547 0.682639 0.028906 0.051389
1 0.426172 0.393750 0.022656 0.040278
1 0.460547 0.495833 0.067969 0.066667
1 0.450000 0.681944 0.026562 0.052778
1 0.451953 0.361806 0.022656 0.037500
1 0.469141 0.327778 0.027344 0.044444
1 0.481641 0.282639 0.027344 0.043056
1 0.504297 0.341667 0.025781 0.044444
1 0.510938 0.706250 0.023438 0.043056
1 0.516016 0.407639 0.025781 0.045833
1 0.528516 0.471528 0.025781 0.045833
1 0.538281 0.627083 0.021875 0.043056
1 0.564453 0.504861 0.025781 0.048611
1 0.564063 0.715278 0.023438 0.047222
1 0.590234 0.614583 0.025781 0.048611
1 0.604297 0.507639 0.032031 0.059722
1 0.690625 0.430556 0.082812 0.108333
3 0.250391 0.427083 0.028906 0.045833
3 0.318359 0.606944 0.025781 0.047222
3 0.330078 0.369444 0.027344 0.047222
3 0.347656 0.643056 0.025000 0.044444
3 0.378125 0.538194 0.023438 0.043056
3 0.410547 0.682639 0.028906 0.051389
3 0.450000 0.681944 0.026562 0.052778
3 0.451953 0.361806 0.022656 0.037500
3 0.510938 0.706250 0.023438 0.043056
3 0.516016 0.407639 0.025781 0.045833
3 0.528516 0.471528 0.025781 0.045833
3 0.604297 0.507639 0.032031 0.059722
3 0.690625 0.430556 0.082812 0.108333
4 0.357812 0.828472 0.073438 0.098611
4 0.344922 0.693750 0.024219 0.043056
4 0.354297 0.413889 0.027344 0.047222
4 0.460547 0.495833 0.067969 0.066667
4 0.538281 0.627083 0.021875 0.043056
5 0.233203 0.722917 0.028906 0.051389
5 0.249219 0.372222 0.028125 0.047222
5 0.351172 0.211111 0.025781 0.047222
5 0.382422 0.677083 0.024219 0.051389
5 0.564453 0.504861 0.025781 0.048611
6 0.267578 0.456944 0.028906 0.050000
6 0.267188 0.690278 0.028125 0.052778
6 0.339844 0.540972 0.023438 0.045833
6 0.469141 0.327778 0.027344 0.044444
6 0.481641 0.282639 0.027344 0.043056
7 0.385156 0.730556 0.028125 0.050000
7 0.504297 0.341667 0.025781 0.044444
7 0.564063 0.715278 0.023438 0.047222
7 0.590234 0.614583 0.025781 0.048611
8 0.397656 0.622222 0.026562 0.047222
8 0.426172 0.393750 0.022656 0.040278