1 0.174609 0.103472 0.036719 0.037500
1 0.357422 0.582639 0.052344 0.068056
1 0.490625 0.263194 0.037500 0.040278
1 0.637500 0.300694 0.045312 0.048611
1 0.656641 0.258333 0.041406 0.047222
1 0.698438 0.253472 0.034375 0.040278
1 0.729688 0.277083 0.031250 0.040278
1 0.746094 0.158333 0.039062 0.041667
1 0.760547 0.302778 0.039844 0.047222
1 0.780078 0.281944 0.036719 0.044444
1 0.781250 0.354861 0.035937 0.043056
1 0.810156 0.258333 0.034375 0.038889
1 0.819531 0.358333 0.037500 0.044444
1 0.819141 0.302083 0.033594 0.040278
1 0.856641 0.359722 0.042969 0.044444
1 0.912500 0.555556 0.042188 0.061111
1 0.941016 0.316667 0.038281 0.041667
4 0.780078 0.281944 0.036719 0.044444
4 0.781250 0.354861 0.035937 0.043056
5 0.698438 0.253472 0.034375 0.040278
5 0.729688 0.277083 0.031250 0.040278
5 0.746094 0.158333 0.039062 0.041667
5 0.760547 0.302778 0.039844 0.047222
5 0.856641 0.359722 0.042969 0.044444
6 0.357422 0.582639 0.052344 0.068056
6 0.637500 0.300694 0.045312 0.048611
6 0.810156 0.258333 0.034375 0.038889
6 0.941016 0.316667 0.038281 0.041667
7 0.490625 0.263194 0.037500 0.040278
7 0.656641 0.258333 0.041406 0.047222
7 0.912500 0.555556 0.042188 0.061111
8 0.174609 0.103472 0.036719 0.037500
8 0.819531 0.358333 0.037500 0.044444
8 0.819141 0.302083 0.033594 0.040278