1 0.253906 0.478472 0.068750 0.059722
1 0.294922 0.336806 0.052344 0.043056
1 0.313281 0.375694 0.056250 0.054167
1 0.324609 0.466667 0.069531 0.041667
1 0.323828 0.290972 0.049219 0.040278
1 0.385937 0.357639 0.056250 0.040278
1 0.400000 0.311111 0.050000 0.038889
1 0.407813 0.267361 0.046875 0.040278
1 0.444531 0.417361 0.054688 0.048611
1 0.453516 0.318056 0.049219 0.036111
1 0.512109 0.326389 0.050781 0.041667
1 0.564844 0.325000 0.048438 0.041667
1 0.612500 0.271528 0.064062 0.054167
1 0.657813 0.303472 0.056250 0.043056
1 0.684575 0.242970 0.055088 0.047050
1 0.692578 0.131250 0.042969 0.034722
1 0.714576 0.321264 0.057277 0.045306
1 0.758594 0.393056 0.064062 0.063889
1 0.786328 0.343056 0.064844 0.050000
1 0.796094 0.188889 0.054688 0.041667
3 0.253906 0.478472 0.068750 0.059722
3 0.294922 0.336806 0.052344 0.043056
3 0.444531 0.417361 0.054688 0.048611
3 0.612500 0.271528 0.064062 0.054167
3 0.684575 0.242970 0.055088 0.047050
4 0.313281 0.375694 0.056250 0.054167
4 0.400000 0.311111 0.050000 0.038889
4 0.692578 0.131250 0.042969 0.034722
4 0.796094 0.188889 0.054688 0.041667
5 0.324609 0.466667 0.069531 0.041667
5 0.323828 0.290972 0.049219 0.040278
5 0.407813 0.267361 0.046875 0.040278
5 0.453516 0.318056 0.049219 0.036111
5 0.758594 0.393056 0.064062 0.063889
6 0.385937 0.357639 0.056250 0.040278
6 0.657813 0.303472 0.056250 0.043056
7 0.512109 0.326389 0.050781 0.041667
7 0.564938 0.325000 0.048438 0.041667
7 0.786328 0.343056 0.064844 0.050000
8 0.714576 0.321264 0.057277 0.045306