1 0.346875 0.676389 0.026562 0.047222
1 0.348036 0.620257 0.025759 0.048848
1 0.359375 0.572222 0.026562 0.044444
1 0.359766 0.740278 0.025781 0.047222
1 0.364917 0.645281 0.028235 0.050532
1 0.369531 0.452083 0.026562 0.045833
1 0.400000 0.600000 0.028125 0.047222
1 0.419922 0.567361 0.024219 0.040278
1 0.425077 0.642371 0.019498 0.036757
1 0.429297 0.605556 0.024219 0.036111
1 0.445312 0.395139 0.021875 0.037500
1 0.461939 0.714230 0.022256 0.038753
1 0.464000 0.602127 0.023563 0.042968
1 0.480078 0.544444 0.027344 0.047222
1 0.513672 0.595139 0.025781 0.045833
1 0.514453 0.396528 0.024219 0.037500
1 0.532422 0.478472 0.025781 0.043056
1 0.539062 0.545139 0.028125 0.048611
1 0.597656 0.613889 0.023438 0.044444
3 0.359766 0.740278 0.025781 0.047222
3 0.364917 0.645281 0.028235 0.050532
3 0.369531 0.452083 0.026562 0.045833
3 0.480078 0.544444 0.027344 0.047222
3 0.514453 0.396528 0.024219 0.037500
3 0.532422 0.478472 0.025781 0.043056
3 0.597656 0.613889 0.023438 0.044444
4 0.346875 0.676389 0.026562 0.047222
4 0.348156 0.619325 0.025999 0.046984
4 0.419922 0.567361 0.024219 0.040278
4 0.425077 0.642371 0.019498 0.036757
5 0.359375 0.572222 0.026562 0.044444
5 0.429297 0.605556 0.024219 0.036111
5 0.445312 0.395139 0.021875 0.037500
5 0.461939 0.714230 0.022256 0.038753
5 0.463872 0.603121 0.023819 0.040981
5 0.539062 0.545139 0.028125 0.048611
7 0.513672 0.595139 0.025781 0.045833
8 0.400000 0.600000 0.028125 0.047222