1 0.556858 0.768717 0.044647 0.074767
1 0.585547 0.538889 0.046094 0.080556
1 0.594908 0.259517 0.039871 0.069854
1 0.595841 0.628092 0.038379 0.067106
1 0.613292 0.399850 0.037478 0.069745
1 0.633594 0.495139 0.064062 0.106944
1 0.643956 0.595483 0.048795 0.083040
1 0.652734 0.366667 0.042969 0.072222
1 0.685115 0.425879 0.045394 0.081576
1 0.707095 0.506444 0.043623 0.078778
1 0.727672 0.622173 0.039462 0.072879
3 0.595841 0.628092 0.038379 0.067106
4 0.557886 0.769973 0.044513 0.076682
4 0.643956 0.595483 0.048795 0.083040
4 0.727672 0.622173 0.039462 0.072879
5 0.585547 0.538889 0.046094 0.080556
5 0.594672 0.258373 0.040344 0.072144
5 0.652734 0.366667 0.042969 0.072222
6 0.685108 0.425879 0.045410 0.081576
6 0.707337 0.506376 0.043138 0.078915
7 0.613053 0.399881 0.037957 0.069683
7 0.633594 0.495139 0.064062 0.106944