1 0.144486 0.376309 0.059285 0.063728
1 0.249739 0.208011 0.052602 0.054910
1 0.264907 0.594806 0.066740 0.080041
1 0.287425 0.244349 0.051412 0.049808
1 0.313281 0.509722 0.071875 0.097222
1 0.375000 0.511111 0.053125 0.066667
1 0.375000 0.279861 0.046875 0.054167
1 0.404416 0.440138 0.057031 0.058333
1 0.426172 0.367361 0.067969 0.087500
1 0.423628 0.182826 0.056632 0.046207
1 0.432422 0.298611 0.064844 0.080556
1 0.436734 0.577281 0.060969 0.071229
1 0.474230 0.652921 0.060914 0.074714
1 0.485941 0.316698 0.046995 0.054271
1 0.502734 0.383333 0.061719 0.075000
1 0.503777 0.585139 0.062097 0.081389
1 0.497230 0.225236 0.044411 0.052866
1 0.524808 0.269301 0.045528 0.053280
1 0.547103 0.645385 0.060481 0.087007
1 0.541765 0.334726 0.047720 0.049992
3 0.144486 0.376309 0.059285 0.063728
3 0.313281 0.509722 0.071875 0.097222
3 0.426172 0.367361 0.067969 0.087500
3 0.485941 0.316698 0.046995 0.054271
4 0.287425 0.244349 0.051412 0.049808
4 0.502734 0.383333 0.061719 0.075000
5 0.249739 0.208011 0.052602 0.054910
5 0.264907 0.594806 0.066740 0.080041
5 0.375000 0.279861 0.046875 0.054167
5 0.432422 0.298611 0.064844 0.080556
5 0.541995 0.334292 0.047260 0.050861
6 0.375000 0.511111 0.053125 0.066667
6 0.404416 0.440138 0.057031 0.058333
6 0.423628 0.182826 0.056632 0.046207
6 0.474230 0.652921 0.060914 0.074714
6 0.503777 0.585139 0.062097 0.081389
7 0.497230 0.225236 0.044411 0.052866
8 0.436734 0.577281 0.060969 0.071229
8 0.524808 0.269301 0.045528 0.053280
8 0.547103 0.645385 0.060481 0.087007