1 0.245312 0.179167 0.104688 0.118056
1 0.342969 0.605556 0.024219 0.043056
1 0.348438 0.670833 0.028906 0.050000
1 0.354687 0.527778 0.026562 0.045833
1 0.367188 0.633333 0.025000 0.045833
1 0.393750 0.622222 0.025781 0.043056
1 0.393750 0.748611 0.024219 0.051389
1 0.410938 0.555556 0.028906 0.050000
1 0.427344 0.613889 0.024219 0.043056
1 0.450000 0.659722 0.021875 0.041667
1 0.462500 0.454167 0.023438 0.040278
1 0.467187 0.687500 0.025781 0.047222
1 0.484375 0.586111 0.023438 0.044444
1 0.505469 0.523611 0.023438 0.037500
1 0.508594 0.562500 0.024219 0.040278
1 0.514062 0.631944 0.026562 0.048611
1 0.566406 0.551389 0.026562 0.045833
1 0.835156 0.418056 0.092969 0.102778
3 0.354687 0.527778 0.026562 0.045833
3 0.367188 0.633333 0.025000 0.045833
3 0.505469 0.523611 0.023438 0.037500
3 0.514062 0.631944 0.026562 0.048611
3 0.835156 0.418056 0.092969 0.102778
4 0.245312 0.179167 0.104688 0.118056
4 0.348438 0.670833 0.028906 0.050000
4 0.393750 0.748611 0.024219 0.051389
4 0.410938 0.555556 0.028906 0.050000
4 0.427344 0.613889 0.024219 0.043056
4 0.450000 0.659722 0.021875 0.041667
4 0.462500 0.454167 0.023438 0.040278
5 0.342969 0.605556 0.024219 0.043056
5 0.566406 0.551389 0.026562 0.045833
7 0.467187 0.687500 0.025781 0.047222
8 0.393750 0.622222 0.025781 0.043056
8 0.484375 0.586111 0.023438 0.044444
8 0.508594 0.562500 0.024219 0.040278