1 0.473047 0.362500 0.035156 0.066667
1 0.476562 0.488194 0.040625 0.073611
1 0.577942 0.675620 0.061303 0.107094
1 0.581130 0.395886 0.047116 0.091561
1 0.608818 0.328582 0.049551 0.092836
1 0.665781 0.741999 0.040313 0.077113
1 0.695734 0.297862 0.044141 0.086724
1 0.700887 0.537667 0.048227 0.083000
4 0.473047 0.362500 0.035156 0.066667
4 0.577942 0.675620 0.061303 0.107094
5 0.581130 0.395886 0.047116 0.091561
5 0.608818 0.328582 0.049551 0.092836
5 0.665781 0.741999 0.040313 0.077113
6 0.695734 0.297862 0.044141 0.086724
7 0.476562 0.488194 0.040625 0.073611
8 0.700887 0.537667 0.048227 0.083000