1 0.184375 0.459722 0.045312 0.052778
1 0.325781 0.568750 0.051562 0.068056
1 0.334766 0.297917 0.038281 0.045833
1 0.398047 0.140278 0.035156 0.038889
1 0.415625 0.502083 0.042188 0.056944
1 0.476172 0.585417 0.042969 0.062500
1 0.522266 0.343056 0.046094 0.055556
1 0.558984 0.129167 0.038281 0.044444
1 0.601172 0.359722 0.042969 0.050000
1 0.635156 0.309028 0.037500 0.048611
1 0.660547 0.663194 0.044531 0.068056
1 0.738281 0.262500 0.040625 0.050000
3 0.601172 0.359722 0.042969 0.050000
4 0.558984 0.129167 0.038281 0.044444
5 0.334766 0.297917 0.038281 0.045833
5 0.476172 0.585417 0.042969 0.062500
6 0.184375 0.459722 0.045312 0.052778
6 0.398047 0.140278 0.035156 0.038889
6 0.660547 0.663194 0.044531 0.068056
7 0.415625 0.502083 0.042188 0.056944
7 0.635156 0.309028 0.037500 0.048611
7 0.738281 0.262500 0.040625 0.050000
8 0.325781 0.568750 0.051562 0.068056
8 0.522266 0.343056 0.046094 0.055556