1 0.457813 0.375000 0.046094 0.059722
1 0.468750 0.616667 0.037500 0.054167
1 0.477344 0.308333 0.035937 0.050000
1 0.499219 0.245833 0.039844 0.048611
1 0.503906 0.358333 0.035156 0.047222
1 0.520312 0.190278 0.035156 0.044444
1 0.530469 0.295833 0.040625 0.052778
1 0.546875 0.372222 0.040625 0.054167
1 0.555469 0.238889 0.035937 0.048611
1 0.569531 0.306944 0.048438 0.068056
1 0.585156 0.438889 0.035156 0.047222
1 0.615625 0.350000 0.040625 0.052778
1 0.646875 0.111111 0.039062 0.043056
1 0.648438 0.455556 0.053906 0.066667
1 0.718750 0.133333 0.034375 0.041667
1 0.757031 0.383333 0.041406 0.054167
1 0.765625 0.273611 0.038281 0.047222
3 0.457813 0.375000 0.046094 0.059722
3 0.503906 0.358333 0.035156 0.047222
5 0.468750 0.616667 0.037500 0.054167
5 0.499219 0.245833 0.039844 0.048611
5 0.569531 0.306944 0.048438 0.068056
5 0.615625 0.350000 0.040625 0.052778
5 0.765625 0.273611 0.038281 0.047222
6 0.520312 0.190278 0.035156 0.044444
6 0.757031 0.383333 0.041406 0.054167
7 0.546875 0.372222 0.040625 0.054167
7 0.585156 0.438889 0.035156 0.047222
7 0.646875 0.111111 0.039062 0.043056
8 0.477344 0.308333 0.035937 0.050000
8 0.530469 0.295833 0.040625 0.052778
8 0.555469 0.238889 0.035937 0.048611
8 0.648438 0.455556 0.053906 0.066667
8 0.718750 0.133333 0.034375 0.041667