0 0.295312 0.744444 0.082812 0.194444
0 0.341797 0.476389 0.069531 0.147222
0 0.425781 0.434722 0.098437 0.194444
0 0.523828 0.679861 0.072656 0.168056
0 0.558984 0.428472 0.074219 0.143056
0 0.601172 0.543750 0.096094 0.187500
0 0.610156 0.709722 0.089063 0.175000
0 0.621094 0.463194 0.078125 0.126389
1 0.292578 0.698611 0.077344 0.102778
1 0.342187 0.431944 0.064062 0.055556
1 0.427344 0.379861 0.092188 0.084722
1 0.523685 0.636271 0.067682 0.080874
1 0.559375 0.389583 0.068750 0.065278
1 0.604297 0.495833 0.086719 0.091667
1 0.613281 0.669444 0.076563 0.097222
1 0.620703 0.432639 0.074219 0.068056
2 0.294381 0.788652 0.079728 0.101750
2 0.341441 0.506306 0.068287 0.093082
2 0.396980 0.449200 0.040560 0.154226
2 0.444903 0.461443 0.055216 0.140734
2 0.523439 0.718099 0.065517 0.088108
2 0.533295 0.440699 0.022625 0.116624
2 0.569457 0.456526 0.042342 0.079160
2 0.594512 0.581228 0.081789 0.110640
2 0.598033 0.740833 0.065366 0.102727
2 0.643952 0.727865 0.022733 0.133889
3 0.559375 0.389583 0.068750 0.065278
4 0.342187 0.431944 0.064062 0.055556
5 0.292578 0.698611 0.077344 0.102778
6 0.523685 0.636271 0.067682 0.080874
6 0.604297 0.495833 0.086719 0.091667
7 0.620703 0.432639 0.074219 0.068056
8 0.427344 0.379861 0.092188 0.084722
8 0.613281 0.669444 0.076563 0.097222