1 0.382812 0.442361 0.029687 0.034722
1 0.442188 0.361111 0.025000 0.027778
1 0.476172 0.526389 0.030469 0.036111
1 0.484766 0.370139 0.024219 0.026389
1 0.510938 0.615278 0.029687 0.036111
1 0.535937 0.406944 0.026562 0.027778
1 0.576562 0.524306 0.026562 0.031944
1 0.587891 0.429861 0.028906 0.031944
1 0.632812 0.540278 0.028125 0.033333
1 0.644147 0.298302 0.025787 0.029313
4 0.476172 0.526389 0.030469 0.036111
4 0.484766 0.370139 0.024219 0.026389
4 0.632812 0.540278 0.028125 0.033333
5 0.576562 0.524306 0.026562 0.031944
6 0.382812 0.442361 0.029687 0.034722
6 0.587891 0.429861 0.028906 0.031944
6 0.644147 0.298302 0.025787 0.029313
7 0.442188 0.361111 0.025000 0.027778
8 0.510938 0.615278 0.029687 0.036111
8 0.535937 0.406944 0.026562 0.027778