1 0.372266 0.487500 0.038281 0.052778
1 0.378906 0.233333 0.032813 0.038889
1 0.393750 0.311806 0.032813 0.040278
1 0.411719 0.073611 0.029687 0.033333
1 0.429688 0.203472 0.034375 0.045833
1 0.436719 0.459722 0.039062 0.047222
1 0.458203 0.139583 0.032031 0.037500
1 0.467187 0.211111 0.040625 0.050000
1 0.508203 0.284028 0.036719 0.045833
1 0.510547 0.199306 0.035156 0.043056
1 0.525000 0.244444 0.034375 0.041667
1 0.572656 0.245833 0.039062 0.044444
1 0.569922 0.166667 0.032031 0.036111
1 0.582031 0.305556 0.043750 0.055556
1 0.602734 0.102778 0.046094 0.055556
1 0.607422 0.206944 0.038281 0.044444
1 0.657422 0.226389 0.041406 0.055556
1 0.694141 0.199306 0.035156 0.040278
1 0.699219 0.310417 0.040625 0.051389
1 0.704688 0.375000 0.037500 0.047222
1 0.712528 0.061587 0.034431 0.039840
1 0.736328 0.283333 0.038281 0.047222
1 0.734766 0.203472 0.033594 0.045833
1 0.775000 0.313889 0.035937 0.044444
1 0.821094 0.331944 0.035937 0.047222
1 0.824991 0.198919 0.037519 0.049384
1 0.841016 0.424306 0.039844 0.048611
1 0.854688 0.376389 0.042188 0.047222
1 0.892578 0.238889 0.038281 0.047222
1 0.918359 0.177778 0.038281 0.038889
3 0.411719 0.073611 0.029687 0.033333
3 0.436719 0.459722 0.039062 0.047222
3 0.458203 0.139583 0.032031 0.037500
3 0.602734 0.102778 0.046094 0.055556
3 0.854688 0.376389 0.042188 0.047222
4 0.378906 0.233333 0.032813 0.038889
4 0.508203 0.284028 0.036719 0.045833
4 0.510547 0.199306 0.035156 0.043056
4 0.569922 0.166667 0.032031 0.036111
4 0.918359 0.177778 0.038281 0.038889
5 0.393750 0.311806 0.032813 0.040278
5 0.429688 0.203472 0.034375 0.045833
5 0.467187 0.211111 0.040625 0.050000
5 0.572656 0.245833 0.039062 0.044444
5 0.607422 0.206944 0.038281 0.044444
6 0.525000 0.244444 0.034375 0.041667
6 0.657422 0.226389 0.041406 0.055556
6 0.694141 0.199306 0.035156 0.040278
6 0.704688 0.375000 0.037500 0.047222
6 0.734766 0.203472 0.033594 0.045833
6 0.841016 0.424306 0.039844 0.048611
6 0.892578 0.238889 0.038281 0.047222
7 0.699219 0.310417 0.040625 0.051389
7 0.712514 0.062006 0.034404 0.040678
7 0.736328 0.283333 0.038281 0.047222
7 0.775000 0.313889 0.035937 0.044444
8 0.372266 0.487500 0.038281 0.052778
8 0.582031 0.305556 0.043750 0.055556
8 0.821094 0.331944 0.035937 0.047222
8 0.824612 0.198654 0.038277 0.049915