1 0.613756 0.241876 0.039852 0.047372
1 0.624210 0.364457 0.046628 0.053873
1 0.638792 0.436390 0.046851 0.061512
1 0.672697 0.256117 0.041863 0.051093
1 0.686824 0.312348 0.041664 0.046128
1 0.720595 0.361844 0.044748 0.054091
1 0.756405 0.268247 0.038575 0.044751
1 0.793173 0.418457 0.045720 0.056359
1 0.801328 0.287556 0.037412 0.042008
1 0.821762 0.354422 0.047673 0.050551
3 0.613756 0.241876 0.039852 0.047372
3 0.638792 0.436390 0.046851 0.061512
3 0.686824 0.312348 0.041664 0.046128
3 0.801328 0.287556 0.037412 0.042008
4 0.821762 0.354422 0.047673 0.050551
6 0.672697 0.256117 0.041863 0.051093
7 0.624210 0.364457 0.046628 0.053873
7 0.793173 0.418457 0.045720 0.056359
8 0.720595 0.361844 0.044748 0.054091
8 0.756405 0.268247 0.038575 0.044751