1 0.411328 0.280556 0.044531 0.052778
1 0.421875 0.368750 0.056250 0.068056
1 0.426172 0.552778 0.049219 0.066667
1 0.513672 0.503472 0.047656 0.059722
1 0.515625 0.417361 0.039062 0.045833
1 0.578125 0.500000 0.048438 0.063889
1 0.577734 0.245833 0.041406 0.050000
1 0.583203 0.344444 0.038281 0.047222
1 0.613281 0.570139 0.048438 0.065278
1 0.633594 0.377778 0.039062 0.052778
1 0.660937 0.433333 0.039062 0.052778
1 0.782031 0.477083 0.048438 0.062500
3 0.613281 0.570139 0.048438 0.065278
4 0.583203 0.344444 0.038281 0.047222
5 0.660937 0.433333 0.039062 0.052778
6 0.633594 0.377778 0.039062 0.052778
7 0.411328 0.280556 0.044531 0.052778
7 0.421875 0.368750 0.056250 0.068056
7 0.513672 0.503472 0.047656 0.059722
7 0.515625 0.417361 0.039062 0.045833
7 0.577734 0.245833 0.041406 0.050000
7 0.782031 0.477083 0.048438 0.062500
8 0.426172 0.552778 0.049219 0.066667
8 0.578125 0.500000 0.048438 0.063889