1 0.423373 0.571274 0.081250 0.087299
1 0.423452 0.499223 0.065887 0.045562
1 0.515973 0.323195 0.049133 0.021391
1 0.553516 0.452778 0.067969 0.052778
1 0.637935 0.514775 0.080381 0.070449
1 0.649683 0.456129 0.077237 0.057031
1 0.753125 0.393056 0.068750 0.047222
1 0.761491 0.529950 0.068295 0.054344
1 0.785142 0.488197 0.067159 0.043060
1 0.798828 0.439583 0.066406 0.048611
1 0.875888 0.543947 0.081463 0.051784
3 0.649683 0.456129 0.077237 0.057031
4 0.515973 0.323195 0.049133 0.021391
4 0.637935 0.514775 0.080381 0.070449
5 0.553516 0.452778 0.067969 0.052778
5 0.753125 0.393056 0.068750 0.047222
5 0.785142 0.488197 0.067159 0.043060
7 0.423373 0.571274 0.081250 0.087299
7 0.875888 0.543947 0.081463 0.051784
8 0.423452 0.499223 0.065887 0.045562
8 0.761491 0.529950 0.068295 0.054344
8 0.798828 0.439583 0.066406 0.048611