1 0.236719 0.466667 0.025000 0.041667
1 0.251563 0.156944 0.103125 0.116667
1 0.272656 0.694444 0.028125 0.047222
1 0.279687 0.643056 0.029687 0.047222
1 0.299219 0.605556 0.033594 0.061111
1 0.317188 0.475000 0.027344 0.044444
1 0.326562 0.433333 0.025000 0.043056
1 0.330469 0.387500 0.027344 0.043056
1 0.330469 0.673611 0.025000 0.048611
1 0.335938 0.775000 0.022656 0.044444
1 0.350781 0.450000 0.027344 0.043056
1 0.357812 0.606944 0.030469 0.052778
1 0.373437 0.562500 0.026562 0.048611
1 0.385937 0.716667 0.028906 0.050000
1 0.403906 0.526389 0.025000 0.048611
1 0.410156 0.577778 0.025000 0.038889
1 0.413281 0.452778 0.028125 0.045833
1 0.428906 0.543056 0.024219 0.041667
1 0.441406 0.584722 0.025781 0.043056
1 0.442969 0.475000 0.028906 0.048611
1 0.833594 0.365278 0.092188 0.102778
3 0.272656 0.694444 0.028125 0.047222
3 0.385937 0.716667 0.028906 0.050000
3 0.833594 0.365278 0.092188 0.102778
4 0.251563 0.156944 0.103125 0.116667
4 0.299219 0.605556 0.033594 0.061111
4 0.357812 0.606944 0.030469 0.052778
4 0.373437 0.562500 0.026562 0.048611
4 0.428906 0.543056 0.024219 0.041667
5 0.279687 0.643056 0.029687 0.047222
5 0.410156 0.577778 0.025000 0.038889
5 0.442969 0.475000 0.028906 0.048611
6 0.317188 0.475000 0.027344 0.044444
6 0.441406 0.584722 0.025781 0.043056
7 0.330469 0.387500 0.027344 0.043056
7 0.330469 0.673611 0.025000 0.048611
7 0.350781 0.450000 0.027344 0.043056
7 0.413281 0.452778 0.028125 0.045833
8 0.236719 0.466667 0.025000 0.041667
8 0.326562 0.433333 0.025000 0.043056
8 0.335938 0.775000 0.022656 0.044444
8 0.403906 0.526389 0.025000 0.048611