1 0.262891 0.685417 0.078906 0.118056
1 0.312891 0.536806 0.071094 0.106944
1 0.362109 0.728472 0.114844 0.193056
1 0.362118 0.401697 0.086407 0.124284
1 0.405469 0.557639 0.087500 0.129167
1 0.422503 0.348806 0.080944 0.117056
1 0.509523 0.332438 0.061233 0.081542
1 0.512405 0.436110 0.066998 0.091665
1 0.529220 0.665415 0.072272 0.116401
1 0.578125 0.265972 0.067187 0.081944
1 0.583979 0.362388 0.077354 0.116890
1 0.620486 0.527877 0.059028 0.083134
1 0.651172 0.298611 0.064844 0.094444
1 0.685493 0.624424 0.066299 0.118293
1 0.707422 0.382639 0.080469 0.126389
1 0.730615 0.500311 0.071516 0.102806
1 0.832962 0.488039 0.065327 0.096144
3 0.362109 0.728472 0.114844 0.193056
3 0.685493 0.624424 0.066299 0.118293
3 0.707422 0.382639 0.080469 0.126389
3 0.832962 0.488039 0.065327 0.096144
4 0.262891 0.685417 0.078906 0.118056
4 0.512405 0.436110 0.066998 0.091665
5 0.312891 0.536806 0.071094 0.106944
5 0.422503 0.348806 0.080944 0.117056
5 0.509523 0.332438 0.061233 0.081542
7 0.362118 0.401697 0.086407 0.124284
7 0.405469 0.557639 0.087500 0.129167
7 0.529220 0.665415 0.072272 0.116401
7 0.578125 0.265972 0.067187 0.081944
7 0.584306 0.363527 0.076701 0.114612
7 0.730615 0.500311 0.071516 0.102806
8 0.620982 0.527289 0.058036 0.084311
8 0.651172 0.298611 0.064844 0.094444