1 0.275000 0.176389 0.101562 0.116667
1 0.299219 0.627778 0.034375 0.051389
1 0.320312 0.720833 0.026562 0.051389
1 0.339844 0.704167 0.031250 0.055556
1 0.374219 0.716667 0.025781 0.052778
1 0.379688 0.398611 0.026562 0.048611
1 0.392969 0.494444 0.025781 0.043056
1 0.409375 0.638889 0.030469 0.051389
1 0.410156 0.581944 0.033594 0.048611
1 0.413281 0.730556 0.027344 0.052778
1 0.432812 0.675000 0.026562 0.047222
1 0.436719 0.502778 0.023438 0.040278
1 0.455469 0.609722 0.027344 0.044444
1 0.457031 0.312500 0.025000 0.041667
1 0.475781 0.588889 0.023438 0.041667
1 0.632031 0.427778 0.081250 0.086111
1 0.839063 0.365278 0.084375 0.097222
3 0.432812 0.675000 0.026562 0.047222
3 0.475781 0.588889 0.023438 0.041667
3 0.632031 0.427778 0.081250 0.086111
3 0.839063 0.365278 0.084375 0.097222
4 0.275000 0.176389 0.101562 0.116667
4 0.339844 0.704167 0.031250 0.055556
5 0.320312 0.720833 0.026562 0.051389
5 0.409375 0.638889 0.030469 0.051389
5 0.410156 0.581944 0.033594 0.048611
5 0.455469 0.609722 0.027344 0.044444
6 0.299219 0.627778 0.034375 0.051389
7 0.436719 0.502778 0.023438 0.040278
7 0.457031 0.312500 0.025000 0.041667
8 0.374219 0.716667 0.025781 0.052778
8 0.379688 0.398611 0.026562 0.048611
8 0.392969 0.494444 0.025781 0.043056
8 0.413281 0.730556 0.027344 0.052778