1 0.288281 0.836806 0.078125 0.106944
1 0.334375 0.659028 0.062500 0.076389
1 0.342969 0.508333 0.054688 0.061111
1 0.437515 0.673759 0.059775 0.083751
1 0.448303 0.877224 0.067686 0.102815
1 0.499364 0.779090 0.092842 0.135311
1 0.581080 0.632149 0.080910 0.097631
1 0.593946 0.856083 0.066796 0.093390
1 0.595703 0.750694 0.061719 0.079167
3 0.448303 0.877224 0.067686 0.102815
4 0.334375 0.659028 0.062500 0.076389
4 0.595703 0.750694 0.061719 0.079167
5 0.288281 0.836806 0.078125 0.106944
5 0.437515 0.673759 0.059775 0.083751
5 0.499364 0.779090 0.092842 0.135311
6 0.342969 0.508333 0.054688 0.061111
7 0.581710 0.632162 0.082170 0.097657
7 0.593491 0.856264 0.067705 0.093027