1 0.414844 0.676389 0.028125 0.050000
1 0.420703 0.752778 0.022656 0.047222
1 0.424609 0.568750 0.028906 0.048611
1 0.427344 0.705556 0.026562 0.047222
1 0.432031 0.431250 0.023438 0.043056
1 0.445703 0.591667 0.027344 0.052778
1 0.447744 0.734845 0.024169 0.046819
1 0.453906 0.536111 0.023438 0.041667
1 0.457031 0.438889 0.025000 0.047222
1 0.527535 0.584545 0.018820 0.035547
1 0.537916 0.543658 0.024269 0.042872
1 0.540250 0.629837 0.025466 0.049093
1 0.547656 0.488194 0.025000 0.043056
1 0.550616 0.581966 0.023327 0.043995
1 0.562500 0.519444 0.026562 0.047222
1 0.562846 0.627997 0.022661 0.041914
1 0.599609 0.569444 0.027344 0.047222
1 0.611577 0.633061 0.020596 0.042211
1 0.618750 0.539583 0.025000 0.040278
1 0.623370 0.590470 0.025135 0.041282
3 0.537846 0.543933 0.024130 0.043422
3 0.547656 0.488194 0.025000 0.043056
4 0.420703 0.752778 0.022656 0.047222
4 0.427344 0.705556 0.026562 0.047222
4 0.453906 0.536111 0.023438 0.041667
4 0.540250 0.629837 0.025466 0.049093
4 0.562500 0.519444 0.026562 0.047222
5 0.527535 0.584545 0.018820 0.035547
5 0.611806 0.636182 0.020138 0.035969
5 0.618750 0.539583 0.025000 0.040278
6 0.447744 0.734845 0.024169 0.046819
6 0.457031 0.438889 0.025000 0.047222
6 0.623326 0.590908 0.025222 0.040407
7 0.424609 0.568750 0.028906 0.048611
7 0.445703 0.591667 0.027344 0.052778
7 0.550616 0.581966 0.023327 0.043995
7 0.562846 0.627997 0.022661 0.041914
7 0.599609 0.569444 0.027344 0.047222
8 0.414844 0.676389 0.028125 0.050000
8 0.432031 0.431250 0.023438 0.043056