1 0.172266 0.674306 0.072656 0.065278
1 0.225781 0.472222 0.060937 0.052778
1 0.246875 0.645833 0.071875 0.069444
1 0.342187 0.522222 0.060937 0.055556
1 0.362500 0.763194 0.084375 0.098611
1 0.371484 0.429861 0.063281 0.054167
1 0.419141 0.461806 0.067969 0.062500
1 0.462891 0.676389 0.072656 0.080556
1 0.471688 0.367949 0.065252 0.049787
1 0.471484 0.542361 0.058594 0.059722
1 0.592129 0.295911 0.057696 0.041823
1 0.598562 0.450517 0.067437 0.059368
1 0.685284 0.301242 0.059631 0.044150
1 0.688672 0.464583 0.057031 0.051389
1 0.768359 0.365278 0.069531 0.047222
1 0.803603 0.423469 0.068274 0.058431
1 0.878616 0.705861 0.084393 0.080962
3 0.342187 0.522222 0.060937 0.055556
3 0.471688 0.367949 0.065252 0.049787
3 0.471484 0.542361 0.058594 0.059722
3 0.803603 0.423469 0.068274 0.058431
4 0.362500 0.763194 0.084375 0.098611
4 0.419141 0.461806 0.067969 0.062500
4 0.598562 0.450517 0.067437 0.059368
4 0.685284 0.301242 0.059631 0.044150
4 0.878616 0.705861 0.084393 0.080962
5 0.371484 0.429861 0.063281 0.054167
6 0.246875 0.645833 0.071875 0.069444
7 0.592129 0.295911 0.057696 0.041823
8 0.172266 0.674306 0.072656 0.065278
8 0.225781 0.472222 0.060937 0.052778
8 0.462891 0.676389 0.072656 0.080556
8 0.688672 0.464583 0.057031 0.051389
8 0.768359 0.365278 0.069531 0.047222