1 0.409375 0.659722 0.048438 0.068056
1 0.550781 0.456944 0.046875 0.059722
1 0.558594 0.337500 0.044531 0.056944
1 0.592969 0.483333 0.048438 0.063889
1 0.593750 0.250000 0.038281 0.040278
1 0.648438 0.336111 0.035156 0.044444
1 0.657031 0.397222 0.044531 0.054167
1 0.691406 0.334722 0.045312 0.056944
1 0.771094 0.427778 0.044531 0.055556
1 0.899219 0.429167 0.041406 0.059722
3 0.550781 0.456944 0.046875 0.059722
3 0.657031 0.397222 0.044531 0.054167
3 0.691406 0.334722 0.045312 0.056944
5 0.409375 0.659722 0.048438 0.068056
5 0.592969 0.483333 0.048438 0.063889
5 0.771094 0.427778 0.044531 0.055556
7 0.899219 0.429167 0.041406 0.059722
8 0.558594 0.337500 0.044531 0.056944
8 0.593750 0.250000 0.038281 0.040278
8 0.648438 0.336111 0.035156 0.044444