1 0.318928 0.595751 0.084730 0.108168
1 0.360547 0.728472 0.058594 0.079167
1 0.387891 0.497917 0.055469 0.065278
1 0.411719 0.630556 0.071875 0.091667
1 0.432887 0.452810 0.054837 0.066732
1 0.475781 0.613889 0.045312 0.061111
1 0.482936 0.407190 0.045332 0.056935
1 0.528516 0.730556 0.069531 0.088889
1 0.530469 0.621528 0.051562 0.073611
3 0.411719 0.630556 0.071875 0.091667
3 0.433471 0.453116 0.056004 0.067344
4 0.528516 0.730556 0.069531 0.088889
6 0.387891 0.497917 0.055469 0.065278
6 0.475781 0.613889 0.045312 0.061111
6 0.482936 0.407190 0.045332 0.056935
7 0.319036 0.595985 0.084947 0.108637
7 0.360547 0.728472 0.058594 0.079167
8 0.530469 0.621528 0.051562 0.073611