1 0.195703 0.583333 0.027344 0.050000
1 0.208984 0.702083 0.028906 0.051389
1 0.223047 0.472222 0.028906 0.050000
1 0.276562 0.190278 0.104688 0.119444
1 0.249219 0.568056 0.028125 0.052778
1 0.285547 0.784028 0.024219 0.045833
1 0.287891 0.559028 0.025781 0.045833
1 0.288672 0.456250 0.025781 0.043056
1 0.322266 0.433333 0.027344 0.047222
1 0.330469 0.703472 0.023438 0.048611
1 0.344922 0.384028 0.027344 0.048611
1 0.351562 0.559722 0.026562 0.047222
1 0.358594 0.715278 0.031250 0.055556
1 0.362500 0.493750 0.025000 0.043056
1 0.376563 0.531250 0.026562 0.040278
1 0.380859 0.630556 0.027344 0.047222
1 0.380859 0.681250 0.027344 0.051389
1 0.384375 0.795139 0.026562 0.054167
1 0.394141 0.576389 0.027344 0.044444
1 0.405469 0.613889 0.026562 0.047222
1 0.414062 0.303472 0.028125 0.051389
1 0.429688 0.727083 0.026562 0.051389
1 0.444141 0.327083 0.025781 0.040278
1 0.448047 0.625694 0.027344 0.054167
1 0.457813 0.454861 0.040625 0.056944
1 0.469531 0.600000 0.028125 0.044444
1 0.487500 0.638194 0.029687 0.054167
1 0.561328 0.677083 0.025781 0.048611
1 0.675391 0.263889 0.071094 0.105556
3 0.288672 0.456250 0.025781 0.043056
3 0.394141 0.576389 0.027344 0.044444
3 0.487500 0.638194 0.029687 0.054167
3 0.561328 0.677083 0.025781 0.048611
3 0.675391 0.263889 0.071094 0.105556
4 0.223047 0.472222 0.028906 0.050000
4 0.276562 0.190278 0.104688 0.119444
4 0.322266 0.433333 0.027344 0.047222
4 0.344922 0.384028 0.027344 0.048611
5 0.208984 0.702083 0.028906 0.051389
5 0.249219 0.568056 0.028125 0.052778
5 0.380859 0.630556 0.027344 0.047222
5 0.384375 0.795139 0.026562 0.054167
6 0.195703 0.583333 0.027344 0.050000
6 0.330469 0.703472 0.023438 0.048611
6 0.358594 0.715278 0.031250 0.055556
7 0.287891 0.559028 0.025781 0.045833
7 0.362500 0.493750 0.025000 0.043056
7 0.376563 0.531250 0.026562 0.040278
7 0.380859 0.681250 0.027344 0.051389
7 0.414062 0.303472 0.028125 0.051389
7 0.444141 0.327083 0.025781 0.040278
7 0.448047 0.625694 0.027344 0.054167
7 0.457813 0.454861 0.040625 0.056944
8 0.285547 0.784028 0.024219 0.045833
8 0.351562 0.559722 0.026562 0.047222
8 0.405469 0.613889 0.026562 0.047222
8 0.429688 0.727083 0.026562 0.051389
8 0.469531 0.600000 0.028125 0.044444