1 0.180469 0.570833 0.028125 0.048611
1 0.201563 0.323611 0.035156 0.058333
1 0.211719 0.547222 0.027344 0.045833
1 0.225781 0.472222 0.029687 0.054167
1 0.242188 0.762500 0.023438 0.044444
1 0.264062 0.636111 0.028125 0.051389
1 0.272656 0.184722 0.101562 0.118056
1 0.291406 0.750000 0.025781 0.047222
1 0.292969 0.516667 0.025000 0.040278
1 0.307812 0.480556 0.024219 0.037500
1 0.313281 0.429167 0.026562 0.048611
1 0.314063 0.533333 0.026562 0.047222
1 0.345313 0.591667 0.028906 0.048611
1 0.347656 0.379167 0.028906 0.052778
1 0.350000 0.811111 0.030469 0.058333
1 0.358594 0.466667 0.027344 0.050000
1 0.370312 0.612500 0.024219 0.044444
1 0.403125 0.691667 0.025000 0.048611
1 0.414844 0.606944 0.025000 0.041667
1 0.415625 0.304167 0.028125 0.051389
1 0.428125 0.641667 0.025781 0.047222
1 0.446094 0.325000 0.025000 0.043056
1 0.453906 0.726389 0.027344 0.050000
1 0.460156 0.673611 0.032031 0.052778
1 0.479687 0.615278 0.027344 0.052778
1 0.490625 0.708333 0.026562 0.056944
1 0.614844 0.681944 0.026562 0.050000
1 0.621875 0.487500 0.025000 0.047222
1 0.674219 0.263889 0.076563 0.105556
3 0.242188 0.762500 0.023438 0.044444
3 0.313281 0.429167 0.026562 0.048611
3 0.345313 0.591667 0.028906 0.048611
3 0.370312 0.612500 0.024219 0.044444
3 0.428125 0.641667 0.025781 0.047222
3 0.490625 0.708333 0.026562 0.056944
3 0.674219 0.263889 0.076563 0.105556
4 0.225781 0.472222 0.029687 0.054167
4 0.272656 0.184722 0.101562 0.118056
4 0.347656 0.379167 0.028906 0.052778
4 0.350000 0.811111 0.030469 0.058333
4 0.403125 0.691667 0.025000 0.048611
4 0.460156 0.673611 0.032031 0.052778
5 0.201563 0.323611 0.035156 0.058333
5 0.358594 0.466667 0.027344 0.050000
5 0.479687 0.615278 0.027344 0.052778
5 0.621875 0.487500 0.025000 0.047222
6 0.264062 0.636111 0.028125 0.051389
6 0.314063 0.533333 0.026562 0.047222
7 0.211719 0.547222 0.027344 0.045833
7 0.415625 0.304167 0.028125 0.051389
7 0.446094 0.325000 0.025000 0.043056
7 0.453906 0.726389 0.027344 0.050000
7 0.614844 0.681944 0.026562 0.050000
8 0.180469 0.570833 0.028125 0.048611
8 0.291406 0.750000 0.025781 0.047222
8 0.292969 0.516667 0.025000 0.040278
8 0.307812 0.480556 0.024219 0.037500
8 0.414844 0.606944 0.025000 0.041667