1 0.352344 0.158333 0.036719 0.043056
1 0.395313 0.061111 0.032813 0.037500
1 0.396875 0.147222 0.037500 0.047222
1 0.419531 0.115278 0.036719 0.045833
1 0.442188 0.201389 0.033594 0.040278
1 0.477344 0.183333 0.038281 0.052778
1 0.478125 0.238889 0.035156 0.044444
1 0.594531 0.186111 0.050781 0.062500
1 0.603125 0.062500 0.037500 0.043056
1 0.613281 0.287500 0.048438 0.062500
1 0.664844 0.093056 0.034375 0.041667
1 0.685156 0.234722 0.049219 0.058333
1 0.687500 0.186111 0.040625 0.048611
1 0.757812 0.173611 0.034375 0.040278
1 0.759375 0.130556 0.040625 0.050000
1 0.766406 0.234722 0.034375 0.043056
1 0.810937 0.248611 0.040625 0.043056
3 0.442188 0.201389 0.033594 0.040278
3 0.613281 0.287500 0.048438 0.062500
3 0.685156 0.234722 0.049219 0.058333
4 0.352344 0.158333 0.036719 0.043056
4 0.396875 0.147222 0.037500 0.047222
5 0.395313 0.061111 0.032813 0.037500
5 0.478125 0.238889 0.035156 0.044444
5 0.603125 0.062500 0.037500 0.043056
6 0.766406 0.234722 0.034375 0.043056
7 0.477344 0.183333 0.038281 0.052778
7 0.594531 0.186111 0.050781 0.062500
7 0.664844 0.093056 0.034375 0.041667
7 0.687500 0.186111 0.040625 0.048611
7 0.759375 0.130556 0.040625 0.050000
7 0.810937 0.248611 0.040625 0.043056
8 0.419531 0.115278 0.036719 0.045833
8 0.757812 0.173611 0.034375 0.040278