1 0.411328 0.587500 0.064844 0.063889
1 0.416797 0.525694 0.058594 0.062500
1 0.428516 0.466667 0.057031 0.055556
1 0.466016 0.645139 0.072656 0.073611
1 0.481686 0.577064 0.071185 0.059683
1 0.476562 0.404167 0.056250 0.050000
1 0.491406 0.463194 0.060937 0.056944
1 0.513281 0.520833 0.070312 0.061111
1 0.542188 0.648611 0.065625 0.075000
1 0.553516 0.421528 0.057031 0.048611
1 0.564844 0.570833 0.067187 0.066667
1 0.565625 0.479861 0.064062 0.056944
1 0.610938 0.427083 0.059375 0.048611
1 0.618359 0.517361 0.067969 0.068056
1 0.641797 0.579167 0.071094 0.066667
1 0.663281 0.466667 0.073438 0.066667
1 0.686903 0.664461 0.076194 0.076634
1 0.691016 0.533333 0.072656 0.069444
1 0.748437 0.636111 0.085938 0.080556
1 0.774219 0.573611 0.075000 0.075000
3 0.481686 0.577064 0.071185 0.059683
3 0.491406 0.463194 0.060937 0.056944
3 0.542188 0.648611 0.065625 0.075000
3 0.564844 0.570833 0.067187 0.066667
3 0.641797 0.579167 0.071094 0.066667
3 0.687107 0.664385 0.075785 0.076786
4 0.411328 0.587500 0.064844 0.063889
4 0.416797 0.525694 0.058594 0.062500
4 0.513281 0.520833 0.070312 0.061111
5 0.428516 0.466667 0.057031 0.055556
5 0.466016 0.645139 0.072656 0.073611
5 0.774219 0.573611 0.075000 0.075000
6 0.618359 0.517361 0.067969 0.068056
7 0.476562 0.404167 0.056250 0.050000
7 0.565625 0.479861 0.064062 0.056944
7 0.610938 0.427083 0.059375 0.048611
7 0.663281 0.466667 0.073438 0.066667
7 0.691016 0.533333 0.072656 0.069444
7 0.748437 0.636111 0.085938 0.080556
8 0.553516 0.421528 0.057031 0.048611