1 0.329976 0.215701 0.059433 0.070567
1 0.345978 0.406029 0.079456 0.109280
1 0.339490 0.319192 0.062671 0.066352
1 0.410633 0.598003 0.075568 0.109945
1 0.473749 0.471098 0.059998 0.089418
1 0.585272 0.272933 0.058295 0.072314
1 0.605023 0.696910 0.070819 0.113357
1 0.614992 0.362343 0.080685 0.108903
1 0.689165 0.437839 0.057828 0.068533
3 0.473749 0.471098 0.059998 0.089418
3 0.585272 0.272933 0.058295 0.072314
4 0.345978 0.406029 0.079456 0.109280
5 0.329976 0.215701 0.059433 0.070567
5 0.410633 0.598003 0.075568 0.109945
7 0.339490 0.319192 0.062671 0.066352
7 0.605023 0.696910 0.070819 0.113357
7 0.614992 0.362343 0.080685 0.108903
8 0.689165 0.437839 0.057828 0.068533