1 0.427734 0.249306 0.033594 0.040278
1 0.472656 0.306944 0.037500 0.047222
1 0.485547 0.370833 0.035156 0.038889
1 0.491406 0.159722 0.031250 0.036111
1 0.511328 0.234028 0.036719 0.045833
1 0.530078 0.391667 0.035156 0.044444
1 0.559375 0.216667 0.037500 0.044444
1 0.564844 0.172917 0.037500 0.045833
1 0.569141 0.315972 0.038281 0.045833
1 0.587500 0.557639 0.046875 0.065278
1 0.601562 0.461111 0.048438 0.063889
1 0.600391 0.160417 0.032031 0.040278
1 0.621875 0.313889 0.039062 0.044444
1 0.626563 0.236111 0.035937 0.050000
1 0.632422 0.058333 0.046094 0.055556
1 0.634375 0.361111 0.040625 0.050000
1 0.652344 0.407639 0.051562 0.065278
1 0.660547 0.251389 0.041406 0.050000
1 0.666406 0.548611 0.039062 0.052778
1 0.673047 0.479167 0.046094 0.058333
1 0.671094 0.308333 0.040625 0.047222
1 0.694922 0.285417 0.035156 0.043056
1 0.705469 0.336111 0.040625 0.047222
1 0.711183 0.053360 0.036428 0.042831
1 0.726953 0.386111 0.041406 0.052778
1 0.749972 0.463672 0.039118 0.058767
1 0.766797 0.536806 0.042969 0.056944
1 0.790234 0.493056 0.046094 0.063889
1 0.813869 0.296938 0.034458 0.050340
1 0.856641 0.243750 0.041406 0.048611
3 0.559375 0.216667 0.037500 0.044444
3 0.601562 0.461111 0.048438 0.063889
3 0.626563 0.236111 0.035937 0.050000
3 0.632422 0.058333 0.046094 0.055556
3 0.790234 0.493056 0.046094 0.063889
4 0.485547 0.370833 0.035156 0.038889
4 0.511328 0.234028 0.036719 0.045833
4 0.600391 0.160417 0.032031 0.040278
4 0.621875 0.313889 0.039062 0.044444
5 0.427734 0.249306 0.033594 0.040278
5 0.587500 0.557639 0.046875 0.065278
5 0.671094 0.308333 0.040625 0.047222
6 0.491406 0.159722 0.031250 0.036111
6 0.530078 0.391667 0.035156 0.044444
6 0.569141 0.315972 0.038281 0.045833
6 0.652344 0.407639 0.051562 0.065278
6 0.660547 0.251389 0.041406 0.050000
6 0.666406 0.548611 0.039062 0.052778
6 0.694922 0.285417 0.035156 0.043056
6 0.766797 0.536806 0.042969 0.056944
6 0.813869 0.296938 0.034458 0.050340
6 0.856641 0.243750 0.041406 0.048611
7 0.472656 0.306944 0.037500 0.047222
7 0.564844 0.172917 0.037500 0.045833
7 0.634375 0.361111 0.040625 0.050000
7 0.673047 0.479167 0.046094 0.058333
7 0.705469 0.336111 0.040625 0.047222
7 0.710696 0.052877 0.035455 0.041865
8 0.726953 0.386111 0.041406 0.052778
8 0.750452 0.463753 0.038159 0.058606