1 0.329297 0.460417 0.025781 0.031944
1 0.355469 0.427778 0.025000 0.027778
1 0.367578 0.529861 0.028906 0.034722
1 0.448828 0.425694 0.024219 0.029167
1 0.450000 0.317361 0.023438 0.026389
1 0.478125 0.409028 0.026562 0.029167
1 0.486719 0.327083 0.026562 0.031944
1 0.532495 0.559701 0.022919 0.035563
1 0.594141 0.509028 0.025781 0.031944
1 0.651953 0.548611 0.030469 0.038889
3 0.450000 0.317361 0.023438 0.026389
3 0.486719 0.327083 0.026562 0.031944
4 0.478125 0.409028 0.026562 0.029167
5 0.329297 0.460417 0.025781 0.031944
5 0.532495 0.559701 0.022919 0.035563
5 0.651953 0.548611 0.030469 0.038889
6 0.594141 0.509028 0.025781 0.031944
7 0.355469 0.427778 0.025000 0.027778
7 0.448828 0.425694 0.024219 0.029167
8 0.367578 0.529861 0.028906 0.034722