0 0.363281 0.469444 0.067187 0.150000
0 0.411328 0.632639 0.092969 0.173611
0 0.446875 0.383333 0.075000 0.141667
0 0.485156 0.490278 0.084375 0.147222
0 0.484766 0.322917 0.063281 0.134722
0 0.505469 0.629861 0.084375 0.165278
0 0.558984 0.388889 0.075781 0.141667
0 0.605469 0.691667 0.084375 0.175000
0 0.632031 0.540972 0.078125 0.162500
0 0.664062 0.372222 0.076563 0.141667
1 0.362109 0.427778 0.063281 0.066667
1 0.412109 0.586806 0.082031 0.081944
1 0.447111 0.340996 0.062973 0.056991
1 0.487500 0.453472 0.075000 0.073611
1 0.485156 0.280556 0.059375 0.050000
1 0.505078 0.588889 0.077344 0.080556
1 0.557422 0.348611 0.067969 0.061111
1 0.605391 0.648216 0.077970 0.088099
1 0.635201 0.497501 0.068840 0.072781
1 0.663672 0.329861 0.067969 0.056944
2 0.363592 0.502535 0.067643 0.082436
2 0.391936 0.665292 0.055709 0.108444
2 0.433893 0.405355 0.049009 0.091259
2 0.439697 0.657375 0.035513 0.125463
2 0.466343 0.517476 0.045276 0.092352
2 0.480638 0.345605 0.046420 0.085842
2 0.471627 0.395648 0.025529 0.103128
2 0.474638 0.642445 0.022484 0.135458
2 0.517334 0.663629 0.060045 0.096120
2 0.509071 0.508679 0.033842 0.106775
2 0.509922 0.338298 0.011331 0.101642
2 0.535751 0.402711 0.022623 0.113356
2 0.573422 0.416567 0.046150 0.083826
2 0.572509 0.702468 0.016087 0.151430
2 0.612284 0.732528 0.070998 0.088563
2 0.624218 0.574248 0.060077 0.101254
2 0.639713 0.387190 0.026708 0.113356
2 0.662651 0.555658 0.017224 0.128894
2 0.678582 0.397793 0.046964 0.090073
4 0.362109 0.427778 0.063281 0.066667
4 0.487500 0.453472 0.075000 0.073611
4 0.505078 0.588889 0.077344 0.080556
5 0.447111 0.340996 0.062973 0.056991
5 0.605391 0.648216 0.077970 0.088099
5 0.663672 0.329861 0.067969 0.056944
7 0.485156 0.280556 0.059375 0.050000
7 0.557422 0.348611 0.067969 0.061111
7 0.635201 0.497501 0.068840 0.072781
8 0.412109 0.586806 0.082031 0.081944