1 0.415843 0.537866 0.080355 0.103171
1 0.436719 0.312500 0.054688 0.055556
1 0.449164 0.485636 0.051737 0.070021
1 0.508984 0.530556 0.060156 0.075000
1 0.508162 0.451355 0.055387 0.072155
1 0.525781 0.361111 0.056250 0.061111
1 0.564453 0.428472 0.060156 0.065278
1 0.569922 0.327083 0.053906 0.056944
1 0.573047 0.590972 0.052344 0.065278
4 0.436719 0.312500 0.054688 0.055556
4 0.525781 0.361111 0.056250 0.061111
4 0.569922 0.327083 0.053906 0.056944
5 0.508286 0.451671 0.055634 0.072787
7 0.415320 0.537514 0.079449 0.104351
7 0.449164 0.485636 0.051737 0.070021
7 0.508984 0.530556 0.060156 0.075000
7 0.573047 0.590972 0.052344 0.065278
8 0.564453 0.428472 0.060156 0.065278