1 0.348828 0.436806 0.055469 0.059722
1 0.383984 0.359722 0.058594 0.069444
1 0.400000 0.454167 0.050000 0.061111
1 0.466406 0.533333 0.048438 0.061111
1 0.465625 0.332639 0.043750 0.051389
1 0.498437 0.420139 0.062500 0.070833
1 0.526172 0.356250 0.063281 0.076389
1 0.555859 0.602083 0.055469 0.065278
1 0.560421 0.438946 0.044306 0.055198
3 0.466406 0.533333 0.048438 0.061111
3 0.498437 0.420139 0.062500 0.070833
3 0.526172 0.356250 0.063281 0.076389
5 0.348828 0.436806 0.055469 0.059722
5 0.465625 0.332639 0.043750 0.051389
5 0.555859 0.602083 0.055469 0.065278
5 0.560421 0.438946 0.044306 0.055198
6 0.383984 0.359722 0.058594 0.069444
8 0.400000 0.454167 0.050000 0.061111