1 0.314844 0.682639 0.071875 0.093056
1 0.310156 0.496528 0.050000 0.059722
1 0.377734 0.515278 0.080469 0.094444
1 0.436328 0.460417 0.058594 0.065278
1 0.466087 0.530784 0.043561 0.052375
1 0.496875 0.688889 0.060937 0.077778
1 0.497266 0.463889 0.053906 0.063889
1 0.549219 0.455556 0.050000 0.055556
1 0.571094 0.563194 0.053125 0.073611
3 0.549219 0.455556 0.050000 0.055556
4 0.310156 0.496528 0.050000 0.059722
5 0.377734 0.515278 0.080469 0.094444
5 0.466087 0.530784 0.043561 0.052375
8 0.314844 0.682639 0.071875 0.093056
8 0.436328 0.460417 0.058594 0.065278
8 0.496875 0.688889 0.060937 0.077778
8 0.497266 0.463889 0.053906 0.063889
8 0.571094 0.563194 0.053125 0.073611