1 0.320312 0.275000 0.038281 0.050000
1 0.341406 0.158333 0.039062 0.045833
1 0.374219 0.237500 0.034375 0.043056
1 0.499219 0.126389 0.035937 0.045833
1 0.499219 0.318056 0.035937 0.043056
1 0.545312 0.247222 0.049219 0.061111
1 0.550000 0.458333 0.037500 0.056944
1 0.595313 0.137500 0.038281 0.044444
1 0.607031 0.300000 0.044531 0.058333
1 0.628906 0.391667 0.038281 0.052778
1 0.678125 0.344444 0.037500 0.054167
1 0.706250 0.429167 0.042188 0.058333
1 0.726562 0.320833 0.046094 0.065278
1 0.749219 0.458333 0.039062 0.058333
3 0.341406 0.158333 0.039062 0.045833
3 0.499219 0.318056 0.035937 0.043056
4 0.374219 0.237500 0.034375 0.043056
4 0.499219 0.126389 0.035937 0.045833
4 0.607031 0.300000 0.044531 0.058333
5 0.628906 0.391667 0.038281 0.052778
6 0.545312 0.247222 0.049219 0.061111
6 0.550000 0.458333 0.037500 0.056944
6 0.726562 0.320833 0.046094 0.065278
7 0.320312 0.275000 0.038281 0.050000
7 0.706250 0.429167 0.042188 0.058333
7 0.749219 0.458333 0.039062 0.058333
8 0.595313 0.137500 0.038281 0.044444
8 0.678125 0.344444 0.037500 0.054167