1 0.291406 0.379167 0.045312 0.063889
1 0.385156 0.197917 0.037500 0.045833
1 0.397266 0.272222 0.036719 0.052778
1 0.433984 0.406250 0.036719 0.051389
1 0.437891 0.250000 0.036719 0.044444
1 0.469922 0.375000 0.044531 0.061111
1 0.548438 0.256250 0.034375 0.045833
1 0.590234 0.263194 0.038281 0.048611
1 0.615234 0.228472 0.028906 0.037500
1 0.632031 0.124306 0.034375 0.045833
1 0.721094 0.193750 0.039062 0.051389
1 0.764062 0.184028 0.032813 0.045833
1 0.771484 0.247917 0.035156 0.045833
1 0.788672 0.302778 0.035156 0.047222
1 0.860547 0.291667 0.038281 0.052778
4 0.771484 0.247917 0.035156 0.045833
5 0.433984 0.406250 0.036719 0.051389
5 0.548438 0.256250 0.034375 0.045833
5 0.590234 0.263194 0.038281 0.048611
5 0.860547 0.291667 0.038281 0.052778
6 0.615234 0.228472 0.028906 0.037500
7 0.385156 0.197917 0.037500 0.045833
7 0.397266 0.272222 0.036719 0.052778
7 0.437891 0.250000 0.036719 0.044444
7 0.721094 0.193750 0.039062 0.051389
7 0.788672 0.302778 0.035156 0.047222
8 0.291406 0.379167 0.045312 0.063889
8 0.469922 0.375000 0.044531 0.061111
8 0.632031 0.124306 0.034375 0.045833
8 0.764062 0.184028 0.032813 0.045833