1 0.341406 0.077778 0.032813 0.033333
1 0.418750 0.127778 0.035937 0.040278
1 0.437500 0.416667 0.041406 0.051389
1 0.449219 0.254167 0.035937 0.043056
1 0.453906 0.105556 0.028125 0.031944
1 0.453906 0.166667 0.037500 0.041667
1 0.464844 0.212500 0.038281 0.047222
1 0.488281 0.266667 0.035156 0.044444
1 0.494531 0.130556 0.033594 0.038889
1 0.495312 0.177778 0.034375 0.041667
1 0.523438 0.213889 0.046875 0.058333
1 0.546094 0.590278 0.045312 0.059722
1 0.629687 0.301389 0.035937 0.043056
1 0.667188 0.270833 0.050781 0.061111
1 0.681250 0.175000 0.032813 0.038889
1 0.682813 0.338889 0.035937 0.045833
1 0.789062 0.468056 0.041406 0.059722
1 0.796875 0.243056 0.035937 0.043056
1 0.814063 0.370833 0.050781 0.066667
3 0.418750 0.127778 0.035937 0.040278
3 0.789062 0.468056 0.041406 0.059722
3 0.796875 0.243056 0.035937 0.043056
4 0.341406 0.077778 0.032813 0.033333
4 0.453906 0.166667 0.037500 0.041667
4 0.667188 0.270833 0.050781 0.061111
5 0.453906 0.105556 0.028125 0.031944
5 0.494531 0.130556 0.033594 0.038889
5 0.546094 0.590278 0.045312 0.059722
6 0.523438 0.213889 0.046875 0.058333
7 0.464844 0.212500 0.038281 0.047222
7 0.488281 0.266667 0.035156 0.044444
7 0.495312 0.177778 0.034375 0.041667
8 0.437500 0.416667 0.041406 0.051389
8 0.449219 0.254167 0.035937 0.043056
8 0.629687 0.301389 0.035937 0.043056
8 0.681250 0.175000 0.032813 0.038889
8 0.682813 0.338889 0.035937 0.045833
8 0.814063 0.370833 0.050781 0.066667