1 0.447656 0.398611 0.039062 0.041667
1 0.501563 0.381944 0.039062 0.041667
1 0.515625 0.322222 0.043750 0.051389
1 0.530469 0.486111 0.038281 0.050000
1 0.531250 0.425000 0.039844 0.044444
1 0.564063 0.383333 0.035156 0.041667
1 0.565625 0.640278 0.041406 0.055556
1 0.585938 0.476389 0.041406 0.048611
1 0.617969 0.533333 0.042969 0.054167
1 0.626563 0.305556 0.037500 0.040278
1 0.655469 0.352778 0.035937 0.037500
1 0.656250 0.447222 0.040625 0.052778
1 0.668750 0.575000 0.045312 0.052778
1 0.669531 0.398611 0.041406 0.044444
1 0.689063 0.518056 0.042188 0.052778
1 0.734375 0.313889 0.041406 0.050000
1 0.760156 0.370833 0.046094 0.052778
1 0.787500 0.431944 0.040625 0.050000
3 0.501563 0.381944 0.039062 0.041667
3 0.564063 0.383333 0.035156 0.041667
3 0.626563 0.305556 0.037500 0.040278
3 0.655469 0.352778 0.035937 0.037500
3 0.656250 0.447222 0.040625 0.052778
4 0.530469 0.486111 0.038281 0.050000
4 0.531250 0.425000 0.039844 0.044444
4 0.734375 0.313889 0.041406 0.050000
4 0.760156 0.370833 0.046094 0.052778
5 0.447656 0.398611 0.039062 0.041667
5 0.617969 0.533333 0.042969 0.054167
5 0.668750 0.575000 0.045312 0.052778
5 0.669531 0.398611 0.041406 0.044444
5 0.689063 0.518056 0.042188 0.052778
5 0.787500 0.431944 0.040625 0.050000
6 0.515625 0.322222 0.043750 0.051389
7 0.585938 0.476389 0.041406 0.048611
8 0.565625 0.640278 0.041406 0.055556