1 0.153125 0.540972 0.023438 0.043056
1 0.219531 0.731250 0.031250 0.051389
1 0.228125 0.461806 0.029687 0.051389
1 0.228906 0.639583 0.028125 0.051389
1 0.271484 0.184722 0.102344 0.119444
1 0.255078 0.729167 0.028906 0.052778
1 0.266797 0.493750 0.030469 0.051389
1 0.278906 0.606250 0.031250 0.056944
1 0.303906 0.525694 0.026562 0.045833
1 0.312109 0.429861 0.025781 0.048611
1 0.317578 0.752778 0.025781 0.050000
1 0.355469 0.906944 0.076563 0.122222
1 0.338672 0.666667 0.022656 0.044444
1 0.347266 0.377083 0.028906 0.051389
1 0.362500 0.703472 0.025000 0.045833
1 0.370703 0.537500 0.028906 0.050000
1 0.383594 0.836111 0.026562 0.058333
1 0.384375 0.600694 0.026562 0.048611
1 0.408594 0.851389 0.028125 0.055556
1 0.415625 0.304167 0.028125 0.050000
1 0.455469 0.723611 0.028125 0.055556
1 0.464062 0.626389 0.032813 0.063889
1 0.580078 0.497917 0.025781 0.048611
1 0.673828 0.264583 0.074219 0.106944
3 0.266797 0.493750 0.030469 0.051389
3 0.278906 0.606250 0.031250 0.056944
3 0.312109 0.429861 0.025781 0.048611
3 0.338672 0.666667 0.022656 0.044444
3 0.673828 0.264583 0.074219 0.106944
4 0.153125 0.540972 0.023438 0.043056
4 0.228125 0.461806 0.029687 0.051389
4 0.271484 0.184722 0.102344 0.119444
4 0.355469 0.906944 0.076563 0.122222
4 0.347266 0.377083 0.028906 0.051389
5 0.219531 0.731250 0.031250 0.051389
5 0.303906 0.525694 0.026562 0.045833
5 0.580078 0.497917 0.025781 0.048611
6 0.370703 0.537500 0.028906 0.050000
6 0.384375 0.600694 0.026562 0.048611
6 0.455469 0.723611 0.028125 0.055556
7 0.228906 0.639583 0.028125 0.051389
7 0.362500 0.703472 0.025000 0.045833
7 0.383594 0.836111 0.026562 0.058333
7 0.415625 0.304167 0.028125 0.050000
7 0.464062 0.626389 0.032813 0.063889
8 0.255078 0.729167 0.028906 0.052778
8 0.317578 0.752778 0.025781 0.050000
8 0.408594 0.851389 0.028125 0.055556