1 0.275781 0.450000 0.040625 0.051389
1 0.287500 0.269444 0.035937 0.038889
1 0.341406 0.520833 0.044531 0.059722
1 0.358594 0.427778 0.039844 0.051389
1 0.367188 0.563889 0.042188 0.061111
1 0.373437 0.322222 0.032813 0.043056
1 0.388281 0.227778 0.034375 0.037500
1 0.388281 0.270833 0.030469 0.038889
1 0.390625 0.745833 0.045312 0.066667
1 0.394531 0.173611 0.034375 0.037500
1 0.398438 0.404167 0.035156 0.045833
1 0.408594 0.309722 0.033594 0.043056
1 0.427344 0.148611 0.037500 0.041667
1 0.428125 0.700000 0.042188 0.061111
1 0.440625 0.265278 0.036719 0.045833
1 0.464844 0.361111 0.033594 0.041667
1 0.482812 0.226389 0.036719 0.044444
1 0.503125 0.365278 0.038281 0.047222
1 0.521094 0.130556 0.034375 0.038889
1 0.534375 0.166667 0.030469 0.036111
1 0.564063 0.477778 0.042969 0.056944
1 0.566406 0.325000 0.039844 0.052778
1 0.581250 0.718056 0.035156 0.031944
1 0.600781 0.227778 0.033594 0.040278
1 0.663281 0.373611 0.043750 0.054167
1 0.670312 0.577778 0.038281 0.054167
1 0.739062 0.501389 0.042969 0.056944
1 0.745313 0.418056 0.037500 0.043056
1 0.785156 0.500000 0.037500 0.050000
1 0.785937 0.380556 0.038281 0.052778
1 0.786719 0.380556 0.037500 0.052778
1 0.804688 0.431944 0.035937 0.045833
1 0.852344 0.608333 0.057813 0.076389
3 0.287500 0.269444 0.035937 0.038889
3 0.341406 0.520833 0.044531 0.059722
3 0.394531 0.173611 0.034375 0.037500
3 0.427344 0.148611 0.037500 0.041667
3 0.566406 0.325000 0.039844 0.052778
3 0.581250 0.718056 0.035156 0.031944
3 0.739062 0.501389 0.042969 0.056944
3 0.785156 0.500000 0.037500 0.050000
4 0.388281 0.270833 0.030469 0.038889
4 0.390625 0.745833 0.045312 0.066667
4 0.440625 0.265278 0.036719 0.045833
4 0.464844 0.361111 0.033594 0.041667
4 0.663281 0.373611 0.043750 0.054167
4 0.670312 0.577778 0.038281 0.054167
4 0.852344 0.608333 0.057813 0.076389
5 0.745313 0.418056 0.037500 0.043056
5 0.804688 0.431944 0.035937 0.045833
6 0.275781 0.450000 0.040625 0.051389
6 0.358594 0.427778 0.039844 0.051389
6 0.367188 0.563889 0.042188 0.061111
6 0.428125 0.700000 0.042188 0.061111
6 0.482812 0.226389 0.036719 0.044444
6 0.503125 0.365278 0.038281 0.047222
6 0.534375 0.166667 0.030469 0.036111
6 0.564063 0.477778 0.042969 0.056944
6 0.600781 0.227778 0.033594 0.040278
7 0.398438 0.404167 0.035156 0.045833
8 0.373437 0.322222 0.032813 0.043056
8 0.388281 0.227778 0.034375 0.037500
8 0.408594 0.309722 0.033594 0.043056
8 0.521094 0.130556 0.034375 0.038889
8 0.785937 0.380556 0.038281 0.052778
8 0.786719 0.380556 0.037500 0.052778