1 0.293359 0.329861 0.052344 0.043056
1 0.314624 0.378678 0.062060 0.057355
1 0.317969 0.509722 0.060937 0.061111
1 0.366406 0.355556 0.065625 0.058333
1 0.383635 0.530026 0.067269 0.068385
1 0.408594 0.394444 0.062500 0.052778
1 0.425808 0.453184 0.067242 0.056368
1 0.488281 0.672917 0.081250 0.084722
1 0.517188 0.302778 0.051562 0.041667
1 0.527344 0.259722 0.046875 0.036111
1 0.562500 0.481944 0.068750 0.063889
1 0.564063 0.138194 0.043750 0.037500
1 0.576562 0.261111 0.046875 0.041667
1 0.742578 0.402083 0.061719 0.051389
1 0.751563 0.309722 0.053125 0.044444
1 0.756641 0.365972 0.063281 0.056944
1 0.820041 0.341943 0.057269 0.047774
1 0.829297 0.431944 0.071094 0.052778
1 0.831539 0.285760 0.057257 0.050288
1 0.873828 0.321528 0.063281 0.040278
4 0.293359 0.329861 0.052344 0.043056
4 0.366406 0.355556 0.065625 0.058333
4 0.562500 0.481944 0.068750 0.063889
4 0.576562 0.261111 0.046875 0.041667
4 0.751563 0.309722 0.053125 0.044444
4 0.756641 0.365972 0.063281 0.056944
4 0.820041 0.341943 0.057269 0.047774
5 0.488281 0.672917 0.081250 0.084722
5 0.517188 0.302778 0.051562 0.041667
5 0.831539 0.285760 0.057257 0.050288
5 0.873828 0.321528 0.063281 0.040278
6 0.314624 0.378678 0.062060 0.057355
6 0.527344 0.259722 0.046875 0.036111
7 0.317969 0.509722 0.060937 0.061111
7 0.383635 0.530026 0.067269 0.068385
7 0.425808 0.453184 0.067242 0.056368
7 0.829297 0.431944 0.071094 0.052778
8 0.408594 0.394444 0.062500 0.052778
8 0.564063 0.138194 0.043750 0.037500
8 0.742578 0.402083 0.061719 0.051389