1 0.419141 0.345833 0.060156 0.033333
1 0.440625 0.273611 0.050000 0.038889
1 0.458594 0.415972 0.057813 0.048611
1 0.460325 0.317362 0.055025 0.045835
1 0.487891 0.245833 0.049219 0.036111
1 0.519922 0.336806 0.049219 0.037500
1 0.530469 0.259722 0.050000 0.036111
1 0.549170 0.445678 0.070214 0.055245
1 0.582422 0.336806 0.060156 0.048611
1 0.579457 0.264629 0.049538 0.040369
1 0.636719 0.456944 0.062500 0.058333
1 0.664389 0.323667 0.069402 0.061224
1 0.655078 0.195833 0.049219 0.038889
1 0.705078 0.452778 0.072656 0.061111
1 0.737891 0.263889 0.060156 0.044444
1 0.775000 0.365278 0.062500 0.038889
1 0.810640 0.289922 0.065029 0.054844
1 0.822266 0.196528 0.055469 0.043056
1 0.850781 0.361111 0.060937 0.052778
1 0.879687 0.214583 0.059375 0.040278
3 0.579457 0.264629 0.049538 0.040369
3 0.636719 0.456944 0.062500 0.058333
3 0.664389 0.323667 0.069402 0.061224
3 0.655078 0.195833 0.049219 0.038889
4 0.460679 0.317511 0.055733 0.046133
4 0.530469 0.259722 0.050000 0.036111
5 0.487891 0.245833 0.049219 0.036111
5 0.549170 0.445678 0.070214 0.055245
5 0.582422 0.336806 0.060156 0.048611
6 0.419141 0.345833 0.060156 0.033333
6 0.705078 0.452778 0.072656 0.061111
6 0.737891 0.263889 0.060156 0.044444
6 0.822266 0.196528 0.055469 0.043056
7 0.458594 0.415972 0.057813 0.048611
7 0.879687 0.214583 0.059375 0.040278
8 0.440625 0.273611 0.050000 0.038889
8 0.519922 0.336806 0.049219 0.037500
8 0.775000 0.365278 0.062500 0.038889
8 0.810640 0.289922 0.065029 0.054844
8 0.850781 0.361111 0.060937 0.052778