1 0.239453 0.192361 0.103906 0.112500
1 0.321094 0.668750 0.026562 0.051389
1 0.321094 0.618750 0.025000 0.043056
1 0.321484 0.734722 0.025781 0.047222
1 0.343750 0.632639 0.028125 0.043056
1 0.344531 0.675000 0.028125 0.044444
1 0.365234 0.695139 0.027344 0.048611
1 0.392969 0.698611 0.023438 0.050000
1 0.402734 0.611111 0.022656 0.044444
1 0.416406 0.731250 0.025000 0.048611
1 0.483203 0.580556 0.024219 0.044444
1 0.487109 0.784028 0.022656 0.045833
1 0.506250 0.688194 0.026562 0.048611
1 0.508984 0.606250 0.024219 0.045833
1 0.559766 0.688194 0.025781 0.045833
1 0.596875 0.654167 0.025000 0.047222
1 0.832031 0.434028 0.089063 0.104167
3 0.344531 0.675000 0.028125 0.044444
3 0.483203 0.580556 0.024219 0.044444
3 0.832031 0.434028 0.089063 0.104167
4 0.239453 0.192361 0.103906 0.112500
4 0.321484 0.734722 0.025781 0.047222
4 0.343750 0.632639 0.028125 0.043056
5 0.508984 0.606250 0.024219 0.045833
6 0.416406 0.731250 0.025000 0.048611
6 0.506250 0.688194 0.026562 0.048611
7 0.321094 0.668750 0.026562 0.051389
7 0.321094 0.618750 0.025000 0.043056
7 0.365234 0.695139 0.027344 0.048611
7 0.402734 0.611111 0.022656 0.044444
7 0.559766 0.688194 0.025781 0.045833
7 0.596875 0.654167 0.025000 0.047222
8 0.392969 0.698611 0.023438 0.050000
8 0.487109 0.784028 0.022656 0.045833