1 0.442188 0.563889 0.060937 0.052778
1 0.469328 0.822211 0.088656 0.080533
1 0.459766 0.666667 0.058594 0.047222
1 0.471314 0.742436 0.062991 0.076215
1 0.525391 0.618750 0.058594 0.054167
1 0.535156 0.775000 0.071875 0.069444
1 0.538345 0.697234 0.066699 0.080952
1 0.602084 0.741631 0.074480 0.083262
1 0.654919 0.581588 0.056713 0.049288
1 0.700218 0.672100 0.065189 0.064133
1 0.694900 0.462421 0.046137 0.044603
1 0.712872 0.582687 0.056994 0.040374
1 0.747335 0.746372 0.070398 0.072499
1 0.744922 0.635417 0.060156 0.043056
1 0.744922 0.482639 0.053906 0.040278
1 0.767188 0.607639 0.050000 0.034722
1 0.803125 0.565972 0.064062 0.045833
3 0.471314 0.742436 0.062991 0.076215
3 0.525391 0.618750 0.058594 0.054167
4 0.442188 0.563889 0.060937 0.052778
4 0.535156 0.775000 0.071875 0.069444
4 0.654919 0.581588 0.056713 0.049288
4 0.744922 0.635417 0.060156 0.043056
4 0.744922 0.482639 0.053906 0.040278
5 0.459766 0.666667 0.058594 0.047222
7 0.602084 0.741631 0.074480 0.083262
7 0.694900 0.462421 0.046137 0.044603
7 0.712872 0.582687 0.056994 0.040374
7 0.747335 0.746372 0.070398 0.072499
7 0.803125 0.565972 0.064062 0.045833
8 0.469328 0.822211 0.088656 0.080533
8 0.538345 0.697234 0.066699 0.080952
8 0.700150 0.672289 0.065325 0.063755
8 0.767188 0.607639 0.050000 0.034722