1 0.372656 0.488889 0.039844 0.055556
1 0.379688 0.234722 0.032813 0.040278
1 0.393750 0.311111 0.034375 0.043056
1 0.411719 0.075000 0.029687 0.034722
1 0.431250 0.202778 0.035937 0.041667
1 0.435937 0.461111 0.039062 0.050000
1 0.442188 0.294444 0.046094 0.058333
1 0.457813 0.140278 0.032031 0.038889
1 0.503125 0.305556 0.033594 0.037500
1 0.521094 0.456944 0.046094 0.062500
1 0.534375 0.261111 0.035156 0.041667
1 0.537500 0.295833 0.032813 0.043056
1 0.552344 0.120833 0.043750 0.047222
1 0.561719 0.204167 0.039844 0.044444
1 0.578906 0.284722 0.035937 0.045833
1 0.600000 0.327778 0.039062 0.056944
1 0.601562 0.240278 0.039844 0.054167
1 0.632031 0.276389 0.036719 0.041667
1 0.632812 0.472222 0.039844 0.048611
1 0.635156 0.376389 0.039062 0.047222
1 0.640625 0.325000 0.039844 0.051389
1 0.677344 0.362500 0.037500 0.050000
1 0.678906 0.419444 0.042188 0.052778
1 0.683594 0.502778 0.039062 0.055556
1 0.684375 0.284722 0.031250 0.036111
1 0.729688 0.418056 0.038281 0.050000
1 0.735938 0.479167 0.038281 0.051389
1 0.796875 0.476389 0.040625 0.055556
1 0.813281 0.422222 0.038281 0.051389
3 0.411719 0.075000 0.029687 0.034722
3 0.435937 0.461111 0.039062 0.050000
3 0.457813 0.140278 0.032031 0.038889
3 0.552344 0.120833 0.043750 0.047222
3 0.813281 0.422222 0.038281 0.051389
4 0.379688 0.234722 0.032813 0.040278
4 0.503125 0.305556 0.033594 0.037500
4 0.534375 0.261111 0.035156 0.041667
4 0.632812 0.472222 0.039844 0.048611
4 0.635156 0.376389 0.039062 0.047222
5 0.393750 0.311111 0.034375 0.043056
5 0.431250 0.202778 0.035937 0.041667
5 0.442188 0.294444 0.046094 0.058333
5 0.561719 0.204167 0.039844 0.044444
5 0.601562 0.240278 0.039844 0.054167
5 0.677344 0.362500 0.037500 0.050000
6 0.578906 0.284722 0.035937 0.045833
6 0.632031 0.276389 0.036719 0.041667
6 0.683594 0.502778 0.039062 0.055556
6 0.735938 0.479167 0.038281 0.051389
6 0.796875 0.476389 0.040625 0.055556
7 0.521094 0.456944 0.046094 0.062500
7 0.678906 0.419444 0.042188 0.052778
8 0.372656 0.488889 0.039844 0.055556
8 0.537500 0.295833 0.032813 0.043056
8 0.600000 0.327778 0.039062 0.056944
8 0.640625 0.325000 0.039844 0.051389
8 0.684375 0.284722 0.031250 0.036111
8 0.729688 0.418056 0.038281 0.050000