1 0.158594 0.694444 0.027344 0.050000
1 0.248438 0.858333 0.032031 0.059722
1 0.271094 0.737500 0.025000 0.048611
1 0.274219 0.177778 0.105469 0.119444
1 0.303906 0.506944 0.027344 0.041667
1 0.321094 0.579167 0.025781 0.040278
1 0.327344 0.618056 0.024219 0.041667
1 0.341406 0.543056 0.025781 0.038889
1 0.343750 0.502778 0.025000 0.038889
1 0.353125 0.666667 0.029687 0.055556
1 0.367188 0.519444 0.024219 0.041667
1 0.373437 0.576389 0.028125 0.047222
1 0.385937 0.787500 0.025781 0.050000
1 0.392969 0.600000 0.027344 0.044444
1 0.404687 0.500000 0.025000 0.043056
1 0.408594 0.283333 0.027344 0.048611
1 0.428906 0.611111 0.022656 0.041667
1 0.458594 0.536111 0.024219 0.043056
1 0.464844 0.647222 0.025781 0.048611
1 0.499219 0.737500 0.023438 0.045833
1 0.542188 0.537500 0.026562 0.047222
1 0.632812 0.419444 0.076563 0.072222
1 0.837500 0.363889 0.091406 0.098611
3 0.392969 0.600000 0.027344 0.044444
3 0.404687 0.500000 0.025000 0.043056
3 0.837500 0.363889 0.091406 0.098611
4 0.274219 0.177778 0.105469 0.119444
4 0.303906 0.506944 0.027344 0.041667
4 0.327344 0.618056 0.024219 0.041667
4 0.343750 0.502778 0.025000 0.038889
4 0.367188 0.519444 0.024219 0.041667
4 0.408594 0.283333 0.027344 0.048611
5 0.373437 0.576389 0.028125 0.047222
5 0.385937 0.787500 0.025781 0.050000
5 0.428906 0.611111 0.022656 0.041667
5 0.458594 0.536111 0.024219 0.043056
5 0.464844 0.647222 0.025781 0.048611
6 0.353125 0.666667 0.029687 0.055556
6 0.499219 0.737500 0.023438 0.045833
6 0.542188 0.537500 0.026562 0.047222
7 0.158594 0.694444 0.027344 0.050000
7 0.341406 0.543056 0.025781 0.038889
8 0.248438 0.858333 0.032031 0.059722
8 0.271094 0.737500 0.025000 0.048611
8 0.321094 0.579167 0.025781 0.040278
8 0.632812 0.419444 0.076563 0.072222