1 0.168532 0.125937 0.046439 0.049097
1 0.209003 0.343212 0.058631 0.058645
1 0.223261 0.165691 0.052771 0.056383
1 0.257674 0.367167 0.059098 0.062112
1 0.276624 0.160261 0.051685 0.056632
1 0.379468 0.409056 0.083936 0.107001
1 0.491201 0.357473 0.065091 0.084386
1 0.492653 0.611228 0.062625 0.087478
1 0.566896 0.336521 0.076950 0.084136
1 0.563155 0.220367 0.050735 0.059847
3 0.379468 0.409056 0.083936 0.107001
3 0.563155 0.220367 0.050735 0.059847
4 0.223261 0.165691 0.052771 0.056383
4 0.491201 0.357473 0.065091 0.084386
4 0.492653 0.611228 0.062625 0.087478
4 0.566896 0.336521 0.076950 0.084136
5 0.209003 0.343212 0.058631 0.058645
6 0.257674 0.367167 0.059098 0.062112
6 0.276624 0.160261 0.051685 0.056632
7 0.168532 0.125937 0.046439 0.049097