1 0.327667 0.661849 0.097668 0.137299
1 0.424541 0.537246 0.074082 0.099493
1 0.443531 0.851842 0.076813 0.122602
1 0.467244 0.639879 0.069461 0.101139
1 0.529726 0.772949 0.067233 0.104465
1 0.585034 0.855067 0.055298 0.080301
1 0.617154 0.627219 0.067157 0.088232
1 0.696686 0.454793 0.062946 0.079340
1 0.733486 0.699683 0.070700 0.084104
1 0.798265 0.548595 0.075729 0.097998
3 0.617154 0.627219 0.067157 0.088232
3 0.798265 0.548595 0.075729 0.097998
4 0.443531 0.851842 0.076813 0.122602
4 0.529726 0.772949 0.067233 0.104465
5 0.327667 0.661849 0.097668 0.137299
5 0.424541 0.537246 0.074082 0.099493
5 0.467244 0.639879 0.069461 0.101139
7 0.585034 0.855067 0.055298 0.080301
7 0.696686 0.454793 0.062946 0.079340
8 0.733486 0.699683 0.070700 0.084104