1 0.351953 0.370833 0.035156 0.041667
1 0.358203 0.231944 0.032031 0.041667
1 0.392188 0.237500 0.037500 0.044444
1 0.399609 0.360417 0.033594 0.043056
1 0.432422 0.327778 0.036719 0.047222
1 0.441406 0.245139 0.029687 0.034722
1 0.474609 0.250694 0.038281 0.048611
1 0.481641 0.313889 0.047656 0.058333
1 0.492969 0.396528 0.037500 0.045833
1 0.501563 0.175694 0.035937 0.040278
1 0.525000 0.246528 0.035937 0.043056
1 0.525000 0.245833 0.035937 0.041667
1 0.531641 0.288194 0.032031 0.037500
1 0.568750 0.266667 0.039062 0.050000
1 0.570703 0.097917 0.028906 0.034722
1 0.591406 0.179167 0.035937 0.041667
1 0.601172 0.419444 0.038281 0.050000
1 0.605859 0.343750 0.038281 0.051389
1 0.617578 0.275000 0.047656 0.063889
1 0.643359 0.377083 0.036719 0.048611
1 0.658203 0.327778 0.038281 0.050000
1 0.664844 0.284722 0.034375 0.038889
1 0.669922 0.252083 0.036719 0.045833
1 0.708984 0.445139 0.039844 0.056944
1 0.711719 0.125000 0.032813 0.038889
1 0.726953 0.240278 0.046094 0.052778
1 0.753516 0.340278 0.041406 0.055556
1 0.754297 0.405556 0.035156 0.044444
1 0.783984 0.461111 0.044531 0.052778
1 0.815234 0.231250 0.035156 0.045833
1 0.835938 0.475694 0.043750 0.054167
1 0.871094 0.463194 0.037500 0.048611
3 0.392188 0.237500 0.037500 0.044444
3 0.492969 0.396528 0.037500 0.045833
3 0.570703 0.097917 0.028906 0.034722
3 0.617578 0.275000 0.047656 0.063889
3 0.708984 0.445139 0.039844 0.056944
4 0.432422 0.327778 0.036719 0.047222
4 0.601172 0.419444 0.038281 0.050000
4 0.711719 0.125000 0.032813 0.038889
4 0.754297 0.405556 0.035156 0.044444
5 0.441406 0.245139 0.029687 0.034722
5 0.525000 0.246528 0.035937 0.043056
5 0.525000 0.245833 0.035937 0.041667
5 0.531641 0.288194 0.032031 0.037500
5 0.591406 0.179167 0.035937 0.041667
5 0.605859 0.343750 0.038281 0.051389
5 0.643359 0.377083 0.036719 0.048611
5 0.658203 0.327778 0.038281 0.050000
5 0.669922 0.252083 0.036719 0.045833
6 0.351953 0.370833 0.035156 0.041667
6 0.358203 0.231944 0.032031 0.041667
6 0.501563 0.175694 0.035937 0.040278
6 0.815234 0.231250 0.035156 0.045833
6 0.871094 0.463194 0.037500 0.048611
7 0.481641 0.313889 0.047656 0.058333
7 0.568750 0.266667 0.039062 0.050000
7 0.753516 0.340278 0.041406 0.055556
7 0.835938 0.475694 0.043750 0.054167
8 0.399609 0.360417 0.033594 0.043056
8 0.474609 0.250694 0.038281 0.048611
8 0.664844 0.284722 0.034375 0.038889
8 0.726953 0.240278 0.046094 0.052778
8 0.783984 0.461111 0.044531 0.052778