0 0.369922 0.563889 0.072656 0.161111
0 0.397656 0.410417 0.075000 0.145833
0 0.474609 0.566667 0.088281 0.166667
0 0.467969 0.408333 0.064062 0.144444
0 0.503516 0.739583 0.077344 0.176389
0 0.533984 0.399306 0.064844 0.143056
0 0.576953 0.500694 0.083594 0.162500
0 0.606250 0.757639 0.082812 0.184722
0 0.675000 0.488194 0.070312 0.151389
0 0.684766 0.779861 0.086719 0.190278
1 0.368359 0.520833 0.067969 0.075000
1 0.396094 0.368056 0.067187 0.061111
1 0.474609 0.525694 0.083594 0.084722
1 0.467578 0.366667 0.060156 0.058333
1 0.505078 0.695833 0.074219 0.088889
1 0.533594 0.358333 0.062500 0.061111
1 0.578906 0.455556 0.075000 0.072222
1 0.608203 0.710417 0.078906 0.090278
1 0.677734 0.446528 0.063281 0.068056
1 0.687109 0.734722 0.078906 0.097222
2 0.368790 0.599399 0.071019 0.083538
2 0.368440 0.428271 0.018294 0.110489
2 0.405831 0.435284 0.056817 0.093942
2 0.451158 0.588650 0.039696 0.115643
2 0.469217 0.437742 0.063162 0.084936
2 0.502801 0.784347 0.071942 0.088216
2 0.495136 0.592431 0.046335 0.114258
2 0.505443 0.393265 0.007256 0.109246
2 0.536545 0.429220 0.057206 0.082365
2 0.556022 0.524041 0.040516 0.116716
2 0.604686 0.797760 0.071263 0.089560
2 0.599948 0.521593 0.039476 0.115026
2 0.673396 0.521739 0.063918 0.084026
2 0.687283 0.828947 0.082836 0.096271
3 0.467578 0.366667 0.060156 0.058333
3 0.608203 0.710417 0.078906 0.090278
3 0.677734 0.446528 0.063281 0.068056
4 0.368359 0.520833 0.067969 0.075000
5 0.474609 0.525694 0.083594 0.084722
5 0.533594 0.358333 0.062500 0.061111
8 0.396094 0.368056 0.067187 0.061111
8 0.505078 0.695833 0.074219 0.088889
8 0.578906 0.455556 0.075000 0.072222
8 0.687109 0.734722 0.078906 0.097222