1 0.359375 0.427083 0.028125 0.029167
1 0.403906 0.532639 0.031250 0.037500
1 0.441016 0.355556 0.028906 0.030556
1 0.442969 0.513194 0.029687 0.034722
1 0.452114 0.567031 0.029229 0.039618
1 0.473438 0.538194 0.031250 0.040278
1 0.482812 0.586806 0.028125 0.034722
1 0.490808 0.405695 0.028490 0.030834
1 0.557634 0.456519 0.026747 0.036815
1 0.719307 0.553315 0.029239 0.037185
3 0.442969 0.513194 0.029687 0.034722
3 0.482812 0.586806 0.028125 0.034722
4 0.490808 0.405695 0.028490 0.030834
4 0.719307 0.553315 0.029239 0.037185
5 0.403906 0.532639 0.031250 0.037500
5 0.557634 0.456519 0.026747 0.036815
6 0.359375 0.427083 0.028125 0.029167
6 0.441016 0.355556 0.028906 0.030556
6 0.452114 0.567031 0.029229 0.039618
6 0.473438 0.538194 0.031250 0.040278