1 0.412500 0.715278 0.122656 0.112500
1 0.478125 0.263889 0.051562 0.055556
1 0.543750 0.252778 0.035937 0.040278
1 0.590625 0.222222 0.033594 0.037500
1 0.650781 0.326389 0.053125 0.062500
1 0.655469 0.168056 0.032813 0.033333
1 0.660937 0.406944 0.053125 0.059722
1 0.667969 0.241667 0.032813 0.037500
1 0.730469 0.409722 0.045312 0.058333
1 0.877344 0.675000 0.048438 0.059722
3 0.543750 0.252778 0.035937 0.040278
3 0.650781 0.326389 0.053125 0.062500
4 0.412500 0.715278 0.122656 0.112500
5 0.730469 0.409722 0.045312 0.058333
6 0.478125 0.263889 0.051562 0.055556
6 0.655469 0.168056 0.032813 0.033333
6 0.667969 0.241667 0.032813 0.037500
7 0.660937 0.406944 0.053125 0.059722
7 0.877344 0.675000 0.048438 0.059722
8 0.590625 0.222222 0.033594 0.037500