1 0.205617 0.607238 0.032115 0.058055
1 0.338950 0.513249 0.033026 0.056896
1 0.359375 0.458333 0.035937 0.061111
1 0.406862 0.565883 0.030417 0.054026
1 0.434766 0.546528 0.035156 0.065278
1 0.469922 0.572222 0.036719 0.066667
1 0.527734 0.619444 0.035156 0.066667
1 0.546875 0.509722 0.032813 0.061111
1 0.562109 0.452083 0.036719 0.065278
1 0.561328 0.624306 0.033594 0.059722
1 0.586755 0.663890 0.034943 0.059097
1 0.591406 0.740972 0.034375 0.062500
1 0.607031 0.486111 0.029687 0.052778
1 0.617578 0.613889 0.032031 0.058333
1 0.660547 0.592361 0.035156 0.059722
3 0.527734 0.619444 0.035156 0.066667
4 0.469922 0.572222 0.036719 0.066667
5 0.406862 0.565883 0.030417 0.054026
5 0.591406 0.740972 0.034375 0.062500
6 0.338950 0.513249 0.033026 0.056896
6 0.546875 0.509722 0.032813 0.061111
6 0.617578 0.613889 0.032031 0.058333
6 0.660547 0.592361 0.035156 0.059722
7 0.434766 0.546528 0.035156 0.065278
7 0.562109 0.452083 0.036719 0.065278
7 0.561328 0.624306 0.033594 0.059722
8 0.205251 0.606575 0.030650 0.060807
8 0.359375 0.458333 0.035937 0.061111
8 0.586540 0.663570 0.035374 0.059737
8 0.607031 0.486111 0.029687 0.052778