1 0.395614 0.358571 0.067790 0.086586
1 0.440234 0.295139 0.055469 0.065278
1 0.456643 0.581105 0.072661 0.095543
1 0.468645 0.394353 0.074791 0.094263
1 0.544564 0.385209 0.056316 0.067640
1 0.662614 0.797634 0.067181 0.108111
1 0.724991 0.455583 0.054868 0.072727
3 0.724991 0.455583 0.054868 0.072727
4 0.456643 0.581105 0.072661 0.095543
5 0.440234 0.295139 0.055469 0.065278
6 0.662614 0.797634 0.067181 0.108111
7 0.468645 0.394353 0.074791 0.094263
7 0.544564 0.385209 0.056316 0.067640
8 0.395614 0.358571 0.067790 0.086586