1 0.170499 0.552360 0.070215 0.085487
1 0.334064 0.393694 0.055628 0.073500
1 0.353366 0.558095 0.067682 0.088384
1 0.430219 0.572611 0.068250 0.086890
1 0.468016 0.649841 0.078220 0.105238
1 0.531593 0.595449 0.063187 0.090899
1 0.610128 0.369401 0.088657 0.105051
1 0.668492 0.727178 0.068686 0.105197
1 0.730321 0.472629 0.065555 0.084185
1 0.791841 0.762321 0.071414 0.111572
3 0.791841 0.762321 0.071414 0.111572
4 0.353366 0.558095 0.067682 0.088384
4 0.430219 0.572611 0.068250 0.086890
4 0.668492 0.727178 0.068686 0.105197
5 0.170499 0.552360 0.070215 0.085487
5 0.730321 0.472629 0.065555 0.084185
6 0.334064 0.393694 0.055628 0.073500
6 0.531593 0.595449 0.063187 0.090899
6 0.610128 0.369401 0.088657 0.105051
7 0.468016 0.649841 0.078220 0.105238