1 0.249219 0.104167 0.100781 0.115278
1 0.364063 0.448611 0.027344 0.044444
1 0.367969 0.627778 0.025000 0.041667
1 0.373437 0.702778 0.024219 0.044444
1 0.394531 0.681944 0.026562 0.048611
1 0.402344 0.511111 0.028125 0.052778
1 0.405469 0.569444 0.025781 0.043056
1 0.421094 0.419444 0.024219 0.043056
1 0.422656 0.712500 0.024219 0.048611
1 0.428125 0.519444 0.025781 0.047222
1 0.436719 0.576389 0.025781 0.044444
1 0.460938 0.659722 0.023438 0.043056
1 0.467969 0.613889 0.026562 0.045833
1 0.471875 0.455556 0.022656 0.038889
1 0.503125 0.579167 0.025781 0.044444
1 0.591406 0.609722 0.025000 0.041667
1 0.834375 0.625000 0.086719 0.101389
3 0.364063 0.448611 0.027344 0.044444
3 0.373437 0.702778 0.024219 0.044444
3 0.471875 0.455556 0.022656 0.038889
3 0.503125 0.579167 0.025781 0.044444
3 0.591406 0.609722 0.025000 0.041667
4 0.249219 0.104167 0.100781 0.115278
4 0.421094 0.419444 0.024219 0.043056
4 0.428125 0.519444 0.025781 0.047222
4 0.834375 0.625000 0.086719 0.101389
5 0.405469 0.569444 0.025781 0.043056
5 0.436719 0.576389 0.025781 0.044444
6 0.367969 0.627778 0.025000 0.041667
6 0.394531 0.681944 0.026562 0.048611
6 0.460938 0.659722 0.023438 0.043056
7 0.422656 0.712500 0.024219 0.048611
7 0.467969 0.613889 0.026562 0.045833
8 0.402344 0.511111 0.028125 0.052778