1 0.148047 0.420833 0.063281 0.066667
1 0.263281 0.764583 0.075000 0.109722
1 0.308203 0.440278 0.077344 0.100000
1 0.307422 0.655556 0.066406 0.083333
1 0.363672 0.377083 0.080469 0.098611
1 0.362109 0.730556 0.069531 0.097222
1 0.367578 0.534722 0.069531 0.080556
1 0.376549 0.630774 0.064035 0.080993
1 0.396765 0.452083 0.057592 0.070834
1 0.427734 0.813194 0.074219 0.106944
1 0.451172 0.509722 0.074219 0.091667
1 0.660937 0.824306 0.087500 0.120833
3 0.307422 0.655556 0.066406 0.083333
3 0.427734 0.813194 0.074219 0.106944
4 0.148047 0.420833 0.063281 0.066667
4 0.263281 0.764583 0.075000 0.109722
4 0.308203 0.440278 0.077344 0.100000
4 0.367578 0.534722 0.069531 0.080556
4 0.660937 0.824306 0.087500 0.120833
5 0.362109 0.730556 0.069531 0.097222
5 0.451172 0.509722 0.074219 0.091667
7 0.396765 0.452083 0.057592 0.070834
8 0.363672 0.377083 0.080469 0.098611
8 0.376549 0.630774 0.064035 0.080993