0 0.346484 0.445139 0.080469 0.154167
0 0.411328 0.518750 0.083594 0.159722
0 0.443750 0.670139 0.084375 0.176389
0 0.492969 0.562500 0.081250 0.163889
0 0.503125 0.384722 0.060937 0.138889
0 0.528516 0.459028 0.072656 0.148611
0 0.539844 0.776389 0.084375 0.180556
0 0.629297 0.729861 0.094531 0.184722
0 0.642969 0.504861 0.078125 0.156944
0 0.643359 0.388194 0.064844 0.115278
1 0.345313 0.400694 0.073438 0.068056
1 0.411134 0.480673 0.073831 0.083568
1 0.444531 0.623611 0.076563 0.083333
1 0.491336 0.521935 0.074860 0.082758
1 0.504687 0.343750 0.057813 0.056944
1 0.531641 0.418056 0.064844 0.066667
1 0.540234 0.736111 0.080469 0.100000
1 0.631250 0.688194 0.085938 0.101389
1 0.646484 0.460417 0.069531 0.070833
1 0.644219 0.358170 0.060313 0.055228
2 0.321546 0.462861 0.030276 0.110811
2 0.362446 0.465841 0.046171 0.099242
2 0.384923 0.535603 0.027062 0.122813
2 0.425022 0.543084 0.051826 0.103570
2 0.435797 0.706773 0.068089 0.101320
2 0.466153 0.554604 0.026182 0.077866
2 0.477403 0.687559 0.017231 0.141635
2 0.502224 0.408573 0.055798 0.074949
2 0.506413 0.597886 0.052138 0.095578
2 0.521812 0.483511 0.055427 0.080788
2 0.504544 0.794137 0.011111 0.140717
2 0.545306 0.821871 0.070301 0.083413
2 0.557902 0.470922 0.014543 0.114095
2 0.593831 0.739377 0.023332 0.158516
2 0.635387 0.532955 0.060211 0.104380
2 0.640843 0.780296 0.070604 0.087553
2 0.644658 0.407500 0.059890 0.050176
2 0.674454 0.522791 0.018003 0.115902
4 0.531641 0.418056 0.064844 0.066667
5 0.411134 0.480673 0.073831 0.083568
5 0.540234 0.736111 0.080469 0.100000
6 0.345313 0.400694 0.073438 0.068056
6 0.631250 0.688194 0.085938 0.101389
6 0.646484 0.460417 0.069531 0.070833
7 0.491336 0.521935 0.074860 0.082758
7 0.504687 0.343750 0.057813 0.056944
7 0.644219 0.358170 0.060313 0.055228
8 0.444531 0.623611 0.076563 0.083333