1 0.285156 0.475694 0.059375 0.048611
1 0.300343 0.320708 0.050686 0.044194
1 0.312612 0.379271 0.054911 0.044654
1 0.343309 0.455290 0.061618 0.055025
1 0.373499 0.398901 0.067311 0.056136
1 0.380078 0.297222 0.052344 0.036111
1 0.382031 0.338889 0.053125 0.038889
1 0.412109 0.517361 0.066406 0.056944
1 0.465625 0.391667 0.057813 0.041667
1 0.466797 0.331944 0.053906 0.044444
1 0.522656 0.330556 0.053125 0.041667
1 0.581790 0.326877 0.049518 0.050977
1 0.600391 0.365972 0.053906 0.037500
1 0.659557 0.370484 0.062865 0.046524
1 0.699793 0.452423 0.067714 0.066974
1 0.729755 0.388375 0.057678 0.048251
1 0.750000 0.222222 0.054688 0.041667
1 0.782674 0.262570 0.052940 0.044178
1 0.785329 0.312527 0.052092 0.042913
1 0.905286 0.403138 0.061302 0.054834
3 0.600468 0.366406 0.053906 0.037500
3 0.750000 0.222222 0.054688 0.041667
4 0.342999 0.456013 0.060997 0.056471
4 0.729462 0.389331 0.058264 0.046338
4 0.785058 0.312615 0.051162 0.045618
5 0.522656 0.330556 0.053125 0.041667
5 0.782674 0.262570 0.052940 0.044178
6 0.285156 0.475694 0.059375 0.048611
6 0.373948 0.399158 0.068208 0.056650
6 0.382031 0.338889 0.053125 0.038889
6 0.466797 0.331944 0.053906 0.044444
6 0.581540 0.326013 0.049018 0.049249
7 0.312848 0.379205 0.055384 0.044521
7 0.380078 0.297222 0.052344 0.036111
7 0.659654 0.370958 0.063057 0.047471
7 0.700830 0.453696 0.068889 0.066646
8 0.300409 0.320639 0.050817 0.044056
8 0.412109 0.517361 0.066406 0.056944
8 0.465625 0.391667 0.057813 0.041667
8 0.905528 0.403840 0.060818 0.053431