1 0.533594 0.605556 0.042188 0.077778
1 0.601562 0.602778 0.064062 0.111111
1 0.625781 0.744444 0.046875 0.086111
1 0.644922 0.386806 0.047656 0.087500
1 0.660547 0.690278 0.047656 0.080556
1 0.671484 0.805556 0.038281 0.075000
1 0.726172 0.438194 0.064844 0.112500
1 0.794531 0.694444 0.050000 0.091667
1 0.825372 0.353683 0.039881 0.070412
1 0.893359 0.427083 0.042969 0.073611
1 0.945021 0.341742 0.044333 0.083182
3 0.671484 0.805556 0.038281 0.075000
4 0.825085 0.353675 0.040454 0.070428
6 0.660547 0.690278 0.047656 0.080556
6 0.893359 0.427083 0.042969 0.073611
7 0.601562 0.602778 0.064062 0.111111
7 0.625781 0.744444 0.046875 0.086111
7 0.644922 0.386806 0.047656 0.087500
7 0.944747 0.340365 0.044881 0.085936
8 0.533594 0.605556 0.042188 0.077778
8 0.726172 0.438194 0.064844 0.112500
8 0.794531 0.694444 0.050000 0.091667