1 0.279614 0.456263 0.024217 0.042037
1 0.294665 0.510193 0.023398 0.040359
1 0.309766 0.448611 0.032031 0.061111
1 0.337626 0.636962 0.026310 0.042743
1 0.378125 0.430556 0.025000 0.044444
1 0.391406 0.298611 0.021875 0.038889
1 0.400507 0.476885 0.022944 0.040938
1 0.405469 0.802083 0.026562 0.051389
1 0.411719 0.536806 0.034375 0.056944
1 0.412109 0.420833 0.025781 0.047222
1 0.427734 0.797917 0.027344 0.056944
1 0.428516 0.584722 0.027344 0.047222
1 0.470591 0.720045 0.026006 0.043243
1 0.470318 0.509003 0.021705 0.039817
1 0.496484 0.657639 0.027344 0.051389
1 0.507194 0.495322 0.025356 0.043902
1 0.508984 0.742361 0.024219 0.051389
1 0.513431 0.693048 0.021954 0.036165
1 0.518683 0.547891 0.027319 0.049850
1 0.528906 0.654861 0.026562 0.051389
1 0.574609 0.444444 0.032031 0.052778
1 0.581250 0.534722 0.032813 0.055556
1 0.585255 0.486547 0.019003 0.037190
1 0.605859 0.569444 0.028906 0.044444
1 0.607812 0.618056 0.031250 0.050000
1 0.603876 0.511222 0.022034 0.043509
1 0.623047 0.386111 0.027344 0.044444
1 0.632422 0.450694 0.025781 0.037500
1 0.644922 0.406944 0.033594 0.055556
3 0.337902 0.636821 0.025759 0.043024
3 0.427734 0.797917 0.027344 0.056944
3 0.428516 0.584722 0.027344 0.047222
3 0.623047 0.386111 0.027344 0.044444
3 0.632422 0.450694 0.025781 0.037500
4 0.378125 0.430556 0.025000 0.044444
4 0.405469 0.802083 0.026562 0.051389
5 0.496484 0.657639 0.027344 0.051389
5 0.605859 0.569444 0.028906 0.044444
6 0.574609 0.444444 0.032031 0.052778
6 0.644922 0.406944 0.033594 0.055556
7 0.309766 0.448611 0.032031 0.061111
7 0.391406 0.298611 0.021875 0.038889
7 0.411719 0.536806 0.034375 0.056944
7 0.470472 0.719550 0.026244 0.044233
7 0.607812 0.618056 0.031250 0.050000
8 0.412109 0.420833 0.025781 0.047222
8 0.508984 0.742361 0.024219 0.051389
8 0.528906 0.654861 0.026562 0.051389
8 0.581250 0.534722 0.032813 0.055556