1 0.427344 0.309722 0.043750 0.050000
1 0.435156 0.523611 0.060156 0.076389
1 0.465625 0.391667 0.046094 0.058333
1 0.524219 0.337500 0.042969 0.051389
1 0.543750 0.216667 0.035156 0.040278
1 0.585156 0.370833 0.042969 0.052778
1 0.609375 0.331944 0.042969 0.054167
1 0.609375 0.426389 0.042188 0.054167
1 0.634375 0.376389 0.043750 0.050000
1 0.664844 0.431944 0.042969 0.054167
1 0.670312 0.297222 0.040625 0.045833
1 0.678906 0.929167 0.047656 0.043056
1 0.680469 0.868056 0.048438 0.066667
3 0.634375 0.376389 0.043750 0.050000
4 0.585156 0.370833 0.042969 0.052778
4 0.680469 0.868056 0.048438 0.066667
5 0.524219 0.337500 0.042969 0.051389
5 0.609375 0.331944 0.042969 0.054167
5 0.609375 0.426389 0.042188 0.054167
6 0.435156 0.523611 0.060156 0.076389
6 0.664844 0.431944 0.042969 0.054167
7 0.465625 0.391667 0.046094 0.058333
8 0.427344 0.309722 0.043750 0.050000
8 0.543750 0.216667 0.035156 0.040278
8 0.670312 0.297222 0.040625 0.045833
8 0.678906 0.929167 0.047656 0.043056