1 0.425000 0.168750 0.070312 0.054167
1 0.471484 0.392361 0.078906 0.070833
1 0.491016 0.259028 0.069531 0.059722
1 0.600781 0.264583 0.067187 0.054167
1 0.620372 0.319156 0.075118 0.063313
1 0.674219 0.472917 0.096875 0.084722
1 0.686328 0.255556 0.078906 0.063889
1 0.758984 0.293056 0.088281 0.063889
1 0.795703 0.400000 0.099219 0.080556
1 0.824219 0.275694 0.084375 0.062500
1 0.905859 0.411806 0.080469 0.081944
1 0.921875 0.320833 0.068750 0.069444
3 0.674219 0.472917 0.096875 0.084722
3 0.686328 0.255556 0.078906 0.063889
4 0.600781 0.264583 0.067187 0.054167
5 0.491016 0.259028 0.069531 0.059722
5 0.620372 0.319156 0.075118 0.063313
5 0.824219 0.275694 0.084375 0.062500
5 0.921875 0.320833 0.068750 0.069444
6 0.425000 0.168750 0.070312 0.054167
6 0.471484 0.392361 0.078906 0.070833
7 0.758984 0.293056 0.088281 0.063889
7 0.795703 0.400000 0.099219 0.080556
7 0.905859 0.411806 0.080469 0.081944