1 0.342577 0.480283 0.064842 0.082788
1 0.343963 0.646765 0.066051 0.096308
1 0.523807 0.810035 0.088240 0.136738
1 0.550121 0.529754 0.064305 0.078952
1 0.575201 0.085220 0.073036 0.076782
1 0.642338 0.612356 0.072394 0.108160
1 0.669533 0.880981 0.077875 0.127007
1 0.784259 0.645497 0.063333 0.082818
3 0.784259 0.645497 0.063333 0.082818
4 0.343963 0.646765 0.066051 0.096308
5 0.550121 0.529754 0.064305 0.078952
5 0.642338 0.612356 0.072394 0.108160
6 0.342577 0.480283 0.064842 0.082788
7 0.523807 0.810035 0.088240 0.136738
7 0.669533 0.880981 0.077875 0.127007
8 0.575201 0.085220 0.073036 0.076782