1 0.298438 0.561806 0.081250 0.104167
1 0.379439 0.567585 0.065129 0.085170
1 0.380224 0.682719 0.065135 0.095993
1 0.503906 0.495833 0.062500 0.077778
1 0.540625 0.934028 0.075000 0.118056
1 0.578906 0.500000 0.067187 0.080556
1 0.583070 0.283644 0.053639 0.061732
1 0.600965 0.740987 0.072243 0.118085
1 0.665586 0.384455 0.085860 0.099465
1 0.808770 0.459813 0.067540 0.089070
1 0.838062 0.713505 0.062062 0.099232
3 0.379439 0.567585 0.065129 0.085170
5 0.503906 0.495833 0.062500 0.077778
5 0.540625 0.934028 0.075000 0.118056
5 0.600965 0.740987 0.072243 0.118085
5 0.838062 0.713505 0.062062 0.099232
6 0.298438 0.561806 0.081250 0.104167
6 0.583070 0.283644 0.053639 0.061732
6 0.665586 0.384455 0.085860 0.099465
8 0.380224 0.682719 0.065135 0.095993
8 0.578906 0.500000 0.067187 0.080556
8 0.808770 0.459813 0.067540 0.089070