1 0.079434 0.715245 0.069806 0.086046
1 0.107429 0.491258 0.055482 0.063071
1 0.130012 0.404990 0.072525 0.079424
1 0.172968 0.719973 0.092389 0.128735
1 0.185938 0.509722 0.054688 0.063889
1 0.252734 0.612500 0.085156 0.102778
1 0.244141 0.402083 0.050781 0.054167
1 0.356641 0.697222 0.066406 0.080556
1 0.366016 0.470139 0.053906 0.056944
3 0.107245 0.491258 0.055115 0.063071
4 0.129796 0.405281 0.072092 0.080007
4 0.244141 0.402083 0.050781 0.054167
6 0.172968 0.719973 0.092389 0.128735
7 0.079536 0.714662 0.070010 0.084880
7 0.252734 0.612500 0.085156 0.102778
7 0.356641 0.697222 0.066406 0.080556
8 0.185938 0.509722 0.054688 0.063889
8 0.366016 0.470139 0.053906 0.056944