1 0.238281 0.468056 0.025000 0.044444
1 0.251563 0.158333 0.105469 0.118056
1 0.274219 0.694444 0.027344 0.045833
1 0.281250 0.643056 0.029687 0.045833
1 0.300781 0.605556 0.033594 0.059722
1 0.319531 0.475000 0.026562 0.043056
1 0.328906 0.434722 0.025000 0.043056
1 0.332031 0.388889 0.028906 0.044444
1 0.332031 0.675000 0.025000 0.048611
1 0.337500 0.775000 0.022656 0.041667
1 0.353125 0.451389 0.027344 0.041667
1 0.359375 0.606944 0.029687 0.052778
1 0.374219 0.563889 0.025781 0.047222
1 0.382812 0.447222 0.026562 0.040278
1 0.388281 0.716667 0.026562 0.048611
1 0.405469 0.527778 0.026562 0.048611
1 0.410938 0.579167 0.022656 0.038889
1 0.415625 0.454167 0.027344 0.047222
1 0.415625 0.629167 0.025781 0.050000
1 0.444531 0.476389 0.030469 0.051389
1 0.532813 0.505556 0.076563 0.077778
1 0.837500 0.363889 0.092188 0.098611
3 0.274219 0.694444 0.027344 0.045833
3 0.388281 0.716667 0.026562 0.048611
3 0.532813 0.505556 0.076563 0.077778
3 0.837500 0.363889 0.092188 0.098611
4 0.251563 0.158333 0.105469 0.118056
4 0.300781 0.605556 0.033594 0.059722
4 0.359375 0.606944 0.029687 0.052778
4 0.374219 0.563889 0.025781 0.047222
4 0.415625 0.629167 0.025781 0.050000
5 0.281250 0.643056 0.029687 0.045833
5 0.382812 0.447222 0.026562 0.040278
5 0.410938 0.579167 0.022656 0.038889
5 0.444531 0.476389 0.030469 0.051389
6 0.319531 0.475000 0.026562 0.043056
6 0.332031 0.675000 0.025000 0.048611
7 0.332031 0.388889 0.028906 0.044444
7 0.353125 0.451389 0.027344 0.041667
7 0.415625 0.454167 0.027344 0.047222
8 0.238281 0.468056 0.025000 0.044444
8 0.328906 0.434722 0.025000 0.043056
8 0.337500 0.775000 0.022656 0.041667
8 0.405469 0.527778 0.026562 0.048611