1 0.252887 0.578644 0.052649 0.040621
1 0.263281 0.675694 0.064062 0.056944
1 0.260156 0.621528 0.056250 0.045833
1 0.287891 0.536111 0.050781 0.041667
1 0.285727 0.389179 0.041767 0.022802
1 0.319141 0.602083 0.057031 0.056944
1 0.341797 0.528472 0.053906 0.045833
1 0.360297 0.657263 0.056532 0.047860
1 0.376563 0.606944 0.051562 0.050000
1 0.427987 0.539303 0.048162 0.050828
1 0.514844 0.461806 0.045312 0.051389
1 0.542127 0.590110 0.056371 0.044780
1 0.558203 0.520139 0.044531 0.045833
1 0.569287 0.478849 0.046633 0.028505
1 0.576598 0.566110 0.050070 0.043332
1 0.576562 0.440972 0.043750 0.048611
1 0.598157 0.500669 0.054127 0.037448
1 0.630613 0.548964 0.055962 0.049294
1 0.698047 0.652778 0.064844 0.058333
3 0.260156 0.621528 0.056250 0.045833
3 0.287891 0.536111 0.050781 0.041667
3 0.319141 0.602083 0.057031 0.056944
3 0.341797 0.528472 0.053906 0.045833
3 0.514844 0.461806 0.045312 0.051389
4 0.253224 0.579504 0.053323 0.042341
4 0.376563 0.606944 0.051562 0.050000
4 0.427755 0.538932 0.047698 0.050087
4 0.542449 0.589214 0.055726 0.046572
5 0.285760 0.389512 0.041833 0.023468
5 0.568799 0.478845 0.046941 0.029973
5 0.597868 0.500730 0.053549 0.037572
6 0.263281 0.675694 0.064062 0.056944
6 0.360225 0.657407 0.056388 0.048147
6 0.631216 0.549182 0.054755 0.048858
6 0.698047 0.652778 0.064844 0.058333
7 0.576562 0.440972 0.043750 0.048611
8 0.558203 0.520139 0.044531 0.045833
8 0.576400 0.566363 0.049675 0.043837