1 0.362891 0.652083 0.041406 0.056944
1 0.455469 0.375000 0.037500 0.041667
1 0.479687 0.328472 0.035937 0.040278
1 0.494141 0.421528 0.036719 0.043056
1 0.499609 0.377083 0.035156 0.040278
1 0.534766 0.449306 0.042969 0.045833
1 0.542578 0.504167 0.047656 0.061111
1 0.540625 0.368750 0.039062 0.045833
1 0.589453 0.577778 0.041406 0.052778
1 0.615234 0.381250 0.039844 0.048611
1 0.648047 0.754861 0.053906 0.073611
1 0.678738 0.662306 0.040984 0.065131
1 0.687500 0.733333 0.051562 0.069444
1 0.706250 0.431250 0.037500 0.043056
1 0.773047 0.833333 0.042969 0.063889
1 0.776953 0.330556 0.041406 0.044444
1 0.791406 0.530556 0.039062 0.052778
1 0.855078 0.468056 0.046094 0.055556
3 0.615234 0.381250 0.039844 0.048611
4 0.494141 0.421528 0.036719 0.043056
5 0.534766 0.449306 0.042969 0.045833
5 0.542578 0.504167 0.047656 0.061111
5 0.540625 0.368750 0.039062 0.045833
5 0.687500 0.733333 0.051562 0.069444
5 0.776953 0.330556 0.041406 0.044444
6 0.362891 0.652083 0.041406 0.056944
6 0.479687 0.328472 0.035937 0.040278
6 0.589453 0.577778 0.041406 0.052778
6 0.648047 0.754861 0.053906 0.073611
7 0.773047 0.833333 0.042969 0.063889
8 0.455469 0.375000 0.037500 0.041667
8 0.499609 0.377083 0.035156 0.040278
8 0.678738 0.662306 0.040984 0.065131
8 0.706250 0.431250 0.037500 0.043056
8 0.791406 0.530556 0.039062 0.052778
8 0.855078 0.468056 0.046094 0.055556