1 0.260937 0.497222 0.025781 0.047222
1 0.324219 0.523611 0.026562 0.045833
1 0.325781 0.418056 0.027344 0.050000
1 0.348438 0.405556 0.029687 0.055556
1 0.371875 0.377778 0.031250 0.052778
1 0.375000 0.431944 0.023438 0.047222
1 0.403906 0.800000 0.026562 0.051389
1 0.412500 0.608333 0.027344 0.050000
1 0.418750 0.305556 0.029687 0.055556
1 0.425781 0.793056 0.028906 0.059722
1 0.438281 0.604167 0.024219 0.048611
1 0.449219 0.359722 0.027344 0.048611
1 0.469531 0.713889 0.027344 0.052778
1 0.491406 0.451389 0.073438 0.077778
1 0.494531 0.655556 0.028906 0.051389
1 0.507812 0.740278 0.023438 0.051389
1 0.528125 0.654167 0.025781 0.050000
1 0.579688 0.543056 0.028906 0.052778
1 0.583594 0.597222 0.023438 0.043056
1 0.603125 0.572222 0.028125 0.043056
1 0.603906 0.616667 0.025781 0.044444
1 0.608594 0.408333 0.028906 0.043056
1 0.609375 0.454167 0.027344 0.047222
1 0.617969 0.534722 0.028125 0.051389
1 0.618750 0.366667 0.028906 0.043056
1 0.628125 0.613889 0.022656 0.044444
1 0.635156 0.654167 0.023438 0.044444
1 0.635938 0.397222 0.032813 0.058333
1 0.650781 0.543056 0.032031 0.059722
1 0.683594 0.304167 0.084375 0.113889
1 0.692969 0.502778 0.026562 0.047222
3 0.412500 0.608333 0.027344 0.050000
3 0.425781 0.793056 0.028906 0.059722
3 0.438281 0.604167 0.024219 0.048611
3 0.608594 0.408333 0.028906 0.043056
3 0.618750 0.366667 0.028906 0.043056
3 0.683594 0.304167 0.084375 0.113889
4 0.375000 0.431944 0.023438 0.047222
4 0.403906 0.800000 0.026562 0.051389
4 0.491406 0.451389 0.073438 0.077778
4 0.635156 0.654167 0.023438 0.044444
4 0.692969 0.502778 0.026562 0.047222
5 0.494531 0.655556 0.028906 0.051389
5 0.603125 0.572222 0.028125 0.043056
5 0.609375 0.454167 0.027344 0.047222
5 0.628125 0.613889 0.022656 0.044444
6 0.324219 0.523611 0.026562 0.045833
6 0.579688 0.543056 0.028906 0.052778
6 0.635938 0.397222 0.032813 0.058333
6 0.650781 0.543056 0.032031 0.059722
7 0.260937 0.497222 0.025781 0.047222
7 0.348438 0.405556 0.029687 0.055556
7 0.418750 0.305556 0.029687 0.055556
7 0.449219 0.359722 0.027344 0.048611
7 0.603906 0.616667 0.025781 0.044444
7 0.617969 0.534722 0.028125 0.051389
8 0.325781 0.418056 0.027344 0.050000
8 0.371875 0.377778 0.031250 0.052778
8 0.469531 0.713889 0.027344 0.052778
8 0.507812 0.740278 0.023438 0.051389
8 0.528125 0.654167 0.025781 0.050000
8 0.583594 0.597222 0.023438 0.043056