1 0.089063 0.668056 0.070312 0.083333
1 0.113672 0.529167 0.074219 0.080556
1 0.107955 0.405345 0.056313 0.068700
1 0.142468 0.341881 0.051538 0.058959
1 0.227344 0.566667 0.060937 0.069444
1 0.264106 0.487708 0.059359 0.072383
1 0.260156 0.191667 0.046875 0.047222
1 0.305816 0.050705 0.040813 0.036745
1 0.403516 0.881944 0.071094 0.100000
1 0.404687 0.675694 0.070312 0.081944
1 0.400000 0.176389 0.048438 0.050000
1 0.414453 0.368056 0.058594 0.069444
1 0.484069 0.829778 0.068479 0.092940
1 0.487826 0.702453 0.071454 0.102929
1 0.493359 0.422222 0.064844 0.080556
1 0.554378 0.733894 0.059110 0.086218
1 0.644141 0.423611 0.052344 0.055556
1 0.720313 0.380556 0.054688 0.052778
1 0.765467 0.461419 0.049108 0.068335
1 0.787739 0.416770 0.046327 0.064436
3 0.113672 0.529167 0.074219 0.080556
3 0.227344 0.566667 0.060937 0.069444
3 0.264106 0.487708 0.059359 0.072383
3 0.400000 0.176389 0.048438 0.050000
3 0.787739 0.416770 0.046327 0.064436
4 0.089063 0.668056 0.070312 0.083333
4 0.414453 0.368056 0.058594 0.069444
4 0.487826 0.702453 0.071454 0.102929
4 0.644141 0.423611 0.052344 0.055556
5 0.305816 0.050705 0.040813 0.036745
5 0.765467 0.461419 0.049108 0.068335
6 0.403516 0.881944 0.071094 0.100000
6 0.720313 0.380556 0.054688 0.052778
7 0.142402 0.342973 0.050295 0.057735
8 0.108337 0.404565 0.056064 0.067278
8 0.260156 0.191667 0.046875 0.047222
8 0.404687 0.675694 0.070312 0.081944
8 0.484069 0.829778 0.068479 0.092940
8 0.493359 0.422222 0.064844 0.080556
8 0.554378 0.733894 0.059110 0.086218