1 0.112109 0.343750 0.111719 0.148611
1 0.237040 0.703377 0.077206 0.120642
1 0.286328 0.165972 0.063281 0.081944
1 0.312614 0.499123 0.081478 0.126024
1 0.359344 0.417713 0.081188 0.124315
1 0.381076 0.623239 0.090276 0.127033
1 0.385937 0.292361 0.071875 0.098611
1 0.411576 0.517865 0.080965 0.127397
1 0.440873 0.432147 0.067684 0.108739
1 0.463281 0.315972 0.076563 0.101389
1 0.492335 0.556827 0.073733 0.110877
1 0.514453 0.275000 0.064844 0.094444
1 0.534295 0.371888 0.101403 0.146554
1 0.583984 0.300694 0.078906 0.106944
1 0.610355 0.664099 0.065750 0.116938
1 0.654924 0.316194 0.069222 0.096277
1 0.736058 0.362220 0.062260 0.086671
1 0.764648 0.462795 0.055079 0.085521
4 0.112109 0.343750 0.111719 0.148611
5 0.385937 0.292361 0.071875 0.098611
5 0.463281 0.315972 0.076563 0.101389
5 0.764648 0.462795 0.055079 0.085521
6 0.359344 0.417713 0.081188 0.124315
6 0.381076 0.623239 0.090276 0.127033
6 0.411576 0.517865 0.080965 0.127397
6 0.440873 0.432147 0.067684 0.108739
7 0.492335 0.556827 0.073733 0.110877
7 0.583984 0.300694 0.078906 0.106944
7 0.610355 0.664099 0.065750 0.116938
7 0.736058 0.362220 0.062260 0.086671
8 0.237040 0.703377 0.077206 0.120642
8 0.286328 0.165972 0.063281 0.081944
8 0.312614 0.499123 0.081478 0.126024
8 0.514453 0.275000 0.064844 0.094444
8 0.534295 0.371888 0.101403 0.146554
8 0.654924 0.316194 0.069222 0.096277