0 0.320703 0.704167 0.103906 0.194444
0 0.333203 0.354167 0.080469 0.147222
0 0.438672 0.416667 0.075781 0.144444
0 0.454688 0.558333 0.089063 0.169444
0 0.454688 0.336806 0.062500 0.129167
0 0.531250 0.349306 0.076563 0.173611
0 0.601562 0.459722 0.107813 0.211111
0 0.621094 0.352083 0.078125 0.101389
0 0.630859 0.681250 0.097656 0.187500
1 0.320312 0.656250 0.098437 0.101389
1 0.329737 0.314433 0.067287 0.067755
1 0.439063 0.377778 0.068750 0.066667
1 0.451931 0.515670 0.081987 0.084118
1 0.454688 0.301389 0.059375 0.055556
1 0.531641 0.301389 0.074219 0.075000
1 0.603896 0.408005 0.099980 0.107677
1 0.620892 0.335246 0.073034 0.067714
1 0.633984 0.638194 0.085156 0.098611
2 0.292895 0.734882 0.048271 0.118331
2 0.307021 0.371191 0.028010 0.106318
2 0.345230 0.732206 0.052899 0.132525
2 0.346805 0.377780 0.050331 0.098074
2 0.430698 0.443454 0.055950 0.085966
2 0.437627 0.586643 0.051103 0.106927
2 0.458582 0.352675 0.050923 0.047908
2 0.467423 0.432400 0.018280 0.108426
2 0.481944 0.577811 0.032817 0.120523
2 0.531447 0.382359 0.072714 0.099951
2 0.581093 0.489423 0.063145 0.146290
2 0.599021 0.699850 0.030868 0.145542
2 0.633844 0.482236 0.043698 0.156433
2 0.646299 0.720750 0.061536 0.100684
2 0.644030 0.373590 0.031305 0.053909
3 0.320312 0.656250 0.098437 0.101389
3 0.451655 0.516036 0.081435 0.084851
3 0.531641 0.301389 0.074219 0.075000
3 0.633984 0.638194 0.085156 0.098611
4 0.439063 0.377778 0.068750 0.066667
5 0.620892 0.335246 0.073034 0.067714
6 0.330034 0.314251 0.067881 0.067391
7 0.454688 0.301389 0.059375 0.055556
7 0.603896 0.408005 0.099980 0.107677