1 0.237109 0.588889 0.028906 0.044444
1 0.244922 0.629861 0.025781 0.045833
1 0.271875 0.604861 0.029687 0.051389
1 0.312891 0.643750 0.025781 0.048611
1 0.328906 0.562500 0.028125 0.050000
1 0.375781 0.689583 0.023438 0.043056
1 0.388281 0.599306 0.026562 0.048611
1 0.403125 0.749306 0.026562 0.048611
1 0.420312 0.655556 0.023438 0.047222
1 0.429688 0.715278 0.026562 0.047222
1 0.452344 0.650000 0.026562 0.052778
1 0.452734 0.452778 0.022656 0.038889
1 0.457422 0.311806 0.025781 0.043056
1 0.460156 0.553472 0.031250 0.056944
1 0.458594 0.493750 0.021875 0.040278
1 0.466797 0.373611 0.025781 0.044444
1 0.482422 0.743750 0.025781 0.051389
1 0.486719 0.661111 0.025000 0.050000
1 0.515625 0.633333 0.021875 0.041667
1 0.522656 0.557639 0.023438 0.043056
1 0.563672 0.586111 0.025781 0.050000
1 0.767762 0.167021 0.027112 0.052626
1 0.792434 0.132038 0.022556 0.039446
1 0.803164 0.222259 0.025849 0.049367
3 0.328906 0.562500 0.028125 0.050000
4 0.244922 0.629861 0.025781 0.045833
4 0.312891 0.643750 0.025781 0.048611
4 0.375781 0.689583 0.023438 0.043056
4 0.420312 0.655556 0.023438 0.047222
4 0.452344 0.650000 0.026562 0.052778
4 0.466797 0.373611 0.025781 0.044444
4 0.515625 0.633333 0.021875 0.041667
5 0.271875 0.604861 0.029687 0.051389
5 0.452734 0.452778 0.022656 0.038889
5 0.458594 0.493750 0.021875 0.040278
5 0.792434 0.132038 0.022556 0.039446
6 0.388281 0.599306 0.026562 0.048611
6 0.460156 0.553472 0.031250 0.056944
6 0.767762 0.167021 0.027112 0.052626
7 0.237109 0.588889 0.028906 0.044444
7 0.482422 0.743750 0.025781 0.051389
7 0.486719 0.661111 0.025000 0.050000
7 0.522656 0.557639 0.023438 0.043056
7 0.563672 0.586111 0.025781 0.050000
7 0.803164 0.222259 0.025849 0.049367
8 0.403125 0.749306 0.026562 0.048611
8 0.429688 0.715278 0.026562 0.047222
8 0.457422 0.311806 0.025781 0.043056