1 0.640653 0.383999 0.038166 0.043737
1 0.657357 0.705266 0.052473 0.072802
1 0.685886 0.527575 0.062603 0.075406
1 0.706226 0.426368 0.048486 0.063930
1 0.769333 0.659544 0.066021 0.086468
1 0.834442 0.404220 0.043844 0.048862
1 0.848987 0.679081 0.050464 0.072393
1 0.884463 0.621284 0.051387 0.068543
1 0.904297 0.715972 0.053906 0.065278
4 0.705853 0.426454 0.049232 0.063758
4 0.884503 0.621284 0.051306 0.068543
5 0.657562 0.704942 0.052063 0.073449
5 0.685892 0.527725 0.062591 0.075106
5 0.834442 0.404220 0.043844 0.048862
5 0.849068 0.679257 0.050301 0.072041
6 0.769346 0.659513 0.065995 0.086530
7 0.640653 0.383999 0.038166 0.043737
8 0.904297 0.715972 0.053906 0.065278