1 0.242969 0.413194 0.040625 0.051389
1 0.296094 0.326389 0.046875 0.063889
1 0.305078 0.497917 0.058594 0.079167
1 0.343750 0.619444 0.060937 0.088889
1 0.336719 0.404861 0.045312 0.059722
1 0.360468 0.216615 0.035313 0.038991
1 0.361719 0.161806 0.034375 0.034722
1 0.376563 0.118750 0.031250 0.040278
1 0.399219 0.636806 0.048438 0.070833
1 0.396094 0.175694 0.034375 0.045833
1 0.410156 0.082639 0.031250 0.037500
1 0.424609 0.206944 0.035156 0.044444
1 0.425781 0.156250 0.032813 0.043056
1 0.440625 0.029167 0.029687 0.036111
1 0.455479 0.467770 0.040604 0.058905
1 0.457031 0.128472 0.031250 0.034722
1 0.489453 0.090972 0.036719 0.045833
1 0.498437 0.215972 0.037500 0.045833
1 0.519141 0.554167 0.036719 0.052778
1 0.529297 0.066667 0.038281 0.047222
1 0.539453 0.274306 0.035156 0.048611
1 0.561719 0.380556 0.043750 0.058333
1 0.564844 0.145833 0.035937 0.041667
1 0.594141 0.192361 0.035156 0.043056
1 0.596875 0.275000 0.032813 0.041667
1 0.625781 0.552083 0.037500 0.056944
1 0.632031 0.294444 0.031250 0.044444
1 0.635481 0.247853 0.032530 0.047039
1 0.636328 0.154167 0.033594 0.038889
1 0.641406 0.197222 0.034375 0.041667
1 0.647656 0.338889 0.034375 0.047222
1 0.658984 0.420833 0.039844 0.052778
1 0.666016 0.267361 0.033594 0.045833
1 0.678906 0.218750 0.040625 0.051389
1 0.681641 0.313889 0.036719 0.050000
1 0.716016 0.250694 0.044531 0.056944
1 0.719531 0.314583 0.032813 0.043056
1 0.747656 0.472222 0.037500 0.055556
1 0.748828 0.223611 0.035156 0.047222
1 0.776563 0.140972 0.032813 0.040278
1 0.820703 0.173611 0.032031 0.044444
3 0.305078 0.497917 0.058594 0.079167
3 0.396094 0.175694 0.034375 0.045833
3 0.440625 0.029167 0.029687 0.036111
3 0.596875 0.275000 0.032813 0.041667
3 0.666016 0.267361 0.033594 0.045833
3 0.719531 0.314583 0.032813 0.043056
3 0.748828 0.223611 0.035156 0.047222
3 0.776563 0.140972 0.032813 0.040278
4 0.343750 0.619444 0.060937 0.088889
4 0.361719 0.161806 0.034375 0.034722
4 0.399219 0.636806 0.048438 0.070833
4 0.410156 0.082639 0.031250 0.037500
4 0.455572 0.467600 0.040418 0.059245
4 0.498437 0.215972 0.037500 0.045833
4 0.539453 0.274306 0.035156 0.048611
4 0.636328 0.154167 0.033594 0.038889
5 0.242969 0.413194 0.040625 0.051389
5 0.529297 0.066667 0.038281 0.047222
5 0.594141 0.192361 0.035156 0.043056
5 0.632031 0.294444 0.031250 0.044444
5 0.635481 0.247853 0.032530 0.047039
5 0.716016 0.250694 0.044531 0.056944
6 0.360717 0.216157 0.034815 0.039908
6 0.376563 0.118750 0.031250 0.040278
6 0.424609 0.206944 0.035156 0.044444
6 0.489453 0.090972 0.036719 0.045833
6 0.561719 0.380556 0.043750 0.058333
6 0.625781 0.552083 0.037500 0.056944
6 0.658984 0.420833 0.039844 0.052778
6 0.747656 0.472222 0.037500 0.055556
7 0.336719 0.404861 0.045312 0.059722
7 0.425781 0.156250 0.032813 0.043056
7 0.519141 0.554167 0.036719 0.052778
7 0.564844 0.145833 0.035937 0.041667
7 0.641406 0.197222 0.034375 0.041667
7 0.678906 0.218750 0.040625 0.051389
8 0.296094 0.326389 0.046875 0.063889
8 0.457031 0.128472 0.031250 0.034722
8 0.647656 0.338889 0.034375 0.047222
8 0.681641 0.313889 0.036719 0.050000
8 0.820703 0.173611 0.032031 0.044444