0 0.314453 0.820833 0.089844 0.194444
0 0.324609 0.461111 0.085156 0.152778
0 0.383203 0.556944 0.080469 0.166667
0 0.408984 0.383333 0.060156 0.138889
0 0.417578 0.686111 0.074219 0.172222
0 0.508984 0.562500 0.082031 0.158333
0 0.601953 0.722222 0.103906 0.236111
0 0.621484 0.429167 0.085156 0.177778
0 0.650781 0.555556 0.073438 0.158333
1 0.313672 0.776389 0.083594 0.105556
1 0.325391 0.417361 0.077344 0.065278
1 0.380859 0.509028 0.075781 0.070833
1 0.408594 0.340972 0.057813 0.054167
1 0.416406 0.643056 0.071875 0.086111
1 0.510547 0.513889 0.075781 0.063889
1 0.603516 0.669444 0.100781 0.130556
1 0.621875 0.378472 0.081250 0.076389
1 0.653516 0.511806 0.067969 0.070833
2 0.310619 0.868348 0.074855 0.094618
2 0.303904 0.481760 0.040786 0.108327
2 0.345342 0.476369 0.039950 0.109872
2 0.351171 0.571988 0.017198 0.130563
2 0.353093 0.834116 0.015038 0.157782
2 0.392428 0.582388 0.061401 0.104079
2 0.409382 0.409176 0.058556 0.085094
2 0.417660 0.727147 0.069230 0.087073
2 0.493120 0.591325 0.054082 0.100411
2 0.534992 0.578686 0.029114 0.126290
2 0.598633 0.770556 0.094957 0.128919
2 0.584646 0.426526 0.012963 0.162915
2 0.623846 0.459842 0.073456 0.102426
2 0.650753 0.588535 0.069747 0.086426
3 0.416406 0.643056 0.071875 0.086111
3 0.510185 0.517472 0.075058 0.071055
4 0.313672 0.776389 0.083594 0.105556
4 0.323637 0.419774 0.073837 0.070103
4 0.653516 0.511806 0.067969 0.070833
5 0.380859 0.509028 0.075781 0.070833
5 0.408594 0.340972 0.057813 0.054167
5 0.603516 0.669444 0.100781 0.130556
7 0.621875 0.378472 0.081250 0.076389