1 0.228906 0.129167 0.103906 0.115278
1 0.289844 0.540278 0.025781 0.050000
1 0.311719 0.305556 0.028906 0.045833
1 0.317188 0.676389 0.026562 0.050000
1 0.342187 0.665278 0.025000 0.048611
1 0.352344 0.408333 0.026562 0.047222
1 0.384375 0.572222 0.023438 0.038889
1 0.395313 0.629167 0.028906 0.051389
1 0.408594 0.590278 0.028906 0.045833
1 0.414062 0.548611 0.024219 0.040278
1 0.417969 0.681944 0.025781 0.051389
1 0.428906 0.409722 0.029687 0.052778
1 0.435156 0.470833 0.025000 0.043056
1 0.435156 0.770833 0.029687 0.055556
1 0.439063 0.575000 0.024219 0.043056
1 0.480469 0.765278 0.025000 0.047222
1 0.492969 0.579167 0.023438 0.045833
1 0.535937 0.429167 0.022656 0.040278
1 0.810937 0.358333 0.092969 0.100000
3 0.384375 0.572222 0.023438 0.038889
3 0.435156 0.770833 0.029687 0.055556
3 0.439063 0.575000 0.024219 0.043056
3 0.492969 0.579167 0.023438 0.045833
3 0.810937 0.358333 0.092969 0.100000
4 0.228906 0.129167 0.103906 0.115278
4 0.417969 0.681944 0.025781 0.051389
4 0.428906 0.409722 0.029687 0.052778
5 0.342187 0.665278 0.025000 0.048611
5 0.395313 0.629167 0.028906 0.051389
5 0.480469 0.765278 0.025000 0.047222
6 0.289844 0.540278 0.025781 0.050000
6 0.535937 0.429167 0.022656 0.040278
7 0.311719 0.305556 0.028906 0.045833
7 0.317188 0.676389 0.026562 0.050000
7 0.352344 0.408333 0.026562 0.047222
7 0.435156 0.470833 0.025000 0.043056
8 0.408594 0.590278 0.028906 0.045833
8 0.414062 0.548611 0.024219 0.040278