1 0.421094 0.234722 0.038281 0.047222
1 0.425000 0.336111 0.039062 0.054167
1 0.552344 0.261111 0.034375 0.043056
1 0.558594 0.087500 0.035156 0.038889
1 0.585156 0.202778 0.031250 0.040278
1 0.588281 0.248611 0.035156 0.043056
1 0.600000 0.305556 0.036719 0.051389
1 0.605469 0.105556 0.031250 0.040278
1 0.620313 0.361111 0.039844 0.050000
1 0.650781 0.201389 0.035156 0.041667
1 0.653906 0.247222 0.042188 0.054167
1 0.689844 0.319444 0.043750 0.061111
1 0.728125 0.238889 0.036719 0.047222
1 0.752344 0.375000 0.033594 0.044444
1 0.788281 0.281944 0.039062 0.047222
3 0.552344 0.261111 0.034375 0.043056
3 0.558594 0.087500 0.035156 0.038889
3 0.585156 0.202778 0.031250 0.040278
3 0.605469 0.105556 0.031250 0.040278
3 0.653906 0.247222 0.042188 0.054167
5 0.752344 0.375000 0.033594 0.044444
6 0.421094 0.234722 0.038281 0.047222
6 0.620313 0.361111 0.039844 0.050000
6 0.689844 0.319444 0.043750 0.061111
6 0.788281 0.281944 0.039062 0.047222
7 0.588281 0.248611 0.035156 0.043056
7 0.600000 0.305556 0.036719 0.051389
8 0.425000 0.336111 0.039062 0.054167
8 0.650781 0.201389 0.035156 0.041667
8 0.728125 0.238889 0.036719 0.047222