1 0.342578 0.427778 0.053906 0.080556
1 0.388672 0.143750 0.035156 0.040278
1 0.389453 0.211111 0.036719 0.041667
1 0.411328 0.265972 0.038281 0.051389
1 0.442578 0.511806 0.055469 0.079167
1 0.446875 0.290972 0.045312 0.059722
1 0.458984 0.219444 0.038281 0.044444
1 0.479687 0.476389 0.045312 0.061111
1 0.504687 0.240278 0.037500 0.047222
1 0.540625 0.335417 0.051562 0.068056
1 0.601562 0.259028 0.031250 0.040278
1 0.650000 0.209028 0.037500 0.045833
1 0.656250 0.265278 0.034375 0.044444
1 0.711719 0.318750 0.037500 0.048611
1 0.726172 0.268056 0.035156 0.047222
1 0.733203 0.395139 0.033594 0.045833
1 0.809751 0.370013 0.042591 0.068225
3 0.389453 0.211111 0.036719 0.041667
3 0.442578 0.511806 0.055469 0.079167
3 0.540625 0.335417 0.051562 0.068056
4 0.458984 0.219444 0.038281 0.044444
4 0.479687 0.476389 0.045312 0.061111
4 0.504687 0.240278 0.037500 0.047222
4 0.726172 0.268056 0.035156 0.047222
5 0.411328 0.265972 0.038281 0.051389
5 0.733203 0.395139 0.033594 0.045833
6 0.388672 0.143750 0.035156 0.040278
7 0.342578 0.427778 0.053906 0.080556
7 0.446875 0.290972 0.045312 0.059722
7 0.601562 0.259028 0.031250 0.040278
7 0.650000 0.209028 0.037500 0.045833
7 0.711719 0.318750 0.037500 0.048611
8 0.656250 0.265278 0.034375 0.044444
8 0.809885 0.369208 0.043381 0.068469