0 0.362891 0.482639 0.085156 0.156944
0 0.393750 0.413889 0.076563 0.138889
0 0.418359 0.681944 0.080469 0.180556
0 0.438672 0.363194 0.060156 0.140278
0 0.491797 0.796528 0.097656 0.190278
0 0.502344 0.427778 0.078125 0.147222
0 0.601562 0.393056 0.075000 0.144444
0 0.612109 0.628472 0.092969 0.173611
0 0.652344 0.545833 0.090625 0.161111
0 0.701562 0.836806 0.090625 0.198611
1 0.364844 0.440972 0.076563 0.073611
1 0.394922 0.378472 0.072656 0.068056
1 0.416406 0.635417 0.075000 0.087500
1 0.439063 0.321528 0.057813 0.054167
1 0.494141 0.752083 0.088281 0.101389
1 0.505469 0.386806 0.067187 0.065278
1 0.611449 0.585464 0.083836 0.090373
1 0.604688 0.354167 0.065625 0.063889
1 0.653906 0.503472 0.082812 0.073611
1 0.704577 0.792234 0.082592 0.112246
2 0.345898 0.512864 0.053063 0.098420
2 0.388485 0.502260 0.033384 0.116516
2 0.422193 0.717615 0.066155 0.099793
2 0.418297 0.428596 0.026931 0.100448
2 0.440528 0.388094 0.050654 0.083438
2 0.474365 0.834577 0.059725 0.116895
2 0.488968 0.451673 0.050032 0.097130
2 0.520941 0.823336 0.035619 0.136147
2 0.527138 0.443403 0.028276 0.111407
2 0.588637 0.421295 0.046875 0.077115
2 0.581947 0.647302 0.033208 0.131586
2 0.626909 0.666552 0.059087 0.099947
2 0.625925 0.406972 0.024104 0.110335
2 0.675509 0.582115 0.042837 0.078860
2 0.659782 0.810820 0.007345 0.118944
2 0.702572 0.883053 0.081400 0.100240
3 0.505469 0.386806 0.067187 0.065278
4 0.416406 0.635417 0.075000 0.087500
4 0.704577 0.792234 0.082592 0.112246
5 0.604688 0.354167 0.065625 0.063889
5 0.653906 0.503472 0.082812 0.073611
6 0.394922 0.378472 0.072656 0.068056
6 0.494141 0.752083 0.088281 0.101389
7 0.439063 0.321528 0.057813 0.054167
7 0.611449 0.585464 0.083836 0.090373
8 0.364844 0.440972 0.076563 0.073611