1 0.274609 0.325000 0.074219 0.080556
1 0.313281 0.234028 0.053125 0.056944
1 0.359329 0.304092 0.038675 0.040564
1 0.371094 0.393056 0.059375 0.061111
1 0.383946 0.196933 0.042044 0.041024
1 0.412891 0.276389 0.047656 0.052778
1 0.437500 0.378472 0.053125 0.056944
1 0.451172 0.209028 0.046094 0.048611
1 0.475000 0.295139 0.045312 0.051389
3 0.359329 0.304092 0.038675 0.040564
3 0.383946 0.196933 0.042044 0.041024
5 0.437500 0.378472 0.053125 0.056944
5 0.451172 0.209028 0.046094 0.048611
6 0.371094 0.393056 0.059375 0.061111
6 0.412891 0.276389 0.047656 0.052778
7 0.274609 0.325000 0.074219 0.080556
7 0.313281 0.234028 0.053125 0.056944
7 0.475000 0.295139 0.045312 0.051389