1 0.328516 0.497917 0.046094 0.059722
1 0.383984 0.494444 0.058594 0.077778
1 0.394922 0.359722 0.047656 0.055556
1 0.449219 0.671528 0.051562 0.070833
1 0.453516 0.338889 0.042969 0.052778
1 0.477734 0.293750 0.044531 0.054167
1 0.516016 0.392361 0.039844 0.051389
1 0.548438 0.478472 0.046875 0.056944
1 0.585938 0.443750 0.048438 0.059722
1 0.602344 0.385417 0.042188 0.054167
1 0.610754 0.297724 0.041820 0.051003
1 0.638281 0.413889 0.039062 0.052778
3 0.394922 0.359722 0.047656 0.055556
3 0.516016 0.392361 0.039844 0.051389
4 0.453516 0.338889 0.042969 0.052778
4 0.610477 0.297835 0.041267 0.051226
5 0.602344 0.385417 0.042188 0.054167
5 0.638281 0.413889 0.039062 0.052778
7 0.328516 0.497917 0.046094 0.059722
7 0.383984 0.494444 0.058594 0.077778
7 0.449219 0.671528 0.051562 0.070833
7 0.477734 0.293750 0.044531 0.054167
7 0.548438 0.478472 0.046875 0.056944
8 0.585938 0.443750 0.048438 0.059722