1 0.378296 0.376836 0.059717 0.053672
1 0.386328 0.320833 0.053906 0.061111
1 0.410610 0.457231 0.052470 0.058906
1 0.433813 0.359401 0.064500 0.057690
1 0.447348 0.416121 0.055634 0.062797
1 0.461860 0.487525 0.065907 0.066717
1 0.497103 0.440505 0.064518 0.061567
1 0.500874 0.374756 0.056436 0.049513
1 0.534220 0.587424 0.076252 0.069292
1 0.559355 0.497621 0.077950 0.073722
1 0.559045 0.406369 0.052465 0.051627
1 0.609766 0.336111 0.060156 0.052778
1 0.631641 0.482639 0.063281 0.056944
1 0.688753 0.311434 0.055630 0.047868
1 0.702734 0.465972 0.071094 0.059722
1 0.715950 0.283062 0.058462 0.055013
1 0.750000 0.334028 0.057813 0.037500
1 0.764062 0.261111 0.053125 0.050000
1 0.801953 0.390972 0.064844 0.048611
1 0.858594 0.307639 0.062500 0.048611
3 0.801953 0.390972 0.064844 0.048611
4 0.433813 0.359401 0.064500 0.057690
4 0.559606 0.496666 0.077448 0.075632
4 0.764062 0.261111 0.053125 0.050000
5 0.534220 0.587424 0.076252 0.069292
5 0.559045 0.406369 0.052465 0.051627
5 0.702734 0.465972 0.071094 0.059722
5 0.715973 0.283271 0.058509 0.055430
5 0.858594 0.307639 0.062500 0.048611
6 0.378296 0.376836 0.059717 0.053672
6 0.386328 0.320833 0.053906 0.061111
6 0.500874 0.374756 0.056436 0.049513
6 0.631641 0.482639 0.063281 0.056944
7 0.410610 0.457231 0.052470 0.058906
7 0.461860 0.487525 0.065907 0.066717
7 0.497103 0.440505 0.064518 0.061567
7 0.609766 0.336111 0.060156 0.052778
7 0.750000 0.334028 0.057813 0.037500
8 0.447348 0.416121 0.055634 0.062797
8 0.688824 0.311239 0.055774 0.047479