1 0.282422 0.617361 0.061719 0.068056
1 0.334766 0.689583 0.057031 0.079167
1 0.407422 0.683333 0.061719 0.077778
1 0.444922 0.420139 0.046094 0.051389
1 0.453125 0.555556 0.060937 0.069444
1 0.481001 0.777604 0.066689 0.085764
1 0.539431 0.622529 0.054593 0.075808
1 0.549352 0.506647 0.049734 0.064484
1 0.592964 0.643964 0.054678 0.076818
1 0.612169 0.770989 0.060275 0.083645
3 0.407422 0.683333 0.061719 0.077778
3 0.444922 0.420139 0.046094 0.051389
4 0.549295 0.506245 0.049848 0.065287
5 0.453125 0.555556 0.060937 0.069444
5 0.593032 0.643940 0.054814 0.076768
6 0.538731 0.623489 0.053687 0.075976
7 0.334766 0.689583 0.057031 0.079167
8 0.282422 0.617361 0.061719 0.068056
8 0.481095 0.777742 0.066878 0.086040
8 0.611710 0.771697 0.059357 0.085060