1 0.193771 0.586695 0.024081 0.046688
1 0.208989 0.705626 0.028897 0.044304
1 0.223047 0.472222 0.028906 0.050000
1 0.249219 0.568056 0.028125 0.052778
1 0.285547 0.784028 0.024219 0.045833
1 0.287891 0.559028 0.025781 0.045833
1 0.288672 0.456250 0.025781 0.043056
1 0.299457 0.623216 0.024101 0.048213
1 0.322266 0.433333 0.027344 0.047222
1 0.330600 0.709027 0.023174 0.037501
1 0.344922 0.384028 0.027344 0.048611
1 0.351562 0.559722 0.026562 0.047222
1 0.358594 0.715278 0.031250 0.055556
1 0.358839 0.433320 0.024855 0.045268
1 0.362500 0.493750 0.025000 0.043056
1 0.363161 0.606866 0.024038 0.038476
1 0.373322 0.573951 0.022739 0.040152
1 0.374903 0.531094 0.023244 0.039966
1 0.380859 0.630556 0.027344 0.047222
1 0.380859 0.681250 0.027344 0.051389
1 0.384375 0.795139 0.026562 0.054167
1 0.394141 0.576389 0.027344 0.044444
1 0.405469 0.613889 0.026562 0.047222
1 0.414062 0.303472 0.028125 0.051389
1 0.416080 0.488959 0.029480 0.054899
1 0.423338 0.433508 0.031351 0.057160
1 0.429360 0.730891 0.027218 0.043774
1 0.444200 0.327883 0.025901 0.041877
1 0.448047 0.625694 0.027344 0.054167
1 0.454015 0.454519 0.028436 0.051345
1 0.470975 0.601196 0.025237 0.042052
1 0.487500 0.638194 0.029687 0.054167
1 0.561590 0.680793 0.025258 0.041193
3 0.288672 0.456250 0.025781 0.043056
3 0.373322 0.573951 0.022739 0.040152
3 0.394141 0.576389 0.027344 0.044444
3 0.487500 0.638194 0.029687 0.054167
3 0.561266 0.681107 0.025906 0.040563
4 0.223047 0.472222 0.028906 0.050000
4 0.322266 0.433333 0.027344 0.047222
4 0.330499 0.708960 0.023377 0.037636
4 0.344922 0.384028 0.027344 0.048611
4 0.358839 0.433320 0.024855 0.045268
4 0.423338 0.433508 0.031351 0.057160
5 0.209137 0.706259 0.028601 0.043037
5 0.249219 0.568056 0.028125 0.052778
5 0.299457 0.623216 0.024101 0.048213
5 0.380859 0.630556 0.027344 0.047222
5 0.384375 0.795139 0.026562 0.054167
5 0.416080 0.488959 0.029480 0.054899
6 0.194020 0.587384 0.023437 0.046198
6 0.358594 0.715278 0.031250 0.055556
6 0.363161 0.606866 0.024038 0.038476
7 0.287891 0.559028 0.025781 0.045833
7 0.362500 0.493750 0.025000 0.043056
7 0.374660 0.531054 0.022758 0.039886
7 0.380859 0.681250 0.027344 0.051389
7 0.414062 0.303472 0.028125 0.051389
7 0.443872 0.328118 0.025244 0.042348
7 0.448047 0.625694 0.027344 0.054167
7 0.453516 0.455123 0.028935 0.050976
8 0.285547 0.784028 0.024219 0.045833
8 0.351562 0.559722 0.026562 0.047222
8 0.405469 0.613889 0.026562 0.047222
8 0.429135 0.730764 0.027667 0.044027
8 0.471214 0.600046 0.024760 0.044353