1 0.290625 0.456250 0.062500 0.068056
1 0.478603 0.575503 0.065019 0.084340
1 0.510156 0.388889 0.062500 0.072222
1 0.559766 0.504861 0.077344 0.109722
1 0.568143 0.740710 0.075349 0.106421
1 0.624821 0.223977 0.060712 0.064052
1 0.690037 0.424944 0.084761 0.124889
1 0.693056 0.157928 0.054863 0.065855
1 0.741652 0.884079 0.063013 0.100184
1 0.819891 0.609707 0.066344 0.091637
4 0.510156 0.388889 0.062500 0.072222
4 0.624821 0.223977 0.060712 0.064052
4 0.690037 0.424944 0.084761 0.124889
5 0.559766 0.504861 0.077344 0.109722
5 0.693056 0.157928 0.054863 0.065855
6 0.290625 0.456250 0.062500 0.068056
7 0.478603 0.575503 0.065019 0.084340
8 0.568143 0.740710 0.075349 0.106421
8 0.741652 0.884079 0.063013 0.100184
8 0.819891 0.609707 0.066344 0.091637