0 0.306641 0.356250 0.069531 0.143056
0 0.349609 0.579167 0.085156 0.175000
0 0.379688 0.384028 0.100000 0.195833
0 0.434766 0.788889 0.103906 0.202778
0 0.481250 0.351389 0.064062 0.141667
0 0.500781 0.540278 0.078125 0.166667
0 0.527734 0.421528 0.069531 0.145833
0 0.633203 0.554861 0.111719 0.223611
0 0.622266 0.434028 0.085156 0.120833
1 0.308594 0.315972 0.065625 0.062500
1 0.347266 0.533333 0.078906 0.083333
1 0.379297 0.330556 0.091406 0.091667
1 0.434766 0.743750 0.092969 0.112500
1 0.480859 0.311806 0.061719 0.059722
1 0.499219 0.494444 0.073438 0.072222
1 0.527344 0.380556 0.065625 0.063889
1 0.637109 0.496528 0.102344 0.106944
1 0.623828 0.406250 0.072656 0.065278
2 0.298454 0.379804 0.047480 0.088653
2 0.317313 0.594455 0.017919 0.132697
2 0.358383 0.613823 0.064670 0.097715
2 0.349556 0.404636 0.037211 0.146924
2 0.399902 0.409128 0.055385 0.139003
2 0.404758 0.817629 0.041879 0.126337
2 0.457660 0.825186 0.055206 0.119962
2 0.452944 0.348410 0.007182 0.060265
2 0.483846 0.381030 0.055600 0.077308
2 0.468845 0.559124 0.013366 0.122580
2 0.507969 0.575639 0.064070 0.095065
2 0.533657 0.453141 0.056744 0.075031
2 0.592518 0.444924 0.028260 0.076721
2 0.616177 0.588782 0.073279 0.145597
2 0.671532 0.577622 0.034804 0.171100
3 0.434766 0.743750 0.092969 0.112500
4 0.308594 0.315972 0.065625 0.062500
6 0.637109 0.496528 0.102344 0.106944
7 0.379297 0.330556 0.091406 0.091667
7 0.527344 0.380556 0.065625 0.063889
7 0.623828 0.406250 0.072656 0.065278
8 0.347266 0.533333 0.078906 0.083333
8 0.480859 0.311806 0.061719 0.059722
8 0.499219 0.494444 0.073438 0.072222