0 0.244531 0.683333 0.104688 0.219444
0 0.277344 0.312500 0.067187 0.138889
0 0.323047 0.456250 0.082031 0.156944
0 0.349219 0.679167 0.092188 0.183333
0 0.362109 0.309722 0.060156 0.136111
0 0.492969 0.640972 0.089063 0.173611
0 0.535156 0.497222 0.075000 0.138889
1 0.244922 0.627083 0.100781 0.106944
1 0.275187 0.269500 0.058187 0.050112
1 0.320703 0.411111 0.074219 0.066667
1 0.350391 0.632639 0.083594 0.090278
1 0.363281 0.266667 0.056250 0.050000
1 0.493359 0.596528 0.080469 0.084722
1 0.536719 0.460417 0.067187 0.065278
2 0.243688 0.734323 0.103763 0.111344
2 0.248394 0.322672 0.009628 0.116092
2 0.280270 0.337231 0.058334 0.087006
2 0.294647 0.472409 0.024228 0.121338
2 0.338984 0.720773 0.066956 0.098687
2 0.335957 0.479822 0.054169 0.102409
2 0.361678 0.331773 0.056735 0.085097
2 0.382914 0.699169 0.021332 0.143207
2 0.382914 0.699169 0.021332 0.143207
2 0.463735 0.659407 0.027347 0.132313
2 0.506687 0.677606 0.058496 0.095958
2 0.514912 0.513042 0.035883 0.106098
2 0.552667 0.520116 0.039157 0.087435
3 0.244922 0.627083 0.100781 0.106944
3 0.275187 0.269500 0.058187 0.050112
6 0.350391 0.632639 0.083594 0.090278
6 0.363281 0.266667 0.056250 0.050000
6 0.493359 0.596528 0.080469 0.084722
6 0.536719 0.460417 0.067187 0.065278
8 0.320703 0.411111 0.074219 0.066667