1 0.283203 0.730556 0.053906 0.058333
1 0.288465 0.626108 0.056618 0.054994
1 0.342969 0.578472 0.053125 0.040278
1 0.373828 0.637500 0.063281 0.055556
1 0.396094 0.567361 0.048438 0.040278
1 0.449609 0.556250 0.050781 0.043056
1 0.565625 0.534722 0.056250 0.038889
1 0.622656 0.537500 0.046875 0.033333
1 0.681604 0.493703 0.049292 0.045928
1 0.687891 0.461806 0.046094 0.037500
1 0.694748 0.535068 0.055407 0.042587
1 0.725781 0.584722 0.057813 0.050000
1 0.728505 0.489473 0.052323 0.051168
1 0.760193 0.526054 0.059449 0.052109
1 0.797656 0.569444 0.059375 0.050000
1 0.849832 0.632024 0.063713 0.051705
1 0.873300 0.601643 0.063409 0.056793
3 0.288465 0.626108 0.056618 0.054994
3 0.342969 0.578472 0.053125 0.040278
3 0.449609 0.556250 0.050781 0.043056
3 0.760356 0.526150 0.059775 0.052299
4 0.283203 0.730556 0.053906 0.058333
4 0.725781 0.584722 0.057813 0.050000
4 0.849543 0.631956 0.062707 0.051274
5 0.396094 0.567361 0.048438 0.040278
6 0.565625 0.534722 0.056250 0.038889
7 0.622656 0.537500 0.046875 0.033333
7 0.681425 0.494187 0.049650 0.044960
7 0.873725 0.601949 0.063652 0.058306
8 0.373828 0.637500 0.063281 0.055556
8 0.687891 0.461806 0.046094 0.037500
8 0.694634 0.536450 0.055652 0.041274
8 0.728505 0.489473 0.052323 0.051168
8 0.797656 0.569444 0.059375 0.050000