1 0.249219 0.108333 0.103125 0.116667
1 0.364063 0.451389 0.026562 0.043056
1 0.367188 0.631944 0.025781 0.043056
1 0.372656 0.708333 0.024219 0.043056
1 0.393750 0.687500 0.025781 0.047222
1 0.402344 0.515278 0.028125 0.054167
1 0.405469 0.575000 0.026562 0.044444
1 0.421094 0.422222 0.024219 0.043056
1 0.421875 0.719444 0.024219 0.048611
1 0.428125 0.522222 0.025000 0.048611
1 0.436719 0.580556 0.025781 0.043056
1 0.460156 0.663889 0.022656 0.041667
1 0.467187 0.619444 0.026562 0.047222
1 0.471875 0.458333 0.022656 0.038889
1 0.502344 0.581944 0.025781 0.044444
1 0.564063 0.748611 0.078125 0.101389
1 0.590625 0.611111 0.025000 0.043056
1 0.833594 0.627778 0.089063 0.105556
3 0.364063 0.451389 0.026562 0.043056
3 0.372656 0.708333 0.024219 0.043056
3 0.471875 0.458333 0.022656 0.038889
3 0.564063 0.748611 0.078125 0.101389
3 0.590625 0.611111 0.025000 0.043056
4 0.249219 0.108333 0.103125 0.116667
4 0.421094 0.422222 0.024219 0.043056
4 0.502344 0.581944 0.025781 0.044444
4 0.833594 0.627778 0.089063 0.105556
5 0.405469 0.575000 0.026562 0.044444
5 0.428125 0.522222 0.025000 0.048611
5 0.436719 0.580556 0.025781 0.043056
6 0.367188 0.631944 0.025781 0.043056
6 0.393750 0.687500 0.025781 0.047222
6 0.460156 0.663889 0.022656 0.041667
7 0.421875 0.719444 0.024219 0.048611
7 0.467187 0.619444 0.026562 0.047222
8 0.402344 0.515278 0.028125 0.054167