1 0.370562 0.564881 0.053155 0.098157
1 0.524219 0.533333 0.059375 0.105556
1 0.520703 0.194444 0.041406 0.075000
1 0.564844 0.127778 0.051562 0.091667
1 0.610441 0.669015 0.038492 0.073080
1 0.627490 0.415285 0.043458 0.077762
1 0.690234 0.398611 0.046094 0.083333
1 0.788414 0.611797 0.044272 0.083778
1 0.847650 0.261662 0.039074 0.071120
1 0.866643 0.355460 0.043277 0.083524
1 0.892661 0.446520 0.041016 0.073047
3 0.524219 0.533333 0.059375 0.105556
3 0.892661 0.446520 0.041016 0.073047
4 0.627402 0.415163 0.043633 0.078007
6 0.564844 0.127778 0.051562 0.091667
6 0.788414 0.611797 0.044272 0.083778
7 0.370406 0.565030 0.052891 0.097581
7 0.610430 0.669156 0.038516 0.072799
7 0.690234 0.398611 0.046094 0.083333
7 0.866813 0.356298 0.042937 0.081849
8 0.520703 0.194444 0.041406 0.075000
8 0.847626 0.262046 0.039123 0.070352