1 0.312500 0.469444 0.051562 0.059722
1 0.361719 0.452778 0.044531 0.056944
1 0.410156 0.530556 0.060156 0.079167
1 0.458594 0.395833 0.045312 0.058333
1 0.471875 0.326389 0.042188 0.051389
1 0.474219 0.711111 0.049219 0.075000
1 0.487500 0.443056 0.046875 0.055556
1 0.504687 0.498611 0.041406 0.058333
1 0.579688 0.463889 0.042969 0.056944
1 0.585156 0.563889 0.045312 0.065278
1 0.664062 0.518056 0.050781 0.066667
4 0.361719 0.452778 0.044531 0.056944
4 0.487500 0.443056 0.046875 0.055556
4 0.664062 0.518056 0.050781 0.066667
6 0.312500 0.469444 0.051562 0.059722
6 0.504687 0.498611 0.041406 0.058333
6 0.585156 0.563889 0.045312 0.065278
7 0.410156 0.530556 0.060156 0.079167
7 0.474219 0.711111 0.049219 0.075000
8 0.458594 0.395833 0.045312 0.058333
8 0.471875 0.326389 0.042188 0.051389
8 0.579688 0.463889 0.042969 0.056944