1 0.423838 0.833030 0.020503 0.035404
1 0.442578 0.636806 0.024219 0.043056
1 0.468359 0.677083 0.024219 0.043056
1 0.482031 0.738889 0.021875 0.044444
1 0.500391 0.572917 0.024219 0.045833
1 0.530130 0.732203 0.023548 0.040728
1 0.548284 0.613249 0.026870 0.042946
1 0.561770 0.683417 0.026461 0.047054
3 0.468359 0.677083 0.024219 0.043056
4 0.442578 0.636806 0.024219 0.043056
6 0.530130 0.732203 0.023548 0.040728
7 0.548367 0.613468 0.026808 0.042509
7 0.561874 0.683724 0.026251 0.046441
8 0.423838 0.833030 0.020503 0.035404
8 0.482031 0.738889 0.021875 0.044444
8 0.500391 0.572917 0.024219 0.045833