1 0.411328 0.413194 0.033594 0.045833
1 0.428906 0.202083 0.035937 0.040278
1 0.474219 0.260417 0.037500 0.048611
1 0.484766 0.152083 0.044531 0.051389
1 0.501953 0.427778 0.052344 0.066667
1 0.497656 0.317361 0.034375 0.045833
1 0.526563 0.269444 0.048438 0.061111
1 0.542969 0.352083 0.040625 0.062500
1 0.549219 0.516667 0.034375 0.052778
1 0.585156 0.339583 0.035937 0.051389
1 0.600781 0.155556 0.034375 0.041667
1 0.603906 0.275694 0.040625 0.054167
1 0.621875 0.340278 0.034375 0.047222
1 0.633984 0.243056 0.035156 0.047222
1 0.650781 0.370139 0.032813 0.048611
1 0.676953 0.316667 0.035156 0.047222
1 0.686719 0.367361 0.032813 0.043056
1 0.719141 0.252083 0.036719 0.040278
1 0.734375 0.360417 0.032813 0.040278
1 0.763281 0.288194 0.035937 0.045833
3 0.501953 0.427778 0.052344 0.066667
4 0.411328 0.413194 0.033594 0.045833
4 0.763281 0.288194 0.035937 0.045833
5 0.484766 0.152083 0.044531 0.051389
5 0.734375 0.360417 0.032813 0.040278
6 0.474219 0.260417 0.037500 0.048611
6 0.497656 0.317361 0.034375 0.045833
6 0.549219 0.516667 0.034375 0.052778
6 0.603906 0.275694 0.040625 0.054167
6 0.686719 0.367361 0.032813 0.043056
6 0.719141 0.252083 0.036719 0.040278
7 0.428906 0.202083 0.035937 0.040278
7 0.542969 0.352083 0.040625 0.062500
7 0.633984 0.243056 0.035156 0.047222
8 0.526563 0.269444 0.048438 0.061111
8 0.585156 0.339583 0.035937 0.051389
8 0.600781 0.155556 0.034375 0.041667
8 0.621875 0.340278 0.034375 0.047222
8 0.650781 0.370139 0.032813 0.048611
8 0.676953 0.316667 0.035156 0.047222