1 0.506346 0.462595 0.048715 0.085330
1 0.585156 0.614583 0.059375 0.109722
1 0.623047 0.220139 0.042969 0.079167
1 0.635156 0.375694 0.059375 0.112500
1 0.698047 0.788194 0.041406 0.076389
1 0.713675 0.521956 0.051782 0.090544
1 0.714844 0.136111 0.042188 0.072222
1 0.746484 0.255556 0.044531 0.072222
1 0.848437 0.500000 0.040625 0.075000
1 0.873828 0.204167 0.042969 0.072222
4 0.623047 0.220139 0.042969 0.079167
4 0.698047 0.788194 0.041406 0.076389
4 0.714844 0.136111 0.042188 0.072222
4 0.873828 0.204167 0.042969 0.072222
6 0.506346 0.462595 0.048715 0.085330
6 0.635156 0.375694 0.059375 0.112500
6 0.746484 0.255556 0.044531 0.072222
8 0.585156 0.614583 0.059375 0.109722
8 0.713675 0.521956 0.051782 0.090544
8 0.848437 0.500000 0.040625 0.075000