1 0.377344 0.401389 0.036719 0.044444
1 0.386719 0.322222 0.041406 0.050000
1 0.403906 0.363889 0.035937 0.047222
1 0.404687 0.263889 0.033594 0.038889
1 0.433594 0.315278 0.035937 0.043056
1 0.453125 0.362500 0.049219 0.061111
1 0.496875 0.416667 0.040625 0.051389
1 0.514844 0.209722 0.035937 0.036111
1 0.521094 0.311111 0.034375 0.041667
1 0.556250 0.466667 0.035937 0.047222
1 0.557813 0.318056 0.035156 0.045833
1 0.559375 0.379167 0.039062 0.054167
1 0.561719 0.190278 0.033594 0.038889
1 0.582812 0.720833 0.037500 0.040278
1 0.582812 0.776389 0.036719 0.037500
1 0.587500 0.350000 0.036719 0.047222
1 0.610156 0.306944 0.039062 0.052778
1 0.611719 0.397222 0.035156 0.045833
1 0.635938 0.345833 0.039062 0.050000
1 0.651563 0.306944 0.039844 0.051389
1 0.653906 0.391667 0.043750 0.056944
1 0.670312 0.577778 0.036719 0.054167
1 0.675781 0.479167 0.044531 0.058333
1 0.685937 0.266667 0.035156 0.045833
1 0.689844 0.327778 0.035156 0.041667
1 0.737500 0.555556 0.048438 0.050000
1 0.739062 0.427778 0.038281 0.047222
1 0.739844 0.502778 0.042188 0.058333
1 0.756250 0.372222 0.035937 0.047222
1 0.785156 0.498611 0.037500 0.051389
1 0.803125 0.430556 0.035156 0.044444
1 0.851562 0.608333 0.058594 0.075000
3 0.514844 0.209722 0.035937 0.036111
3 0.559375 0.379167 0.039062 0.054167
3 0.582812 0.720833 0.037500 0.040278
3 0.635938 0.345833 0.039062 0.050000
3 0.675781 0.479167 0.044531 0.058333
3 0.689844 0.327778 0.035156 0.041667
3 0.739844 0.502778 0.042188 0.058333
3 0.785156 0.498611 0.037500 0.051389
4 0.377344 0.401389 0.036719 0.044444
4 0.561719 0.190278 0.033594 0.038889
4 0.611719 0.397222 0.035156 0.045833
4 0.670312 0.577778 0.036719 0.054167
4 0.851562 0.608333 0.058594 0.075000
5 0.739062 0.427778 0.038281 0.047222
5 0.803125 0.430556 0.035156 0.044444
6 0.433594 0.315278 0.035937 0.043056
6 0.453125 0.362500 0.049219 0.061111
6 0.496875 0.416667 0.040625 0.051389
6 0.556250 0.466667 0.035937 0.047222
6 0.587500 0.350000 0.036719 0.047222
6 0.651563 0.306944 0.039844 0.051389
6 0.653906 0.391667 0.043750 0.056944
6 0.737500 0.555556 0.048438 0.050000
7 0.386719 0.322222 0.041406 0.050000
7 0.403906 0.363889 0.035937 0.047222
7 0.404687 0.263889 0.033594 0.038889
7 0.557813 0.318056 0.035156 0.045833
8 0.521094 0.311111 0.034375 0.041667
8 0.582812 0.776389 0.036719 0.037500
8 0.610156 0.306944 0.039062 0.052778
8 0.685937 0.266667 0.035156 0.045833
8 0.756250 0.372222 0.035937 0.047222