1 0.293541 0.360666 0.073019 0.101887
1 0.322084 0.638226 0.086355 0.126453
1 0.319531 0.473611 0.071875 0.108333
1 0.391655 0.560299 0.103622 0.162265
1 0.393231 0.397333 0.067712 0.094666
1 0.397967 0.305224 0.066247 0.093781
1 0.457177 0.504543 0.078417 0.117419
1 0.478814 0.343882 0.075226 0.107492
1 0.473438 0.237500 0.059375 0.080556
1 0.528810 0.408569 0.066995 0.097693
1 0.562500 0.581944 0.081250 0.116667
1 0.563508 0.225800 0.080141 0.107155
1 0.589476 0.369379 0.061764 0.097091
1 0.613337 0.151993 0.075112 0.092875
1 0.657267 0.226084 0.075717 0.095942
1 0.678703 0.349359 0.072079 0.111795
1 0.741583 0.526556 0.062147 0.091332
1 0.749693 0.411237 0.069601 0.100960
3 0.562500 0.581944 0.081250 0.116667
4 0.322084 0.638226 0.086355 0.126453
4 0.457177 0.504543 0.078417 0.117419
5 0.319531 0.473611 0.071875 0.108333
5 0.397967 0.305224 0.066247 0.093781
5 0.478808 0.344858 0.075238 0.105539
5 0.528810 0.408569 0.066995 0.097693
5 0.613337 0.151993 0.075112 0.092875
6 0.391655 0.560299 0.103622 0.162265
6 0.563508 0.225800 0.080141 0.107155
7 0.393231 0.397333 0.067712 0.094666
7 0.589476 0.369379 0.061764 0.097091
7 0.678703 0.349359 0.072079 0.111795
7 0.741583 0.526556 0.062147 0.091332
7 0.749693 0.411237 0.069601 0.100960
8 0.293541 0.360666 0.073019 0.101887
8 0.473438 0.237500 0.059375 0.080556
8 0.657267 0.226084 0.075717 0.095942