1 0.128176 0.339030 0.049637 0.049499
1 0.133594 0.274306 0.053125 0.051389
1 0.172711 0.408024 0.048547 0.060491
1 0.190193 0.495166 0.055573 0.062955
1 0.216297 0.329632 0.050642 0.063146
1 0.262257 0.386673 0.049385 0.064087
1 0.298275 0.324945 0.045169 0.056899
1 0.310913 0.256207 0.043756 0.051734
1 0.317969 0.404167 0.051562 0.063889
1 0.319049 0.493657 0.050761 0.061549
3 0.190497 0.495654 0.055252 0.066051
4 0.172987 0.407933 0.049099 0.060311
4 0.261706 0.386204 0.049432 0.063614
4 0.317969 0.404167 0.051562 0.063889
6 0.216071 0.330780 0.050397 0.062021
6 0.298653 0.325048 0.045149 0.056883
7 0.128176 0.339030 0.049637 0.049499
7 0.310906 0.256059 0.043619 0.052031
8 0.133594 0.274306 0.053125 0.051389
8 0.318477 0.493019 0.051145 0.063988