1 0.639453 0.825000 0.049219 0.086111
1 0.723976 0.295494 0.061424 0.109013
1 0.762285 0.213554 0.045743 0.078448
1 0.791406 0.084722 0.046875 0.075000
1 0.804688 0.327778 0.045312 0.075000
1 0.823047 0.586111 0.041406 0.075000
1 0.855469 0.371528 0.060937 0.098611
1 0.878626 0.263859 0.042748 0.077837
1 0.930953 0.307229 0.050906 0.088954
3 0.823047 0.586111 0.041406 0.075000
4 0.855469 0.371528 0.060937 0.098611
5 0.878553 0.264345 0.042894 0.076865
6 0.723721 0.295332 0.061933 0.109337
7 0.791406 0.084722 0.046875 0.075000
8 0.639453 0.825000 0.049219 0.086111
8 0.762076 0.212508 0.046160 0.080540
8 0.804688 0.327778 0.045312 0.075000
8 0.930953 0.307229 0.050906 0.088954