1 0.350256 0.480923 0.070538 0.050586
1 0.372694 0.424647 0.062576 0.040960
1 0.417555 0.476782 0.074172 0.042452
1 0.452344 0.406944 0.064062 0.038889
1 0.651081 0.495138 0.077682 0.049316
1 0.658984 0.445138 0.071093 0.073610
1 0.714560 0.382977 0.058807 0.040955
1 0.735818 0.471442 0.071332 0.076275
1 0.775775 0.393123 0.067175 0.050134
1 0.775391 0.443750 0.061719 0.051389
1 0.842706 0.490662 0.082287 0.067436
3 0.417555 0.476782 0.074172 0.042452
3 0.452344 0.406944 0.064062 0.038889
3 0.775391 0.443750 0.061719 0.051389
4 0.350256 0.480923 0.070538 0.050586
6 0.372694 0.424647 0.062576 0.040960
6 0.651081 0.495138 0.077682 0.049316
7 0.658984 0.445138 0.071093 0.073610
8 0.714560 0.382977 0.058807 0.040955
8 0.735818 0.471442 0.071332 0.076275
8 0.775775 0.393123 0.067175 0.050134
8 0.842706 0.490662 0.082287 0.067436