1 0.280859 0.343056 0.050781 0.041667
1 0.285547 0.423611 0.057031 0.050000
1 0.333815 0.315262 0.052005 0.038857
1 0.333203 0.356944 0.049219 0.041667
1 0.343359 0.399306 0.052344 0.048611
1 0.385937 0.347917 0.050000 0.037500
1 0.398828 0.392361 0.053906 0.043056
1 0.413281 0.288889 0.051562 0.038889
1 0.467969 0.398611 0.060937 0.052778
1 0.478350 0.340365 0.055138 0.041842
1 0.543311 0.331697 0.058497 0.046728
1 0.549609 0.253472 0.049219 0.034722
1 0.572656 0.296528 0.054688 0.043056
1 0.610547 0.250694 0.055469 0.040278
1 0.621875 0.339583 0.050000 0.043056
1 0.633929 0.294591 0.057142 0.049708
1 0.675671 0.274153 0.054467 0.045528
1 0.678586 0.321955 0.054047 0.041133
1 0.691406 0.376389 0.064062 0.052778
1 0.720313 0.254861 0.048438 0.040278
3 0.385937 0.347917 0.050000 0.037500
3 0.675671 0.274153 0.054467 0.045528
3 0.691406 0.376389 0.064062 0.052778
4 0.343359 0.399306 0.052344 0.048611
4 0.467969 0.398611 0.060937 0.052778
5 0.333815 0.315262 0.052005 0.038857
5 0.478350 0.340365 0.055138 0.041842
5 0.572656 0.296528 0.054688 0.043056
5 0.621875 0.339583 0.050000 0.043056
6 0.285547 0.423611 0.057031 0.050000
6 0.413281 0.288889 0.051562 0.038889
6 0.610547 0.250694 0.055469 0.040278
6 0.633929 0.294591 0.057142 0.049708
7 0.549609 0.253472 0.049219 0.034722
7 0.720313 0.254861 0.048438 0.040278
8 0.280859 0.343056 0.050781 0.041667
8 0.333203 0.356944 0.049219 0.041667
8 0.398828 0.392361 0.053906 0.043056
8 0.543311 0.331697 0.058497 0.046728
8 0.678586 0.321955 0.054047 0.041133