1 0.252344 0.441667 0.035937 0.048611
1 0.258594 0.381944 0.039844 0.054167
1 0.279687 0.187500 0.036719 0.043056
1 0.324219 0.425000 0.042188 0.055556
1 0.332813 0.480556 0.046875 0.065278
1 0.353125 0.525000 0.043750 0.058333
1 0.374219 0.208333 0.034375 0.043056
1 0.396094 0.658333 0.042188 0.063889
1 0.403125 0.245833 0.035156 0.041667
1 0.410156 0.294444 0.034375 0.041667
1 0.414844 0.165278 0.038281 0.048611
1 0.459375 0.155556 0.044531 0.056944
1 0.464062 0.527778 0.039062 0.052778
1 0.467969 0.233333 0.031250 0.040278
1 0.479687 0.597222 0.042969 0.055556
1 0.484375 0.127778 0.036719 0.041667
1 0.498437 0.173611 0.028125 0.037500
1 0.500000 0.240278 0.032031 0.041667
1 0.519531 0.050000 0.034375 0.044444
1 0.528906 0.169444 0.032031 0.041667
1 0.532031 0.252778 0.031250 0.045833
1 0.533594 0.350000 0.039062 0.048611
1 0.540625 0.480556 0.047656 0.062500
1 0.557813 0.076389 0.040625 0.050000
1 0.557813 0.154167 0.031250 0.036111
1 0.560937 0.425000 0.039062 0.058333
1 0.578125 0.279167 0.035156 0.044444
1 0.615625 0.336111 0.039062 0.043056
1 0.650000 0.259722 0.033594 0.041667
1 0.671094 0.372222 0.053125 0.065278
1 0.675781 0.301389 0.042188 0.055556
1 0.716406 0.215278 0.039844 0.040278
1 0.735156 0.175000 0.033594 0.038889
1 0.745313 0.254167 0.039062 0.047222
1 0.780469 0.286111 0.035156 0.043056
1 0.786719 0.204167 0.039844 0.048611
1 0.814063 0.295833 0.035156 0.044444
1 0.819531 0.238889 0.046094 0.048611
1 0.819531 0.375000 0.037500 0.044444
1 0.823438 0.194444 0.036719 0.043056
1 0.841406 0.340278 0.042188 0.048611
3 0.279687 0.187500 0.036719 0.043056
3 0.324219 0.425000 0.042188 0.055556
3 0.403125 0.245833 0.035156 0.041667
3 0.464062 0.527778 0.039062 0.052778
3 0.484375 0.127778 0.036719 0.041667
3 0.500000 0.240278 0.032031 0.041667
3 0.823438 0.194444 0.036719 0.043056
3 0.841406 0.340278 0.042188 0.048611
4 0.258594 0.381944 0.039844 0.054167
4 0.519531 0.050000 0.034375 0.044444
4 0.540625 0.480556 0.047656 0.062500
4 0.557813 0.076389 0.040625 0.050000
4 0.650000 0.259722 0.033594 0.041667
4 0.675781 0.301389 0.042188 0.055556
5 0.414844 0.165278 0.038281 0.048611
5 0.479687 0.597222 0.042969 0.055556
5 0.498437 0.173611 0.028125 0.037500
5 0.560937 0.425000 0.039062 0.058333
5 0.786719 0.204167 0.039844 0.048611
5 0.819531 0.238889 0.046094 0.048611
5 0.819531 0.375000 0.037500 0.044444
6 0.396094 0.658333 0.042188 0.063889
6 0.528906 0.169444 0.032031 0.041667
6 0.557813 0.154167 0.031250 0.036111
6 0.671094 0.372222 0.053125 0.065278
6 0.735156 0.175000 0.033594 0.038889
6 0.814063 0.295833 0.035156 0.044444
7 0.353125 0.525000 0.043750 0.058333
7 0.374219 0.208333 0.034375 0.043056
7 0.410156 0.294444 0.034375 0.041667
7 0.467969 0.233333 0.031250 0.040278
7 0.532031 0.252778 0.031250 0.045833
7 0.615625 0.336111 0.039062 0.043056
7 0.716406 0.215278 0.039844 0.040278
7 0.780469 0.286111 0.035156 0.043056
8 0.252344 0.441667 0.035937 0.048611
8 0.332813 0.480556 0.046875 0.065278
8 0.459375 0.155556 0.044531 0.056944
8 0.533594 0.350000 0.039062 0.048611
8 0.578125 0.279167 0.035156 0.044444
8 0.745313 0.254167 0.039062 0.047222