1 0.307031 0.410417 0.054688 0.070833
1 0.417969 0.378472 0.087500 0.106944
1 0.448930 0.492031 0.091609 0.125730
1 0.438281 0.290972 0.048438 0.059722
1 0.463403 0.182331 0.048680 0.056328
1 0.491797 0.590278 0.072656 0.091667
1 0.536677 0.397454 0.067103 0.092130
1 0.551953 0.173611 0.061719 0.063889
1 0.678931 0.498751 0.054637 0.077499
1 0.740234 0.525694 0.058594 0.062500
1 0.807359 0.457377 0.055595 0.065801
3 0.463583 0.181913 0.049040 0.055493
3 0.678931 0.498751 0.054637 0.077499
4 0.417969 0.378472 0.087500 0.106944
5 0.448930 0.492031 0.091609 0.125730
6 0.536677 0.397630 0.067103 0.092483
6 0.740234 0.525694 0.058594 0.062500
7 0.307031 0.410417 0.054688 0.070833
7 0.438281 0.290972 0.048438 0.059722
7 0.491797 0.590278 0.072656 0.091667
7 0.807359 0.457377 0.055595 0.065801
8 0.551953 0.173611 0.061719 0.063889