1 0.078906 0.813889 0.056250 0.084722
1 0.083594 0.048611 0.034375 0.036111
1 0.126562 0.377778 0.046875 0.054167
1 0.167187 0.570833 0.044531 0.055556
1 0.250781 0.500000 0.046875 0.059722
1 0.299219 0.336111 0.045312 0.044444
1 0.343750 0.193056 0.033594 0.037500
1 0.362500 0.477778 0.037500 0.047222
1 0.396875 0.100000 0.030469 0.037500
1 0.397656 0.425000 0.040625 0.044444
1 0.450000 0.301389 0.037500 0.044444
1 0.478906 0.106944 0.032813 0.037500
1 0.480469 0.231944 0.032031 0.040278
1 0.913281 0.555556 0.042188 0.059722
3 0.299219 0.336111 0.045312 0.044444
3 0.396875 0.100000 0.030469 0.037500
3 0.480469 0.231944 0.032031 0.040278
5 0.343750 0.193056 0.033594 0.037500
5 0.362500 0.477778 0.037500 0.047222
5 0.397656 0.425000 0.040625 0.044444
6 0.078906 0.813889 0.056250 0.084722
6 0.083594 0.048611 0.034375 0.036111
6 0.126562 0.377778 0.046875 0.054167
6 0.478906 0.106944 0.032813 0.037500
7 0.250781 0.500000 0.046875 0.059722
7 0.913281 0.555556 0.042188 0.059722
8 0.167187 0.570833 0.044531 0.055556
8 0.450000 0.301389 0.037500 0.044444