1 0.311719 0.357639 0.040625 0.051389
1 0.367188 0.386806 0.034375 0.048611
1 0.403906 0.190278 0.043750 0.055556
1 0.467969 0.090972 0.032813 0.037500
1 0.473047 0.135417 0.038281 0.043056
1 0.477344 0.190972 0.037500 0.040278
1 0.491406 0.271528 0.035937 0.051389
1 0.527344 0.036806 0.034375 0.040278
1 0.542969 0.164583 0.031250 0.040278
1 0.566797 0.211111 0.035156 0.044444
1 0.575000 0.131944 0.032813 0.036111
1 0.581250 0.086111 0.034375 0.041667
1 0.622266 0.193056 0.033594 0.041667
1 0.740625 0.122222 0.032813 0.041667
1 0.753373 0.313907 0.033308 0.047258
3 0.467969 0.090972 0.032813 0.037500
3 0.566797 0.211111 0.035156 0.044444
3 0.581250 0.086111 0.034375 0.041667
3 0.740625 0.122222 0.032813 0.041667
4 0.622266 0.193056 0.033594 0.041667
5 0.473047 0.135417 0.038281 0.043056
5 0.575000 0.131944 0.032813 0.036111
5 0.753703 0.313508 0.033968 0.046461
6 0.403906 0.190278 0.043750 0.055556
6 0.491406 0.271528 0.035937 0.051389
6 0.527344 0.036806 0.034375 0.040278
7 0.311719 0.357639 0.040625 0.051389
7 0.542969 0.164583 0.031250 0.040278
8 0.367188 0.386806 0.034375 0.048611
8 0.477344 0.190972 0.037500 0.040278