1 0.295703 0.336111 0.057031 0.063889
1 0.300000 0.277083 0.048438 0.054167
1 0.352957 0.337347 0.053460 0.064194
1 0.363281 0.174306 0.048438 0.051389
1 0.403212 0.374019 0.044075 0.055182
1 0.419705 0.161889 0.036237 0.037714
1 0.483283 0.276082 0.043056 0.049484
1 0.501658 0.156657 0.033719 0.037567
1 0.512036 0.219832 0.039759 0.051167
3 0.363281 0.174306 0.048438 0.051389
3 0.403212 0.374019 0.044075 0.055182
4 0.352824 0.337557 0.053727 0.063774
4 0.501658 0.156657 0.033719 0.037567
5 0.483283 0.276082 0.043056 0.049484
6 0.419705 0.161889 0.036237 0.037714
7 0.295703 0.336111 0.057031 0.063889
7 0.300000 0.277083 0.048438 0.054167
7 0.512036 0.219832 0.039759 0.051167