1 0.232813 0.670139 0.056250 0.065278
1 0.282072 0.616715 0.057894 0.069541
1 0.311024 0.551670 0.054861 0.064452
1 0.387500 0.731250 0.053125 0.070833
1 0.392969 0.418750 0.050000 0.048611
1 0.450311 0.741831 0.059997 0.083663
1 0.482422 0.525694 0.044531 0.048611
1 0.516912 0.654028 0.055700 0.071944
1 0.511328 0.490972 0.039844 0.048611
1 0.547560 0.566891 0.054495 0.061560
1 0.563281 0.765278 0.082812 0.100000
1 0.552734 0.487500 0.042969 0.044444
1 0.580859 0.526389 0.052344 0.052778
1 0.603516 0.714583 0.058594 0.076389
1 0.632547 0.598928 0.052593 0.072856
1 0.624609 0.216667 0.033594 0.030556
1 0.664537 0.496912 0.061886 0.079936
1 0.715625 0.501389 0.039062 0.041667
3 0.282072 0.616715 0.057894 0.069541
3 0.511328 0.490972 0.039844 0.048611
3 0.552734 0.487500 0.042969 0.044444
3 0.603516 0.714583 0.058594 0.076389
3 0.624609 0.216667 0.033594 0.030556
4 0.232813 0.670139 0.056250 0.065278
5 0.311024 0.551670 0.054861 0.064452
6 0.547560 0.566891 0.054495 0.061560
6 0.563281 0.765278 0.082812 0.100000
6 0.715625 0.501389 0.039062 0.041667
7 0.387500 0.731250 0.053125 0.070833
7 0.392969 0.418750 0.050000 0.048611
7 0.482422 0.525694 0.044531 0.048611
7 0.632547 0.598928 0.052593 0.072856
7 0.664537 0.496912 0.061886 0.079936
8 0.450311 0.741831 0.059997 0.083663
8 0.516912 0.654028 0.055700 0.071944
8 0.580859 0.526389 0.052344 0.052778