1 0.463143 0.624395 0.031754 0.055642
1 0.544531 0.381944 0.037500 0.063889
1 0.542578 0.507639 0.033594 0.062500
1 0.558203 0.440972 0.033594 0.054167
1 0.571875 0.693750 0.029687 0.051389
1 0.576131 0.637023 0.033005 0.055138
1 0.608594 0.475694 0.034375 0.056944
1 0.608203 0.529861 0.030469 0.054167
1 0.609375 0.673611 0.031250 0.055556
1 0.637109 0.536806 0.028906 0.048611
1 0.643750 0.425000 0.037500 0.061111
1 0.649573 0.488496 0.028571 0.054872
1 0.659028 0.693268 0.027574 0.047417
1 0.669922 0.545139 0.033594 0.051389
1 0.680078 0.493056 0.036719 0.063889
1 0.678843 0.591276 0.028235 0.044711
1 0.687500 0.429861 0.032813 0.051389
1 0.706916 0.517091 0.030503 0.049394
3 0.571875 0.693750 0.029687 0.051389
3 0.609375 0.673611 0.031250 0.055556
3 0.637109 0.536806 0.028906 0.048611
3 0.649573 0.488496 0.028571 0.054872
4 0.544531 0.381944 0.037500 0.063889
4 0.558203 0.440972 0.033594 0.054167
4 0.608203 0.529861 0.030469 0.054167
5 0.463143 0.624395 0.031754 0.055642
5 0.576131 0.637023 0.033005 0.055138
5 0.659028 0.693268 0.027574 0.047417
5 0.669922 0.545139 0.033594 0.051389
6 0.542578 0.507639 0.033594 0.062500
6 0.608594 0.475694 0.034375 0.056944
6 0.643750 0.425000 0.037500 0.061111
6 0.680078 0.493056 0.036719 0.063889
7 0.678843 0.591276 0.028235 0.044711
8 0.687500 0.429861 0.032813 0.051389
8 0.706916 0.517091 0.030503 0.049394