1 0.227344 0.981250 0.029687 0.037500
1 0.261719 0.045139 0.051562 0.084722
1 0.328516 0.633333 0.021094 0.041667
1 0.362109 0.547917 0.028906 0.048611
1 0.363281 0.761806 0.026562 0.048611
1 0.395313 0.629861 0.028125 0.048611
1 0.409375 0.671528 0.023438 0.043056
1 0.430078 0.731250 0.024219 0.045833
1 0.440625 0.681250 0.026562 0.045833
1 0.458594 0.402778 0.026562 0.044444
1 0.460547 0.586111 0.024219 0.041667
1 0.473828 0.359722 0.024219 0.038889
1 0.474609 0.437500 0.024219 0.038889
1 0.475781 0.540278 0.025000 0.041667
1 0.484375 0.693750 0.026562 0.045833
1 0.485547 0.502778 0.027344 0.038889
1 0.492969 0.579167 0.031250 0.052778
1 0.491016 0.635417 0.022656 0.043056
1 0.504297 0.525694 0.032031 0.056944
1 0.501953 0.472917 0.024219 0.040278
1 0.518359 0.718056 0.027344 0.050000
1 0.520312 0.572222 0.025000 0.044444
1 0.540234 0.468056 0.022656 0.041667
1 0.558984 0.411111 0.025781 0.038889
1 0.569922 0.629167 0.025781 0.044444
1 0.591016 0.838889 0.027344 0.050000
1 0.604297 0.464583 0.025781 0.043056
1 0.610547 0.595833 0.027344 0.044444
1 0.629297 0.540278 0.028906 0.047222
1 0.632031 0.747222 0.028125 0.050000
1 0.639062 0.668056 0.025000 0.044444
1 0.767578 0.566667 0.083594 0.111111
3 0.473828 0.359722 0.024219 0.038889
3 0.492969 0.579167 0.031250 0.052778
3 0.501953 0.472917 0.024219 0.040278
3 0.520312 0.572222 0.025000 0.044444
3 0.540234 0.468056 0.022656 0.041667
3 0.767578 0.566667 0.083594 0.111111
4 0.227344 0.981250 0.029687 0.037500
4 0.261719 0.045139 0.051562 0.084722
4 0.504297 0.525694 0.032031 0.056944
4 0.518359 0.718056 0.027344 0.050000
5 0.491016 0.635417 0.022656 0.043056
5 0.569922 0.629167 0.025781 0.044444
5 0.639062 0.668056 0.025000 0.044444
6 0.362109 0.547917 0.028906 0.048611
6 0.363281 0.761806 0.026562 0.048611
6 0.395313 0.629861 0.028125 0.048611
6 0.484375 0.693750 0.026562 0.045833
6 0.485547 0.502778 0.027344 0.038889
7 0.440625 0.681250 0.026562 0.045833
7 0.458594 0.402778 0.026562 0.044444
7 0.558984 0.411111 0.025781 0.038889
7 0.591016 0.838889 0.027344 0.050000
7 0.629297 0.540278 0.028906 0.047222
7 0.632031 0.747222 0.028125 0.050000
8 0.328516 0.633333 0.021094 0.041667
8 0.409375 0.671528 0.023438 0.043056
8 0.430078 0.731250 0.024219 0.045833
8 0.460547 0.586111 0.024219 0.041667
8 0.474609 0.437500 0.024219 0.038889
8 0.475781 0.540278 0.025000 0.041667
8 0.604297 0.464583 0.025781 0.043056
8 0.610547 0.595833 0.027344 0.044444