1 0.387500 0.297917 0.034375 0.048611
1 0.410547 0.172917 0.038281 0.048611
1 0.421875 0.232639 0.039062 0.048611
1 0.482812 0.190972 0.031250 0.034722
1 0.510938 0.379861 0.048438 0.062500
1 0.526563 0.250000 0.034375 0.038889
1 0.561328 0.243750 0.032031 0.043056
1 0.569922 0.306944 0.038281 0.047222
1 0.577734 0.202778 0.039844 0.050000
1 0.587161 0.279349 0.028929 0.038986
1 0.630078 0.593056 0.042969 0.063889
1 0.641797 0.297222 0.033594 0.047222
1 0.663560 0.414595 0.040716 0.054194
1 0.676562 0.341667 0.035937 0.050000
1 0.689453 0.286111 0.038281 0.050000
1 0.718750 0.195833 0.032813 0.038889
1 0.747177 0.445789 0.049282 0.061348
1 0.758203 0.242361 0.038281 0.045833
1 0.801599 0.242489 0.029790 0.043164
1 0.820476 0.370103 0.042515 0.059650
3 0.510938 0.379861 0.048438 0.062500
3 0.718750 0.195833 0.032813 0.038889
4 0.526563 0.250000 0.034375 0.038889
4 0.641797 0.297222 0.033594 0.047222
4 0.663560 0.414595 0.040716 0.054194
4 0.801809 0.243064 0.030743 0.044044
5 0.421875 0.232639 0.039062 0.048611
6 0.410547 0.172917 0.038281 0.048611
6 0.561328 0.243750 0.032031 0.043056
6 0.676562 0.341667 0.035937 0.050000
6 0.820221 0.369528 0.042004 0.058499
7 0.630078 0.593056 0.042969 0.063889
7 0.747177 0.445789 0.049282 0.061348
7 0.758203 0.242361 0.038281 0.045833
8 0.387500 0.297917 0.034375 0.048611
8 0.482812 0.190972 0.031250 0.034722
8 0.569922 0.306944 0.038281 0.047222
8 0.577734 0.202778 0.039844 0.050000
8 0.587161 0.279349 0.028929 0.038986
8 0.689453 0.286111 0.038281 0.050000