1 0.144107 0.562577 0.071027 0.091821
1 0.195987 0.401999 0.069537 0.089377
1 0.229294 0.521018 0.097949 0.129454
1 0.304901 0.207355 0.055115 0.064711
1 0.441571 0.409772 0.087830 0.116767
1 0.430295 0.294318 0.055902 0.066414
1 0.498126 0.477108 0.064551 0.081955
1 0.564804 0.451023 0.058856 0.095128
1 0.603015 0.383549 0.071656 0.100431
3 0.144107 0.562577 0.071027 0.091821
3 0.195987 0.401999 0.069537 0.089377
3 0.441571 0.409772 0.087830 0.116767
5 0.304901 0.207355 0.055115 0.064711
5 0.564804 0.451023 0.058856 0.095128
6 0.229294 0.521018 0.097949 0.129454
6 0.603015 0.383549 0.071656 0.100431
7 0.498126 0.477108 0.064551 0.081955
8 0.430295 0.294318 0.055902 0.066414