1 0.146875 0.236111 0.050781 0.056944
1 0.399219 0.459722 0.040625 0.058333
1 0.421094 0.275000 0.032031 0.033333
1 0.496094 0.391667 0.040625 0.047222
1 0.530469 0.438889 0.037500 0.045833
1 0.552344 0.350000 0.050000 0.058333
1 0.612500 0.388889 0.043750 0.051389
1 0.687500 0.416667 0.043750 0.050000
1 0.731250 0.261111 0.035156 0.044444
1 0.743750 0.552778 0.049219 0.061111
1 0.782031 0.622222 0.044531 0.059722
3 0.146875 0.236111 0.050781 0.056944
3 0.421094 0.275000 0.032031 0.033333
3 0.612500 0.388889 0.043750 0.051389
4 0.552344 0.350000 0.050000 0.058333
4 0.731250 0.261111 0.035156 0.044444
5 0.399219 0.459722 0.040625 0.058333
5 0.496094 0.391667 0.040625 0.047222
5 0.782031 0.622222 0.044531 0.059722
6 0.530469 0.438889 0.037500 0.045833
8 0.687500 0.416667 0.043750 0.050000
8 0.743750 0.552778 0.049219 0.061111