1 0.224609 0.763194 0.061719 0.081944
1 0.227344 0.580556 0.062500 0.075000
1 0.266797 0.446528 0.057031 0.059722
1 0.288717 0.586154 0.053333 0.068120
1 0.314063 0.509722 0.062500 0.066667
1 0.438281 0.766667 0.054688 0.077778
1 0.444592 0.664159 0.057933 0.081097
1 0.460938 0.568056 0.057813 0.075000
1 0.470313 0.462500 0.046875 0.055556
1 0.522308 0.786840 0.058113 0.078425
3 0.522308 0.786840 0.058113 0.078425
6 0.266797 0.446528 0.057031 0.059722
7 0.288717 0.586154 0.053333 0.068120
7 0.314063 0.509722 0.062500 0.066667
7 0.444411 0.664299 0.057572 0.081375
7 0.470313 0.462500 0.046875 0.055556
8 0.224609 0.763194 0.061719 0.081944
8 0.227344 0.580556 0.062500 0.075000
8 0.438281 0.766667 0.054688 0.077778
8 0.460938 0.568056 0.057813 0.075000