1 0.227734 0.519444 0.060156 0.072222
1 0.275000 0.375000 0.051562 0.063889
1 0.316406 0.613194 0.068750 0.079167
1 0.328824 0.407997 0.062604 0.075819
1 0.368790 0.521290 0.087580 0.109248
1 0.390723 0.410966 0.073633 0.099710
1 0.462500 0.413889 0.070312 0.080556
1 0.488132 0.556238 0.060639 0.079142
1 0.514548 0.798480 0.059967 0.103041
1 0.564844 0.602083 0.067187 0.084722
1 0.637891 0.567361 0.057031 0.084722
1 0.754261 0.505927 0.051953 0.070519
3 0.368790 0.521290 0.087580 0.109248
3 0.564844 0.602083 0.067187 0.084722
4 0.754261 0.505927 0.051953 0.070519
5 0.316406 0.613194 0.068750 0.079167
5 0.390723 0.410966 0.073633 0.099710
6 0.488132 0.556238 0.060639 0.079142
6 0.514548 0.798480 0.059967 0.103041
6 0.637891 0.567361 0.057031 0.084722
8 0.227734 0.519444 0.060156 0.072222
8 0.275000 0.375000 0.051562 0.063889
8 0.328824 0.407997 0.062604 0.075819
8 0.462500 0.413889 0.070312 0.080556