1 0.417969 0.406944 0.042188 0.075000
1 0.428906 0.544444 0.048438 0.088889
1 0.530428 0.493315 0.048052 0.086961
1 0.556863 0.640990 0.055509 0.096311
1 0.578125 0.563194 0.042188 0.073611
1 0.578906 0.484722 0.040625 0.072222
1 0.590625 0.283333 0.048438 0.080556
1 0.600781 0.356944 0.050000 0.083333
1 0.634766 0.453472 0.046094 0.081944
1 0.781794 0.536938 0.047350 0.081680
3 0.428906 0.544444 0.048438 0.088889
3 0.634766 0.453472 0.046094 0.081944
4 0.600781 0.356944 0.050000 0.083333
5 0.417969 0.406944 0.042188 0.075000
5 0.578125 0.563194 0.042188 0.073611
5 0.590625 0.283333 0.048438 0.080556
5 0.782198 0.536808 0.046541 0.081940
6 0.556863 0.640990 0.055509 0.096311
6 0.578906 0.484722 0.040625 0.072222
8 0.530428 0.493315 0.048052 0.086961