1 0.533203 0.725000 0.042969 0.080556
1 0.536719 0.868750 0.042188 0.079167
1 0.567578 0.534028 0.044531 0.084722
1 0.576562 0.814583 0.040625 0.070833
1 0.594922 0.634722 0.042969 0.080556
1 0.622656 0.384028 0.046875 0.093056
1 0.625391 0.551389 0.046094 0.088889
1 0.665234 0.276389 0.052344 0.094444
1 0.672656 0.408333 0.050000 0.091667
1 0.702734 0.656250 0.064844 0.112500
1 0.794922 0.793056 0.050781 0.091667
3 0.622656 0.384028 0.046875 0.093056
3 0.625391 0.551389 0.046094 0.088889
3 0.702734 0.656250 0.064844 0.112500
4 0.567578 0.534028 0.044531 0.084722
6 0.533203 0.725000 0.042969 0.080556
6 0.536719 0.868750 0.042188 0.079167
6 0.594922 0.634722 0.042969 0.080556
7 0.576562 0.814583 0.040625 0.070833
7 0.672656 0.408333 0.050000 0.091667
7 0.794978 0.793056 0.050781 0.091667
8 0.665234 0.276389 0.052344 0.094444