1 0.268022 0.592003 0.079805 0.057410
1 0.432031 0.497222 0.075000 0.052778
1 0.473828 0.599306 0.074219 0.059722
1 0.587793 0.588064 0.089648 0.084461
1 0.669742 0.663547 0.091766 0.089572
1 0.710938 0.468056 0.067187 0.061111
1 0.781641 0.554167 0.074219 0.052778
1 0.781091 0.473305 0.068432 0.054944
1 0.799609 0.427083 0.069531 0.054167
1 0.871875 0.511111 0.076563 0.058333
1 0.948347 0.591575 0.095132 0.077595
3 0.432031 0.497222 0.075000 0.052778
4 0.587793 0.588064 0.089648 0.084461
4 0.710938 0.468056 0.067187 0.061111
4 0.948347 0.591575 0.095132 0.077595
6 0.781009 0.473847 0.068269 0.056027
6 0.871875 0.511111 0.076563 0.058333
7 0.669742 0.663547 0.091766 0.089572
8 0.268022 0.592003 0.079805 0.057410
8 0.473828 0.599306 0.074219 0.059722
8 0.781641 0.554167 0.074219 0.052778
8 0.799609 0.427083 0.069531 0.054167