1 0.062500 0.734722 0.028125 0.050000
1 0.124219 0.427778 0.029687 0.052778
1 0.174219 0.630556 0.028125 0.045833
1 0.184375 0.669444 0.025781 0.047222
1 0.250000 0.795833 0.027344 0.050000
1 0.261719 0.737500 0.025781 0.045833
1 0.287500 0.338889 0.078906 0.120833
1 0.292969 0.511111 0.028125 0.051389
1 0.310156 0.754167 0.027344 0.051389
1 0.328906 0.805556 0.021094 0.045833
1 0.342969 0.679167 0.021094 0.041667
1 0.360156 0.625000 0.026562 0.041667
1 0.367188 0.661111 0.025000 0.041667
1 0.381250 0.688889 0.027344 0.047222
1 0.392969 0.811111 0.026562 0.051389
1 0.398438 0.726389 0.026562 0.041667
1 0.410156 0.758333 0.025781 0.047222
1 0.410938 0.425000 0.026562 0.051389
1 0.419531 0.347222 0.028125 0.051389
1 0.431250 0.743056 0.027344 0.047222
1 0.439844 0.686111 0.024219 0.045833
1 0.441406 0.784722 0.023438 0.043056
1 0.465625 0.815278 0.022656 0.041667
1 0.475781 0.395833 0.023438 0.041667
1 0.478906 0.661111 0.026562 0.045833
1 0.483594 0.773611 0.025781 0.044444
1 0.485156 0.604167 0.022656 0.044444
1 0.501563 0.750000 0.027344 0.047222
1 0.508594 0.804167 0.025000 0.047222
1 0.520312 0.693056 0.028906 0.051389
1 0.552344 0.766667 0.026562 0.050000
1 0.567969 0.738889 0.028125 0.047222
1 0.648438 0.726389 0.075000 0.105556
1 0.800000 0.891667 0.026562 0.045833
3 0.261719 0.737500 0.025781 0.045833
3 0.410156 0.758333 0.025781 0.047222
3 0.419531 0.347222 0.028125 0.051389
3 0.567969 0.738889 0.028125 0.047222
3 0.648438 0.726389 0.075000 0.105556
3 0.800000 0.891667 0.026562 0.045833
4 0.062500 0.734722 0.028125 0.050000
4 0.124219 0.427778 0.029687 0.052778
4 0.310156 0.754167 0.027344 0.051389
4 0.398438 0.726389 0.026562 0.041667
4 0.410938 0.425000 0.026562 0.051389
4 0.478906 0.661111 0.026562 0.045833
4 0.483594 0.773611 0.025781 0.044444
4 0.552344 0.766667 0.026562 0.050000
5 0.287500 0.338889 0.078906 0.120833
5 0.292969 0.511111 0.028125 0.051389
5 0.367188 0.661111 0.025000 0.041667
5 0.431250 0.743056 0.027344 0.047222
5 0.441406 0.784722 0.023438 0.043056
6 0.174219 0.630556 0.028125 0.045833
6 0.250000 0.795833 0.027344 0.050000
6 0.392969 0.811111 0.026562 0.051389
6 0.465625 0.815278 0.022656 0.041667
6 0.501563 0.750000 0.027344 0.047222
6 0.508594 0.804167 0.025000 0.047222
7 0.328906 0.805556 0.021094 0.045833
7 0.381250 0.688889 0.027344 0.047222
7 0.439844 0.686111 0.024219 0.045833
7 0.475781 0.395833 0.023438 0.041667
8 0.184375 0.669444 0.025781 0.047222
8 0.342969 0.679167 0.021094 0.041667
8 0.360156 0.625000 0.026562 0.041667
8 0.485156 0.604167 0.022656 0.044444
8 0.520312 0.693056 0.028906 0.051389