1 0.471004 0.544348 0.071696 0.097029
1 0.492188 0.693750 0.082812 0.118056
1 0.539245 0.609691 0.075365 0.099937
1 0.649609 0.243750 0.080469 0.090278
1 0.662500 0.460417 0.064062 0.081944
1 0.686375 0.729789 0.069624 0.104023
1 0.772885 0.635183 0.072055 0.098139
1 0.767663 0.389849 0.053110 0.072824
3 0.492188 0.693750 0.082812 0.118056
4 0.767663 0.389849 0.053110 0.072824
5 0.649609 0.243750 0.080469 0.090278
7 0.539245 0.609691 0.075365 0.099937
7 0.662500 0.460417 0.064062 0.081944
7 0.686375 0.729789 0.069624 0.104023
7 0.772885 0.635183 0.072055 0.098139
8 0.471004 0.544348 0.071696 0.097029