1 0.151953 0.616667 0.030469 0.052778
1 0.178516 0.723611 0.025781 0.044444
1 0.203516 0.698611 0.027344 0.050000
1 0.256250 0.390278 0.028125 0.047222
1 0.261328 0.706944 0.028906 0.052778
1 0.271094 0.627778 0.026562 0.047222
1 0.277344 0.514583 0.025000 0.043056
1 0.281250 0.573611 0.026562 0.047222
1 0.282813 0.898611 0.026562 0.047222
1 0.289844 0.681250 0.029687 0.051389
1 0.296094 0.863889 0.028125 0.047222
1 0.308203 0.490278 0.025781 0.047222
1 0.315234 0.830556 0.025781 0.050000
1 0.326562 0.738889 0.028125 0.052778
1 0.328906 0.868750 0.026562 0.045833
1 0.340234 0.614583 0.025781 0.045833
1 0.343750 0.562500 0.023438 0.044444
1 0.346094 0.834722 0.028125 0.052778
1 0.343750 0.403472 0.021875 0.043056
1 0.358594 0.785417 0.028125 0.051389
1 0.371094 0.717361 0.028125 0.048611
1 0.378906 0.833333 0.021875 0.044444
1 0.384766 0.567361 0.022656 0.043056
1 0.386328 0.688889 0.022656 0.041667
1 0.390625 0.486111 0.028125 0.050000
1 0.410938 0.559722 0.026562 0.044444
1 0.417969 0.718056 0.025000 0.047222
1 0.444141 0.522222 0.027344 0.050000
1 0.469531 0.615278 0.023438 0.047222
1 0.475781 0.685417 0.031250 0.059722
1 0.479297 0.523611 0.024219 0.038889
1 0.482422 0.564583 0.024219 0.037500
1 0.639453 0.659722 0.078906 0.100000
3 0.358594 0.785417 0.028125 0.051389
3 0.384766 0.567361 0.022656 0.043056
3 0.475781 0.685417 0.031250 0.059722
3 0.639453 0.659722 0.078906 0.100000
4 0.151953 0.616667 0.030469 0.052778
4 0.256250 0.390278 0.028125 0.047222
4 0.261328 0.706944 0.028906 0.052778
4 0.271094 0.627778 0.026562 0.047222
4 0.308203 0.490278 0.025781 0.047222
4 0.346094 0.834722 0.028125 0.052778
4 0.386328 0.688889 0.022656 0.041667
4 0.417969 0.718056 0.025000 0.047222
4 0.469531 0.615278 0.023438 0.047222
5 0.277344 0.514583 0.025000 0.043056
5 0.315234 0.830556 0.025781 0.050000
5 0.326562 0.738889 0.028125 0.052778
5 0.343750 0.403472 0.021875 0.043056
5 0.371094 0.717361 0.028125 0.048611
6 0.340234 0.614583 0.025781 0.045833
6 0.410938 0.559722 0.026562 0.044444
6 0.482422 0.564583 0.024219 0.037500
7 0.203516 0.698611 0.027344 0.050000
7 0.282813 0.898611 0.026562 0.047222
7 0.479297 0.523611 0.024219 0.038889
8 0.178516 0.723611 0.025781 0.044444
8 0.281250 0.573611 0.026562 0.047222
8 0.289844 0.681250 0.029687 0.051389
8 0.296094 0.863889 0.028125 0.047222
8 0.328906 0.868750 0.026562 0.045833
8 0.343750 0.562500 0.023438 0.044444
8 0.378906 0.833333 0.021875 0.044444
8 0.390625 0.486111 0.028125 0.050000
8 0.444141 0.522222 0.027344 0.050000