1 0.219531 0.511111 0.027344 0.045833
1 0.244531 0.536111 0.027344 0.047222
1 0.264844 0.641667 0.028906 0.052778
1 0.267969 0.580556 0.035937 0.059722
1 0.275781 0.188889 0.103125 0.120833
1 0.314844 0.598611 0.025781 0.048611
1 0.322656 0.433333 0.027344 0.048611
1 0.327344 0.656944 0.025000 0.041667
1 0.331250 0.562500 0.027344 0.047222
1 0.339062 0.612500 0.027344 0.043056
1 0.344531 0.381944 0.027344 0.045833
1 0.350781 0.650000 0.025000 0.044444
1 0.357812 0.713889 0.032031 0.054167
1 0.374219 0.673611 0.026562 0.050000
1 0.384375 0.794444 0.026562 0.054167
1 0.391406 0.570833 0.028125 0.044444
1 0.401562 0.608333 0.027344 0.048611
1 0.414062 0.302778 0.028125 0.052778
1 0.428906 0.726389 0.025781 0.051389
1 0.447656 0.625000 0.026562 0.054167
1 0.458594 0.454167 0.040625 0.056944
1 0.469531 0.598611 0.027344 0.043056
1 0.487500 0.637500 0.029687 0.052778
1 0.570312 0.383333 0.025781 0.048611
1 0.673438 0.261111 0.076563 0.104167
3 0.244531 0.536111 0.027344 0.047222
3 0.339062 0.612500 0.027344 0.043056
3 0.391406 0.570833 0.028125 0.044444
3 0.487500 0.637500 0.029687 0.052778
3 0.570312 0.383333 0.025781 0.048611
3 0.673438 0.261111 0.076563 0.104167
4 0.219531 0.511111 0.027344 0.045833
4 0.275781 0.188889 0.103125 0.120833
4 0.322656 0.433333 0.027344 0.048611
4 0.344531 0.381944 0.027344 0.045833
5 0.264844 0.641667 0.028906 0.052778
5 0.267969 0.580556 0.035937 0.059722
5 0.350781 0.650000 0.025000 0.044444
5 0.384375 0.794444 0.026562 0.054167
6 0.327344 0.656944 0.025000 0.041667
6 0.331250 0.562500 0.027344 0.047222
6 0.357812 0.713889 0.032031 0.054167
7 0.374219 0.673611 0.026562 0.050000
7 0.414062 0.302778 0.028125 0.052778
7 0.447656 0.625000 0.026562 0.054167
7 0.458594 0.454167 0.040625 0.056944
8 0.314844 0.598611 0.025781 0.048611
8 0.401562 0.608333 0.027344 0.048611
8 0.428906 0.726389 0.025781 0.051389
8 0.469531 0.598611 0.027344 0.043056