0 0.312109 0.611806 0.088281 0.179167
0 0.320703 0.411806 0.085156 0.148611
0 0.398047 0.467361 0.082031 0.145833
0 0.421484 0.579167 0.085156 0.166667
0 0.479687 0.427778 0.078125 0.147222
0 0.523828 0.714583 0.100781 0.226389
0 0.530859 0.351389 0.072656 0.169444
0 0.626563 0.533333 0.089063 0.166667
0 0.632812 0.405556 0.073438 0.122222
1 0.307470 0.565285 0.079002 0.086126
1 0.321484 0.372222 0.074219 0.069444
1 0.398067 0.432033 0.069571 0.075178
1 0.417107 0.537956 0.076402 0.084245
1 0.479297 0.385417 0.071094 0.062500
1 0.523438 0.657639 0.096875 0.112500
1 0.530469 0.302083 0.071875 0.070833
1 0.628906 0.490972 0.076563 0.081944
1 0.635156 0.376389 0.065625 0.063889
2 0.281823 0.631158 0.027541 0.133409
2 0.298205 0.431513 0.041469 0.104905
2 0.325578 0.641414 0.058444 0.115193
2 0.341419 0.428519 0.044776 0.110452
2 0.368198 0.486107 0.024107 0.107455
2 0.391368 0.595115 0.026435 0.127012
2 0.409479 0.488215 0.061197 0.090445
2 0.434266 0.612359 0.057267 0.102239
2 0.453205 0.439580 0.022498 0.111516
2 0.490008 0.453390 0.055220 0.094647
2 0.479523 0.717855 0.012146 0.206685
2 0.527949 0.765863 0.092290 0.113381
2 0.530993 0.382627 0.069240 0.099722
2 0.609751 0.557302 0.052866 0.122158
2 0.626038 0.432308 0.052157 0.080445
2 0.652785 0.555887 0.033508 0.114654
2 0.660680 0.423657 0.015982 0.085403
3 0.530469 0.302083 0.071875 0.070833
4 0.307470 0.565285 0.079002 0.086126
4 0.398067 0.432033 0.069571 0.075178
4 0.523438 0.657639 0.096875 0.112500
6 0.628906 0.490972 0.076563 0.081944
6 0.635156 0.376389 0.065625 0.063889
7 0.321484 0.372222 0.074219 0.069444
7 0.417107 0.537956 0.076402 0.084245
7 0.479297 0.385417 0.071094 0.062500