0 0.357870 0.462541 0.076342 0.143171
0 0.456772 0.559444 0.072820 0.152880
0 0.454896 0.361300 0.055055 0.131911
1 0.353380 0.431503 0.063895 0.077835
1 0.452938 0.522660 0.064279 0.084633
1 0.453642 0.324415 0.048282 0.066026
2 0.335073 0.491950 0.031853 0.077468
2 0.373893 0.491133 0.040425 0.081984
2 0.435980 0.583046 0.032306 0.082412
2 0.453640 0.389760 0.049837 0.068851
2 0.477053 0.582686 0.034105 0.075113
3 0.353380 0.431503 0.063895 0.077835
5 0.453642 0.324415 0.048282 0.066026
8 0.452938 0.522660 0.064279 0.084633