1 0.316406 0.433333 0.047656 0.058333
1 0.328906 0.587500 0.043750 0.056944
1 0.342969 0.320833 0.044531 0.056944
1 0.379688 0.377778 0.037500 0.044444
1 0.379688 0.422222 0.035937 0.047222
1 0.418750 0.438889 0.045312 0.062500
1 0.428906 0.344444 0.050781 0.061111
1 0.461719 0.522222 0.046094 0.061111
1 0.464062 0.450000 0.042969 0.051389
1 0.518750 0.516667 0.047656 0.065278
1 0.525781 0.622222 0.047656 0.061111
1 0.556250 0.380556 0.043750 0.055556
1 0.640625 0.436111 0.046094 0.052778
3 0.464062 0.450000 0.042969 0.051389
3 0.525781 0.622222 0.047656 0.061111
4 0.316406 0.433333 0.047656 0.058333
4 0.418750 0.438889 0.045312 0.062500
5 0.328906 0.587500 0.043750 0.056944
5 0.556250 0.380556 0.043750 0.055556
6 0.379688 0.422222 0.035937 0.047222
6 0.518750 0.516667 0.047656 0.065278
7 0.342969 0.320833 0.044531 0.056944
7 0.428906 0.344444 0.050781 0.061111
7 0.461719 0.522222 0.046094 0.061111
7 0.640625 0.436111 0.046094 0.052778
8 0.379688 0.377778 0.037500 0.044444