1 0.318031 0.566342 0.026687 0.052129
1 0.365925 0.718696 0.031583 0.061409
1 0.391797 0.596528 0.032031 0.059722
1 0.435937 0.596528 0.028125 0.054167
1 0.457813 0.742361 0.031250 0.056944
1 0.466797 0.434722 0.035156 0.061111
1 0.469922 0.600694 0.030469 0.051389
1 0.490234 0.680556 0.030469 0.055556
1 0.549213 0.453286 0.034906 0.058751
1 0.566406 0.413889 0.031250 0.055556
1 0.581250 0.579861 0.035937 0.065278
1 0.608594 0.616667 0.035937 0.061111
1 0.644591 0.594198 0.029568 0.050494
1 0.688426 0.714918 0.032524 0.059053
4 0.549213 0.453286 0.034906 0.058751
4 0.566406 0.413889 0.031250 0.055556
4 0.688420 0.715437 0.032534 0.058015
5 0.317865 0.566042 0.026356 0.051528
5 0.466797 0.434722 0.035156 0.061111
6 0.435937 0.596528 0.028125 0.054167
6 0.608594 0.616667 0.035937 0.061111
6 0.644689 0.593745 0.029371 0.051399
7 0.365084 0.719957 0.032622 0.061362
7 0.490234 0.680556 0.030469 0.055556
7 0.581250 0.579861 0.035937 0.065278
8 0.391797 0.596528 0.032031 0.059722
8 0.457813 0.742361 0.031250 0.056944
8 0.469922 0.600694 0.030469 0.051389