1 0.217566 0.748855 0.025644 0.045014
1 0.224307 0.692916 0.024553 0.042127
1 0.235937 0.420833 0.025000 0.038889
1 0.235795 0.650286 0.022469 0.041496
1 0.253125 0.534722 0.029687 0.050000
1 0.251646 0.692780 0.025116 0.047338
1 0.287848 0.534220 0.020538 0.038403
1 0.305290 0.600452 0.022339 0.044925
1 0.310059 0.530384 0.023382 0.036131
1 0.318146 0.638743 0.023205 0.039463
1 0.319474 0.575518 0.024161 0.049286
1 0.346875 0.506250 0.025000 0.043056
1 0.350000 0.384722 0.028125 0.052778
1 0.367578 0.494444 0.027344 0.047222
1 0.376953 0.542361 0.030469 0.051389
1 0.390234 0.715972 0.032031 0.056944
1 0.396484 0.493750 0.027344 0.045833
1 0.401172 0.422222 0.024219 0.038889
1 0.406250 0.571528 0.025000 0.045833
1 0.426953 0.466667 0.025781 0.050000
1 0.430047 0.606717 0.024885 0.046719
1 0.446484 0.450000 0.025781 0.044444
1 0.454297 0.511111 0.025781 0.047222
1 0.454759 0.595612 0.022870 0.042362
1 0.479687 0.447917 0.025000 0.043056
1 0.556250 0.581944 0.023438 0.044444
3 0.251646 0.692780 0.025116 0.047338
3 0.305290 0.600452 0.022339 0.044925
3 0.390234 0.715972 0.032031 0.056944
3 0.401172 0.422222 0.024219 0.038889
4 0.235795 0.650286 0.022469 0.041496
4 0.253125 0.534722 0.029687 0.050000
4 0.319474 0.575518 0.024161 0.049286
4 0.350000 0.384722 0.028125 0.052778
4 0.430047 0.606717 0.024885 0.046719
5 0.217566 0.748855 0.025644 0.045014
5 0.224307 0.692916 0.024553 0.042127
5 0.287848 0.534220 0.020538 0.038403
5 0.426953 0.466667 0.025781 0.050000
5 0.454297 0.511111 0.025781 0.047222
6 0.376953 0.542361 0.030469 0.051389
7 0.235937 0.420833 0.025000 0.038889
7 0.310059 0.530384 0.023382 0.036131
7 0.367578 0.494444 0.027344 0.047222
7 0.406250 0.571528 0.025000 0.045833
7 0.446484 0.450000 0.025781 0.044444
7 0.556250 0.581944 0.023438 0.044444
8 0.318146 0.638743 0.023205 0.039463
8 0.346875 0.506250 0.025000 0.043056
8 0.396484 0.493750 0.027344 0.045833
8 0.454759 0.595612 0.022870 0.042362
8 0.479687 0.447917 0.025000 0.043056