1 0.408594 0.268056 0.034375 0.044444
1 0.451562 0.245833 0.039844 0.051389
1 0.510156 0.240278 0.038281 0.052778
1 0.528125 0.277778 0.037500 0.047222
1 0.529687 0.122222 0.039062 0.048611
1 0.546094 0.223611 0.037500 0.044444
1 0.573438 0.250000 0.037500 0.048611
1 0.576562 0.143056 0.045312 0.059722
1 0.620313 0.569444 0.042969 0.066667
1 0.639844 0.161111 0.037500 0.041667
1 0.640625 0.348611 0.035937 0.051389
1 0.689063 0.356944 0.035937 0.051389
1 0.713281 0.252778 0.034375 0.043056
1 0.726562 0.159722 0.028906 0.036111
1 0.772656 0.402778 0.035156 0.047222
3 0.639844 0.161111 0.037500 0.041667
3 0.726562 0.159722 0.028906 0.036111
4 0.529687 0.122222 0.039062 0.048611
4 0.620313 0.569444 0.042969 0.066667
4 0.689063 0.356944 0.035937 0.051389
5 0.772656 0.402778 0.035156 0.047222
6 0.408594 0.268056 0.034375 0.044444
6 0.510156 0.240278 0.038281 0.052778
6 0.576562 0.143056 0.045312 0.059722
7 0.451562 0.245833 0.039844 0.051389
7 0.640625 0.348611 0.035937 0.051389
8 0.528125 0.277778 0.037500 0.047222
8 0.546094 0.223611 0.037500 0.044444
8 0.573438 0.250000 0.037500 0.048611
8 0.713281 0.252778 0.034375 0.043056