1 0.444141 0.563889 0.041406 0.077778
1 0.493092 0.919701 0.037254 0.071708
1 0.537109 0.539583 0.042969 0.079167
1 0.559766 0.168750 0.044531 0.079167
1 0.600781 0.759722 0.059375 0.108333
1 0.603125 0.638889 0.037500 0.077778
1 0.816406 0.699306 0.043750 0.081944
1 0.839228 0.789890 0.043103 0.081033
3 0.600781 0.759722 0.059375 0.108333
3 0.603125 0.638889 0.037500 0.077778
4 0.444141 0.563889 0.041406 0.077778
5 0.839228 0.789890 0.043103 0.081033
6 0.491688 0.919300 0.040062 0.072511
6 0.537109 0.539583 0.042969 0.079167
6 0.816406 0.699306 0.043750 0.081944
7 0.559766 0.168750 0.044531 0.079167