1 0.362500 0.651389 0.041406 0.056944
1 0.455469 0.375000 0.037500 0.041667
1 0.479687 0.327778 0.035937 0.040278
1 0.493750 0.420833 0.036719 0.043056
1 0.499219 0.376389 0.035156 0.040278
1 0.534375 0.448611 0.042969 0.045833
1 0.540625 0.368056 0.039062 0.045833
1 0.542188 0.504167 0.047656 0.061111
1 0.589063 0.577778 0.041406 0.052778
1 0.614844 0.380556 0.039844 0.048611
1 0.647656 0.754167 0.053906 0.073611
1 0.687500 0.733333 0.051562 0.069444
1 0.706250 0.430556 0.037500 0.043056
1 0.772656 0.833333 0.042969 0.063889
1 0.776563 0.330556 0.041406 0.044444
1 0.791406 0.530556 0.039062 0.052778
1 0.854688 0.468056 0.046094 0.055556
3 0.540625 0.368056 0.039062 0.045833
3 0.614844 0.380556 0.039844 0.048611
4 0.493750 0.420833 0.036719 0.043056
5 0.499219 0.376389 0.035156 0.040278
5 0.534375 0.448611 0.042969 0.045833
5 0.542188 0.504167 0.047656 0.061111
5 0.687500 0.733333 0.051562 0.069444
6 0.362500 0.651389 0.041406 0.056944
6 0.479687 0.327778 0.035937 0.040278
6 0.589063 0.577778 0.041406 0.052778
6 0.647656 0.754167 0.053906 0.073611
6 0.854688 0.468056 0.046094 0.055556
7 0.772656 0.833333 0.042969 0.063889
8 0.455469 0.375000 0.037500 0.041667
8 0.706250 0.430556 0.037500 0.043056
8 0.776563 0.330556 0.041406 0.044444
8 0.791406 0.530556 0.039062 0.052778