1 0.403125 0.429167 0.038281 0.054167
1 0.410938 0.075000 0.028906 0.036111
1 0.435937 0.144444 0.044531 0.052778
1 0.446875 0.284722 0.040625 0.055556
1 0.449219 0.356944 0.032813 0.044444
1 0.489063 0.331944 0.036719 0.050000
1 0.519531 0.081944 0.040625 0.047222
1 0.530469 0.133333 0.033594 0.034722
1 0.577344 0.148611 0.042188 0.037500
1 0.587500 0.113889 0.032031 0.034722
1 0.592187 0.188889 0.034375 0.040278
1 0.627344 0.101389 0.032031 0.038889
1 0.631250 0.165278 0.033594 0.040278
1 0.658594 0.272222 0.034375 0.041667
1 0.662500 0.127778 0.035156 0.040278
1 0.692969 0.090278 0.035156 0.043056
1 0.696094 0.262500 0.037500 0.051389
1 0.788281 0.177778 0.035156 0.041667
3 0.587500 0.113889 0.032031 0.034722
3 0.627344 0.101389 0.032031 0.038889
4 0.403125 0.429167 0.038281 0.054167
4 0.410938 0.075000 0.028906 0.036111
4 0.696094 0.262500 0.037500 0.051389
5 0.449219 0.356944 0.032813 0.044444
5 0.489063 0.331944 0.036719 0.050000
5 0.592187 0.188889 0.034375 0.040278
5 0.658594 0.272222 0.034375 0.041667
6 0.435937 0.144444 0.044531 0.052778
6 0.692969 0.090278 0.035156 0.043056
7 0.446875 0.284722 0.040625 0.055556
7 0.519531 0.081944 0.040625 0.047222
7 0.530469 0.133333 0.033594 0.034722
8 0.577344 0.148611 0.042188 0.037500
8 0.631250 0.165278 0.033594 0.040278
8 0.662500 0.127778 0.035156 0.040278
8 0.788281 0.177778 0.035156 0.041667