1 0.225781 0.745139 0.028125 0.051389
1 0.234766 0.609722 0.027344 0.041667
1 0.246094 0.700000 0.029687 0.050000
1 0.256250 0.628472 0.025000 0.045833
1 0.262500 0.465972 0.028125 0.048611
1 0.271875 0.658333 0.025000 0.047222
1 0.301953 0.559028 0.024219 0.045833
1 0.308984 0.650000 0.024219 0.041667
1 0.317188 0.427778 0.023438 0.041667
1 0.319922 0.520139 0.028906 0.048611
1 0.323047 0.609722 0.025781 0.044444
1 0.327344 0.565278 0.028125 0.044444
1 0.347266 0.762500 0.027344 0.055556
1 0.367578 0.668750 0.025781 0.054167
1 0.391860 0.668044 0.022897 0.039747
1 0.416797 0.702083 0.027344 0.051389
1 0.420703 0.415278 0.024219 0.044444
1 0.433594 0.733333 0.032813 0.055556
1 0.429688 0.785417 0.025000 0.048611
1 0.436352 0.525504 0.023651 0.039782
1 0.445394 0.574149 0.025663 0.044053
1 0.446094 0.382639 0.023438 0.040278
1 0.452734 0.784028 0.022656 0.045833
1 0.453574 0.701265 0.021731 0.039204
1 0.463281 0.347222 0.026562 0.044444
1 0.466289 0.419076 0.025427 0.043630
1 0.469189 0.582415 0.022562 0.038025
1 0.476172 0.303472 0.025781 0.043056
1 0.483203 0.713889 0.024219 0.050000
1 0.512891 0.422917 0.024219 0.045833
1 0.522862 0.591991 0.025030 0.044806
1 0.535547 0.493750 0.024219 0.040278
1 0.551562 0.586111 0.032813 0.058333
1 0.556250 0.528472 0.025000 0.045833
1 0.557031 0.652083 0.023438 0.045833
1 0.620313 0.398611 0.026562 0.044444
3 0.317188 0.427778 0.023438 0.041667
3 0.323047 0.609722 0.025781 0.044444
3 0.327344 0.565278 0.028125 0.044444
3 0.391860 0.668044 0.022897 0.039747
3 0.433594 0.733333 0.032813 0.055556
3 0.445394 0.574149 0.025663 0.044053
3 0.446094 0.382639 0.023438 0.040278
3 0.453574 0.701265 0.021731 0.039204
3 0.512891 0.422917 0.024219 0.045833
3 0.535547 0.493750 0.024219 0.040278
3 0.620313 0.398611 0.026562 0.044444
4 0.234766 0.609722 0.027344 0.041667
4 0.271875 0.658333 0.025000 0.047222
4 0.308984 0.650000 0.024219 0.041667
4 0.466289 0.419076 0.025427 0.043630
4 0.557031 0.652083 0.023438 0.045833
5 0.225781 0.745139 0.028125 0.051389
5 0.262500 0.465972 0.028125 0.048611
5 0.367578 0.668750 0.025781 0.054167
5 0.551562 0.586111 0.032813 0.058333
5 0.556250 0.528472 0.025000 0.045833
6 0.246094 0.700000 0.029687 0.050000
6 0.463281 0.347222 0.026562 0.044444
6 0.476172 0.303472 0.025781 0.043056
6 0.483203 0.713889 0.024219 0.050000
6 0.522862 0.591991 0.025030 0.044806
7 0.301953 0.559028 0.024219 0.045833
7 0.429688 0.785417 0.025000 0.048611
7 0.469189 0.582415 0.022562 0.038025
8 0.256250 0.628472 0.025000 0.045833
8 0.319922 0.520139 0.028906 0.048611
8 0.347266 0.762500 0.027344 0.055556
8 0.416797 0.702083 0.027344 0.051389
8 0.420703 0.415278 0.024219 0.044444
8 0.436352 0.525504 0.023651 0.039782
8 0.452734 0.784028 0.022656 0.045833