1 0.336719 0.216667 0.034375 0.038889
1 0.369531 0.231944 0.034375 0.040278
1 0.375000 0.186111 0.036719 0.045833
1 0.381250 0.509722 0.042188 0.061111
1 0.413281 0.188889 0.034375 0.041667
1 0.417187 0.265278 0.047656 0.059722
1 0.496094 0.177778 0.030469 0.033333
1 0.603906 0.150000 0.035156 0.043056
1 0.636719 0.205556 0.033594 0.043056
1 0.640625 0.266667 0.035937 0.044444
1 0.692969 0.280556 0.039062 0.051389
1 0.722656 0.126389 0.034375 0.044444
1 0.731250 0.316667 0.035937 0.052778
1 0.770312 0.252778 0.038281 0.050000
1 0.860938 0.291667 0.039062 0.054167
3 0.336719 0.216667 0.034375 0.038889
3 0.640625 0.266667 0.035937 0.044444
4 0.381250 0.509722 0.042188 0.061111
4 0.770312 0.252778 0.038281 0.050000
5 0.369531 0.231944 0.034375 0.040278
5 0.413281 0.188889 0.034375 0.041667
5 0.692969 0.280556 0.039062 0.051389
5 0.860938 0.291667 0.039062 0.054167
6 0.417187 0.265278 0.047656 0.059722
6 0.603906 0.150000 0.035156 0.043056
7 0.496094 0.177778 0.030469 0.033333
7 0.636719 0.205556 0.033594 0.043056
7 0.731250 0.316667 0.035937 0.052778
8 0.375000 0.186111 0.036719 0.045833
8 0.722656 0.126389 0.034375 0.044444