1 0.212413 0.214338 0.049826 0.042565
1 0.303215 0.245997 0.070493 0.083662
1 0.348164 0.580069 0.101016 0.140693
1 0.333479 0.325916 0.059146 0.068498
1 0.445534 0.379499 0.058255 0.075665
1 0.536862 0.240454 0.061792 0.077257
1 0.641435 0.489993 0.092545 0.124457
1 0.696714 0.244857 0.061530 0.072238
1 0.895131 0.532739 0.063968 0.093229
4 0.303215 0.245997 0.070493 0.083662
4 0.641435 0.489993 0.092545 0.124457
4 0.895261 0.532284 0.062354 0.093218
5 0.445534 0.379499 0.058255 0.075665
6 0.536862 0.240454 0.061792 0.077257
7 0.348164 0.580069 0.101016 0.140693
7 0.333479 0.325916 0.059146 0.068498
7 0.696714 0.244857 0.061530 0.072238
8 0.212413 0.214338 0.049826 0.042565