1 0.263281 0.513889 0.062500 0.058333
1 0.332813 0.500000 0.062500 0.061111
1 0.408203 0.224306 0.050781 0.040278
1 0.423828 0.501389 0.066406 0.063889
1 0.438908 0.356973 0.060628 0.052835
1 0.461719 0.297917 0.056250 0.045833
1 0.490625 0.192361 0.048438 0.037500
1 0.505078 0.452778 0.072656 0.061111
1 0.502734 0.252778 0.044531 0.036111
1 0.536328 0.193750 0.041406 0.034722
1 0.602344 0.291667 0.059375 0.041667
1 0.627344 0.483333 0.068750 0.058333
1 0.622656 0.250000 0.057813 0.041667
1 0.640234 0.334722 0.055469 0.050000
1 0.663281 0.228472 0.054688 0.040278
1 0.670377 0.425885 0.068879 0.057326
1 0.697266 0.206944 0.046094 0.036111
1 0.753516 0.222222 0.047656 0.041667
1 0.842969 0.446528 0.068750 0.056944
1 0.845686 0.387112 0.067134 0.054144
3 0.670377 0.425885 0.068879 0.057326
4 0.505078 0.452778 0.072656 0.061111
4 0.502734 0.252778 0.044531 0.036111
4 0.627344 0.483333 0.068750 0.058333
4 0.663281 0.228472 0.054688 0.040278
4 0.845686 0.387112 0.067134 0.054144
5 0.438908 0.356973 0.060628 0.052835
5 0.753516 0.222222 0.047656 0.041667
6 0.332813 0.500000 0.062500 0.061111
6 0.461719 0.297917 0.056250 0.045833
6 0.640234 0.334722 0.055469 0.050000
6 0.842969 0.446528 0.068750 0.056944
7 0.263281 0.513889 0.062500 0.058333
7 0.408203 0.224306 0.050781 0.040278
7 0.490625 0.192361 0.048438 0.037500
7 0.602344 0.291667 0.059375 0.041667
7 0.622656 0.250000 0.057813 0.041667
7 0.697266 0.206944 0.046094 0.036111
8 0.423828 0.501389 0.066406 0.063889
8 0.536328 0.193750 0.041406 0.034722