1 0.165150 0.580035 0.080300 0.096182
1 0.241759 0.398753 0.056955 0.066950
1 0.318740 0.528027 0.065606 0.078276
1 0.316410 0.356749 0.059906 0.067108
1 0.358791 0.748975 0.073832 0.109060
1 0.472410 0.422586 0.058569 0.077281
1 0.503184 0.507811 0.062618 0.076733
1 0.552146 0.370913 0.048832 0.066507
5 0.165150 0.580035 0.080300 0.096182
5 0.241759 0.398753 0.056955 0.066950
5 0.472410 0.422586 0.058569 0.077281
7 0.316410 0.356749 0.059906 0.067108
7 0.358791 0.748975 0.073832 0.109060
7 0.503184 0.507811 0.062618 0.076733
8 0.318740 0.528027 0.065606 0.078276
8 0.552146 0.370913 0.048832 0.066507