1 0.426172 0.542361 0.049219 0.062500
1 0.502344 0.600000 0.045312 0.063889
1 0.527344 0.540972 0.040625 0.054167
1 0.562500 0.256944 0.040625 0.044444
1 0.568750 0.383333 0.051562 0.058333
1 0.601172 0.465972 0.044531 0.059722
1 0.651563 0.454167 0.048438 0.061111
1 0.662109 0.363889 0.044531 0.052778
1 0.675000 0.694444 0.054688 0.075000
1 0.675000 0.547917 0.043750 0.054167
1 0.733203 0.618056 0.050781 0.066667
1 0.791016 0.554167 0.050781 0.066667
3 0.675000 0.694444 0.054688 0.075000
3 0.675000 0.547917 0.043750 0.054167
4 0.527344 0.540972 0.040625 0.054167
4 0.662109 0.363889 0.044531 0.052778
4 0.791016 0.554167 0.050781 0.066667
5 0.562500 0.256944 0.040625 0.044444
6 0.426172 0.542361 0.049219 0.062500
6 0.733203 0.618056 0.050781 0.066667
7 0.568750 0.383333 0.051562 0.058333
7 0.651563 0.454167 0.048438 0.061111
8 0.502344 0.600000 0.045312 0.063889
8 0.601172 0.465972 0.044531 0.059722