1 0.261611 0.422229 0.060721 0.077791
1 0.414009 0.335508 0.062393 0.073793
1 0.494400 0.617178 0.077863 0.109356
1 0.489630 0.401672 0.065198 0.072789
1 0.506647 0.283210 0.061731 0.071975
1 0.573244 0.319043 0.062857 0.085563
1 0.676338 0.355252 0.063937 0.081483
1 0.693299 0.524436 0.067432 0.095394
1 0.774356 0.395481 0.060297 0.075982
1 0.839797 0.482308 0.059537 0.079704
3 0.414009 0.335508 0.062393 0.073793
3 0.489630 0.401672 0.065198 0.072789
3 0.693299 0.524436 0.067432 0.095394
3 0.839797 0.482308 0.059537 0.079704
4 0.261611 0.422229 0.060721 0.077791
5 0.506647 0.283210 0.061731 0.071975
5 0.676338 0.355252 0.063937 0.081483
7 0.573244 0.319043 0.062857 0.085563
8 0.494400 0.617178 0.077863 0.109356
8 0.774356 0.395481 0.060297 0.075982