0 0.289453 0.683333 0.085156 0.177778
0 0.338281 0.402778 0.087500 0.172222
0 0.331250 0.295833 0.064062 0.061111
0 0.344141 0.543056 0.074219 0.166667
0 0.405469 0.358333 0.064062 0.147222
0 0.442969 0.447222 0.082812 0.188889
0 0.480469 0.767361 0.090625 0.198611
0 0.487500 0.352778 0.070312 0.127778
0 0.523828 0.544444 0.071094 0.163889
0 0.529687 0.434722 0.081250 0.147222
0 0.608984 0.465972 0.072656 0.156944
0 0.617578 0.350000 0.072656 0.122222
1 0.289453 0.638889 0.082031 0.088889
1 0.337500 0.365278 0.084375 0.097222
1 0.331250 0.295139 0.064062 0.059722
1 0.345275 0.497772 0.074925 0.076101
1 0.405078 0.316667 0.061719 0.061111
1 0.443750 0.395139 0.079687 0.084722
1 0.479925 0.718377 0.087975 0.100643
1 0.487390 0.319558 0.054857 0.062344
1 0.523828 0.499306 0.067969 0.073611
1 0.529297 0.399306 0.077344 0.073611
1 0.612891 0.420833 0.064844 0.066667
1 0.617969 0.317361 0.065625 0.059722
2 0.281971 0.726480 0.069735 0.086923
2 0.342263 0.433670 0.077358 0.073517
2 0.343693 0.578989 0.072292 0.087652
2 0.326360 0.703459 0.012923 0.141748
2 0.397523 0.386725 0.033984 0.087539
2 0.442542 0.487629 0.079878 0.110655
2 0.440325 0.787187 0.011044 0.123181
2 0.485526 0.820210 0.076546 0.089672
2 0.468173 0.340508 0.033260 0.032475
2 0.504167 0.355276 0.033879 0.036313
2 0.524699 0.579838 0.068671 0.089833
2 0.500001 0.427833 0.018939 0.075882
2 0.544116 0.466562 0.056363 0.065999
2 0.605209 0.500499 0.063551 0.092253
2 0.589569 0.353945 0.014768 0.079562
2 0.627205 0.379039 0.051940 0.062432
4 0.405078 0.316667 0.061719 0.061111
5 0.443750 0.395139 0.079687 0.084722
5 0.529297 0.399306 0.077344 0.073611
5 0.612891 0.420833 0.064844 0.066667
7 0.289453 0.638889 0.082031 0.088889
7 0.337500 0.365278 0.084375 0.097222
7 0.345275 0.497772 0.074925 0.076101
7 0.479925 0.718377 0.087975 0.100643
7 0.487713 0.319860 0.053738 0.061952
8 0.331250 0.295139 0.064062 0.059722
8 0.523828 0.499306 0.067969 0.073611
8 0.617969 0.317361 0.065625 0.059722