1 0.279687 0.529167 0.068750 0.083333
1 0.294922 0.290278 0.064844 0.066667
1 0.328872 0.355693 0.067119 0.075275
1 0.360547 0.174306 0.082031 0.098611
1 0.421152 0.635843 0.073554 0.102241
1 0.468786 0.424971 0.065697 0.077721
1 0.537199 0.330394 0.065022 0.083010
1 0.611254 0.405909 0.060007 0.081262
1 0.671748 0.410662 0.055995 0.079657
1 0.791830 0.347362 0.052278 0.077499
1 0.939591 0.452523 0.055947 0.083522
3 0.537199 0.330394 0.065022 0.083010
4 0.328872 0.355693 0.067119 0.075275
4 0.360547 0.174306 0.082031 0.098611
4 0.421152 0.635843 0.073554 0.102241
4 0.468786 0.424971 0.065697 0.077721
5 0.791830 0.347362 0.052278 0.077499
5 0.939591 0.452523 0.055947 0.083522
7 0.294922 0.290278 0.064844 0.066667
8 0.279687 0.529167 0.068750 0.083333
8 0.611254 0.405909 0.060007 0.081262
8 0.671748 0.410662 0.055995 0.079657