1 0.392578 0.184028 0.035156 0.040278
1 0.410156 0.237500 0.031250 0.038889
1 0.414844 0.470139 0.037500 0.048611
1 0.423438 0.045139 0.034375 0.037500
1 0.433984 0.109028 0.035156 0.040278
1 0.447266 0.200694 0.033594 0.040278
1 0.459375 0.420139 0.042188 0.059722
1 0.461328 0.165278 0.036719 0.047222
1 0.460156 0.078472 0.031250 0.040278
1 0.466797 0.284722 0.035156 0.047222
1 0.479687 0.219444 0.035937 0.041667
1 0.493359 0.142361 0.035156 0.043056
1 0.505469 0.511806 0.051562 0.070833
1 0.522266 0.118056 0.032031 0.036111
1 0.591016 0.261111 0.033594 0.038889
1 0.598047 0.220833 0.033594 0.038889
1 0.598634 0.152163 0.032420 0.040118
1 0.619531 0.090278 0.045312 0.050000
1 0.646875 0.172917 0.039062 0.048611
1 0.658984 0.302083 0.036719 0.051389
1 0.668750 0.077778 0.028125 0.036111
1 0.715625 0.348611 0.037500 0.047222
1 0.717187 0.404861 0.034375 0.048611
1 0.721484 0.125694 0.032031 0.037500
1 0.762500 0.384028 0.035937 0.048611
1 0.800000 0.483333 0.040625 0.055556
1 0.808594 0.203472 0.040625 0.048611
1 0.831250 0.248611 0.035937 0.047222
1 0.887500 0.433333 0.037500 0.050000
1 0.920703 0.374306 0.038281 0.048611
3 0.392578 0.184028 0.035156 0.040278
3 0.410156 0.237500 0.031250 0.038889
3 0.433984 0.109028 0.035156 0.040278
3 0.522266 0.118056 0.032031 0.036111
3 0.591016 0.261111 0.033594 0.038889
3 0.598707 0.151798 0.032273 0.040848
3 0.668750 0.077778 0.028125 0.036111
4 0.423438 0.045139 0.034375 0.037500
4 0.715625 0.348611 0.037500 0.047222
4 0.717187 0.404861 0.034375 0.048611
4 0.721484 0.125694 0.032031 0.037500
5 0.460156 0.078472 0.031250 0.040278
5 0.466797 0.284722 0.035156 0.047222
5 0.479687 0.219444 0.035937 0.041667
5 0.646875 0.172917 0.039062 0.048611
5 0.658984 0.302083 0.036719 0.051389
5 0.831250 0.248611 0.035937 0.047222
6 0.459375 0.420139 0.042188 0.059722
6 0.808594 0.203472 0.040625 0.048611
6 0.887500 0.433333 0.037500 0.050000
6 0.920703 0.374306 0.038281 0.048611
7 0.414844 0.470139 0.037500 0.048611
7 0.447266 0.200694 0.033594 0.040278
7 0.505469 0.511806 0.051562 0.070833
7 0.598047 0.220833 0.033594 0.038889
7 0.762500 0.384028 0.035937 0.048611
8 0.461328 0.165278 0.036719 0.047222
8 0.493359 0.142361 0.035156 0.043056
8 0.619531 0.090278 0.045312 0.050000
8 0.800000 0.483333 0.040625 0.055556