1 0.485938 0.451389 0.041406 0.059722
1 0.526563 0.219444 0.036719 0.044444
1 0.558594 0.309722 0.033594 0.045833
1 0.562500 0.254167 0.037500 0.045833
1 0.587500 0.222222 0.036719 0.044444
1 0.599219 0.276389 0.039062 0.048611
1 0.601562 0.431944 0.040625 0.054167
1 0.645312 0.231944 0.039062 0.048611
1 0.663281 0.287500 0.035156 0.044444
1 0.668750 0.337500 0.046875 0.058333
1 0.671875 0.413889 0.038281 0.050000
1 0.693750 0.190278 0.035937 0.045833
1 0.697656 0.469444 0.036719 0.050000
1 0.762500 0.176389 0.039844 0.050000
1 0.764844 0.276389 0.035937 0.044444
3 0.562500 0.254167 0.037500 0.045833
3 0.587500 0.222222 0.036719 0.044444
3 0.668750 0.337500 0.046875 0.058333
3 0.697656 0.469444 0.036719 0.050000
4 0.601562 0.431944 0.040625 0.054167
4 0.693750 0.190278 0.035937 0.045833
4 0.764844 0.276389 0.035937 0.044444
5 0.671875 0.413889 0.038281 0.050000
5 0.762500 0.176389 0.039844 0.050000
6 0.645312 0.231944 0.039062 0.048611
7 0.599219 0.276389 0.039062 0.048611
8 0.485938 0.451389 0.041406 0.059722
8 0.526563 0.219444 0.036719 0.044444
8 0.558594 0.309722 0.033594 0.045833
8 0.663281 0.287500 0.035156 0.044444