1 0.058984 0.732639 0.028906 0.051389
1 0.121094 0.425000 0.029687 0.052778
1 0.170703 0.629167 0.028906 0.044444
1 0.236719 0.700000 0.026562 0.047222
1 0.245312 0.788889 0.026562 0.052778
1 0.283203 0.335417 0.086719 0.123611
1 0.258594 0.616667 0.025000 0.047222
1 0.282422 0.523611 0.025781 0.041667
1 0.286719 0.479861 0.028125 0.045833
1 0.305859 0.550694 0.024219 0.040278
1 0.340625 0.795833 0.026562 0.044444
1 0.346875 0.722917 0.028125 0.051389
1 0.362500 0.613889 0.026562 0.047222
1 0.366797 0.823611 0.027344 0.050000
1 0.376172 0.770833 0.025781 0.047222
1 0.380859 0.545833 0.024219 0.044444
1 0.396875 0.743750 0.023438 0.043056
1 0.404297 0.577083 0.024219 0.045833
1 0.416406 0.338889 0.026562 0.047222
1 0.416016 0.822917 0.025781 0.048611
1 0.423438 0.389583 0.023438 0.043056
1 0.444141 0.832639 0.024219 0.045833
1 0.450391 0.534722 0.025781 0.047222
1 0.472656 0.393056 0.023438 0.041667
1 0.491406 0.806250 0.026562 0.051389
1 0.518359 0.643056 0.024219 0.047222
1 0.523828 0.841667 0.027344 0.052778
1 0.551953 0.459722 0.025781 0.044444
1 0.578516 0.571528 0.025781 0.043056
1 0.581641 0.250000 0.022656 0.041667
1 0.594922 0.388889 0.025781 0.044444
1 0.644531 0.667361 0.079687 0.095833
1 0.662891 0.300694 0.025781 0.045833
1 0.664844 0.445139 0.026562 0.043056
3 0.283203 0.335417 0.086719 0.123611
3 0.258594 0.616667 0.025000 0.047222
3 0.366797 0.823611 0.027344 0.050000
3 0.376172 0.770833 0.025781 0.047222
3 0.396875 0.743750 0.023438 0.043056
3 0.416406 0.338889 0.026562 0.047222
4 0.058984 0.732639 0.028906 0.051389
4 0.121094 0.425000 0.029687 0.052778
4 0.423438 0.389583 0.023438 0.043056
4 0.578516 0.571528 0.025781 0.043056
4 0.644531 0.667361 0.079687 0.095833
5 0.282422 0.523611 0.025781 0.041667
5 0.404297 0.577083 0.024219 0.045833
5 0.416016 0.822917 0.025781 0.048611
5 0.523828 0.841667 0.027344 0.052778
5 0.551953 0.459722 0.025781 0.044444
6 0.170703 0.629167 0.028906 0.044444
6 0.236719 0.700000 0.026562 0.047222
6 0.245312 0.788889 0.026562 0.052778
6 0.305859 0.550694 0.024219 0.040278
6 0.346875 0.722917 0.028125 0.051389
6 0.444141 0.832639 0.024219 0.045833
6 0.581641 0.250000 0.022656 0.041667
7 0.286719 0.479861 0.028125 0.045833
7 0.340625 0.795833 0.026562 0.044444
7 0.362500 0.613889 0.026562 0.047222
7 0.472656 0.393056 0.023438 0.041667
7 0.491406 0.806250 0.026562 0.051389
7 0.594922 0.388889 0.025781 0.044444
7 0.662891 0.300694 0.025781 0.045833
7 0.664844 0.445139 0.026562 0.043056
8 0.380859 0.545833 0.024219 0.044444
8 0.450391 0.534722 0.025781 0.047222
8 0.518359 0.643056 0.024219 0.047222