1 0.287500 0.500000 0.053125 0.063889
1 0.314637 0.764770 0.063648 0.090651
1 0.338549 0.557138 0.081813 0.107872
1 0.404687 0.490278 0.057813 0.066667
1 0.455078 0.459028 0.053906 0.062500
1 0.480469 0.529861 0.050000 0.056944
1 0.532422 0.785417 0.064844 0.084722
1 0.530164 0.616537 0.056429 0.068774
1 0.557031 0.703472 0.054688 0.073611
3 0.455078 0.459028 0.053906 0.062500
4 0.287500 0.500000 0.053125 0.063889
4 0.338549 0.557138 0.081813 0.107872
4 0.404687 0.490278 0.057813 0.066667
5 0.315267 0.765600 0.064908 0.092311
5 0.480469 0.529861 0.050000 0.056944
5 0.532422 0.785417 0.064844 0.084722
5 0.557031 0.703472 0.054688 0.073611
7 0.530105 0.617281 0.057161 0.069375