1 0.272266 0.433333 0.086719 0.088889
1 0.282494 0.353116 0.069714 0.076242
1 0.297266 0.269444 0.078906 0.061111
1 0.334766 0.227778 0.072656 0.061111
1 0.341406 0.394444 0.084375 0.083333
1 0.378125 0.265972 0.075000 0.062500
1 0.402734 0.218750 0.066406 0.056944
1 0.415625 0.358333 0.090625 0.080556
1 0.436328 0.279861 0.067969 0.056944
1 0.470313 0.229167 0.060937 0.055556
1 0.510156 0.289583 0.082812 0.070833
4 0.282494 0.353116 0.069714 0.076242
5 0.334766 0.227778 0.072656 0.061111
5 0.341406 0.394444 0.084375 0.083333
5 0.378125 0.265972 0.075000 0.062500
5 0.402734 0.218750 0.066406 0.056944
5 0.415625 0.358333 0.090625 0.080556
6 0.272266 0.433333 0.086719 0.088889
6 0.297266 0.269444 0.078906 0.061111
6 0.470313 0.229167 0.060937 0.055556
8 0.436328 0.279861 0.067969 0.056944
8 0.510156 0.289583 0.082812 0.070833