0 0.355859 0.456250 0.075781 0.140278
0 0.426172 0.591667 0.061719 0.125000
0 0.469922 0.398611 0.066406 0.130556
1 0.354448 0.425705 0.066964 0.079421
1 0.425017 0.566761 0.056696 0.063939
1 0.470092 0.366878 0.061581 0.071445
2 0.343676 0.488301 0.049264 0.075540
2 0.381517 0.473715 0.025849 0.095874
2 0.427082 0.628478 0.060503 0.052966
2 0.458532 0.426004 0.040782 0.084804
2 0.493018 0.418699 0.021750 0.079995
4 0.354448 0.425705 0.066964 0.079421
8 0.425017 0.566761 0.056696 0.063939
8 0.470092 0.366878 0.061581 0.071445