1 0.371875 0.124306 0.034375 0.040278
1 0.457031 0.281944 0.037500 0.047222
1 0.476562 0.166667 0.034375 0.044444
1 0.483984 0.558333 0.047656 0.072222
1 0.496875 0.217361 0.048438 0.062500
1 0.501172 0.424306 0.039844 0.048611
1 0.509766 0.481250 0.055469 0.076389
1 0.501953 0.280556 0.036719 0.044444
1 0.529416 0.374200 0.052078 0.078226
1 0.539062 0.121528 0.039062 0.045833
1 0.535547 0.256250 0.032031 0.040278
1 0.558984 0.461111 0.035156 0.047222
1 0.578906 0.300000 0.043750 0.052778
1 0.590234 0.370833 0.042969 0.052778
1 0.671875 0.251389 0.037500 0.050000
1 0.685937 0.311806 0.037500 0.045833
1 0.706119 0.137253 0.035472 0.045558
3 0.501172 0.424306 0.039844 0.048611
3 0.539062 0.121528 0.039062 0.045833
4 0.509766 0.481250 0.055469 0.076389
4 0.590234 0.370833 0.042969 0.052778
5 0.371875 0.124306 0.034375 0.040278
5 0.529416 0.374200 0.052078 0.078226
5 0.535547 0.256250 0.032031 0.040278
5 0.558984 0.461111 0.035156 0.047222
5 0.578906 0.300000 0.043750 0.052778
5 0.671875 0.251389 0.037500 0.050000
6 0.476562 0.166667 0.034375 0.044444
6 0.483984 0.558333 0.047656 0.072222
7 0.496875 0.217361 0.048438 0.062500
7 0.685937 0.311806 0.037500 0.045833
8 0.457031 0.281944 0.037500 0.047222
8 0.501953 0.280556 0.036719 0.044444
8 0.706119 0.137253 0.035472 0.045558