1 0.411328 0.555556 0.058594 0.083333
1 0.433203 0.334722 0.041406 0.052778
1 0.430078 0.472222 0.035156 0.052778
1 0.433594 0.388889 0.034375 0.047222
1 0.469141 0.281250 0.041406 0.054167
1 0.472266 0.380556 0.041406 0.058333
1 0.492969 0.328472 0.034375 0.045833
1 0.506250 0.266667 0.034375 0.047222
1 0.551172 0.643056 0.061719 0.094444
1 0.554688 0.258333 0.039062 0.047222
1 0.579297 0.318056 0.047656 0.066667
1 0.597656 0.454861 0.040625 0.059722
1 0.601562 0.250694 0.035937 0.048611
1 0.631250 0.479861 0.037500 0.056944
1 0.670703 0.245833 0.041406 0.050000
1 0.712109 0.351389 0.052344 0.072222
1 0.803906 0.288194 0.035937 0.051389
3 0.433203 0.334722 0.041406 0.052778
3 0.430078 0.472222 0.035156 0.052778
3 0.554688 0.258333 0.039062 0.047222
3 0.601562 0.250694 0.035937 0.048611
4 0.469141 0.281250 0.041406 0.054167
4 0.551172 0.643056 0.061719 0.094444
4 0.631250 0.479861 0.037500 0.056944
5 0.492969 0.328472 0.034375 0.045833
5 0.506250 0.266667 0.034375 0.047222
5 0.803906 0.288194 0.035937 0.051389
6 0.411328 0.555556 0.058594 0.083333
6 0.433594 0.388889 0.034375 0.047222
6 0.597656 0.454861 0.040625 0.059722
6 0.670703 0.245833 0.041406 0.050000
7 0.579297 0.318056 0.047656 0.066667
7 0.712109 0.351389 0.052344 0.072222
8 0.472266 0.380556 0.041406 0.058333