1 0.457813 0.470833 0.057813 0.055556
1 0.508984 0.632639 0.075781 0.081944
1 0.506375 0.412206 0.064313 0.057746
1 0.522905 0.361771 0.062998 0.067986
1 0.537684 0.467469 0.067556 0.062716
1 0.584871 0.416797 0.064345 0.054272
1 0.583105 0.325785 0.059959 0.046015
1 0.592059 0.502528 0.074742 0.068945
1 0.622266 0.595833 0.067969 0.077778
1 0.649021 0.400173 0.068355 0.055902
1 0.667307 0.303723 0.064301 0.057446
1 0.774641 0.287051 0.074283 0.057435
1 0.780940 0.393981 0.074381 0.054629
1 0.791563 0.470939 0.076876 0.069656
1 0.852325 0.442842 0.081212 0.071795
1 0.877167 0.517096 0.085585 0.070303
1 0.900134 0.296740 0.072143 0.046259
1 0.908203 0.423611 0.077344 0.063889
3 0.508984 0.632639 0.075781 0.081944
3 0.592059 0.502528 0.074742 0.068945
3 0.667307 0.303723 0.064301 0.057446
3 0.852325 0.442842 0.081212 0.071795
4 0.584871 0.416797 0.064345 0.054272
4 0.622266 0.595833 0.067969 0.077778
4 0.900134 0.296740 0.072143 0.046259
5 0.649021 0.400173 0.068355 0.055902
5 0.774641 0.287051 0.074283 0.057435
6 0.537684 0.467469 0.067556 0.062716
6 0.877167 0.517096 0.085585 0.070303
7 0.457813 0.470833 0.057813 0.055556
7 0.780940 0.393981 0.074381 0.054629
7 0.791563 0.470939 0.076876 0.069656
7 0.908203 0.423611 0.077344 0.063889
8 0.506375 0.412206 0.064313 0.057746
8 0.522905 0.361771 0.062998 0.067986
8 0.583105 0.325785 0.059959 0.046015