1 0.444794 0.565272 0.071191 0.096598
1 0.480423 0.415169 0.065503 0.083502
1 0.552237 0.844491 0.075153 0.119488
1 0.572768 0.292242 0.079147 0.101253
1 0.686696 0.494097 0.058359 0.076405
1 0.706356 0.646731 0.091348 0.144303
1 0.790677 0.464733 0.058502 0.076421
1 0.853708 0.546446 0.067230 0.091900
1 0.915221 0.760921 0.066257 0.137256
3 0.480423 0.415169 0.065503 0.083502
3 0.572768 0.292242 0.079147 0.101253
5 0.444794 0.565272 0.071191 0.096598
5 0.706356 0.646731 0.091348 0.144303
5 0.790677 0.464733 0.058502 0.076421
5 0.853708 0.546446 0.067230 0.091900
6 0.686696 0.494097 0.058359 0.076405
6 0.915221 0.760921 0.066257 0.137256
7 0.552141 0.845079 0.074026 0.120719