1 0.369531 0.211111 0.047656 0.059722
1 0.419531 0.275000 0.040625 0.051389
1 0.422656 0.170833 0.034375 0.040278
1 0.423438 0.108333 0.030469 0.034722
1 0.428906 0.541667 0.034375 0.050000
1 0.446094 0.483333 0.040625 0.058333
1 0.451562 0.140278 0.030469 0.038889
1 0.458594 0.084722 0.039062 0.047222
1 0.462500 0.272222 0.035156 0.044444
1 0.485938 0.145833 0.039062 0.043056
1 0.486719 0.038889 0.034375 0.038889
1 0.487500 0.397222 0.035156 0.048611
1 0.490625 0.479167 0.042188 0.056944
1 0.491406 0.537500 0.037500 0.052778
1 0.493750 0.106944 0.034375 0.041667
1 0.498437 0.219444 0.034375 0.041667
1 0.503125 0.276389 0.038281 0.048611
1 0.521094 0.437500 0.046875 0.061111
1 0.546875 0.386111 0.037500 0.051389
1 0.546875 0.493056 0.043750 0.056944
1 0.551562 0.248611 0.038281 0.047222
1 0.566406 0.118056 0.032031 0.036111
1 0.573438 0.455556 0.038281 0.048611
1 0.584375 0.200000 0.038281 0.041667
1 0.596875 0.506944 0.044531 0.062500
1 0.601562 0.238889 0.038281 0.045833
1 0.625781 0.441667 0.050781 0.063889
1 0.633594 0.216667 0.035156 0.048611
1 0.635156 0.094444 0.034375 0.036111
1 0.647656 0.276389 0.035937 0.044444
1 0.649219 0.372222 0.040625 0.052778
1 0.656250 0.191667 0.038281 0.044444
1 0.663281 0.422222 0.040625 0.056944
1 0.674219 0.105556 0.035937 0.043056
1 0.707031 0.172222 0.035156 0.040278
1 0.709375 0.393056 0.039062 0.056944
1 0.747656 0.343056 0.035937 0.051389
1 0.772656 0.188889 0.034375 0.043056
1 0.853906 0.327778 0.046875 0.056944
1 0.876563 0.302778 0.041406 0.055556
3 0.423438 0.108333 0.030469 0.034722
3 0.451562 0.140278 0.030469 0.038889
3 0.462500 0.272222 0.035156 0.044444
3 0.485938 0.145833 0.039062 0.043056
3 0.596875 0.506944 0.044531 0.062500
3 0.656250 0.191667 0.038281 0.044444
3 0.876563 0.302778 0.041406 0.055556
4 0.419531 0.275000 0.040625 0.051389
4 0.486719 0.038889 0.034375 0.038889
4 0.573438 0.455556 0.038281 0.048611
4 0.635156 0.094444 0.034375 0.036111
4 0.674219 0.105556 0.035937 0.043056
4 0.853906 0.327778 0.046875 0.056944
5 0.428906 0.541667 0.034375 0.050000
5 0.491406 0.537500 0.037500 0.052778
5 0.566406 0.118056 0.032031 0.036111
5 0.584375 0.200000 0.038281 0.041667
5 0.633594 0.216667 0.035156 0.048611
5 0.647656 0.276389 0.035937 0.044444
5 0.747656 0.343056 0.035937 0.051389
6 0.369531 0.211111 0.047656 0.059722
6 0.546875 0.386111 0.037500 0.051389
6 0.546875 0.493056 0.043750 0.056944
6 0.551562 0.248611 0.038281 0.047222
6 0.625781 0.441667 0.050781 0.063889
6 0.649219 0.372222 0.040625 0.052778
6 0.707031 0.172222 0.035156 0.040278
6 0.709375 0.393056 0.039062 0.056944
7 0.422656 0.170833 0.034375 0.040278
7 0.487500 0.397222 0.035156 0.048611
7 0.493750 0.106944 0.034375 0.041667
7 0.503125 0.276389 0.038281 0.048611
7 0.521094 0.437500 0.046875 0.061111
8 0.446094 0.483333 0.040625 0.058333
8 0.458594 0.084722 0.039062 0.047222
8 0.490625 0.479167 0.042188 0.056944
8 0.498437 0.219444 0.034375 0.041667
8 0.601562 0.238889 0.038281 0.045833
8 0.663281 0.422222 0.040625 0.056944
8 0.772656 0.188889 0.034375 0.043056