1 0.226499 0.486890 0.052997 0.062669
1 0.296484 0.393750 0.064844 0.062500
1 0.300516 0.612177 0.057282 0.068798
1 0.307812 0.525000 0.051562 0.052778
1 0.339093 0.466072 0.048971 0.052161
1 0.351700 0.329962 0.041450 0.045048
1 0.396565 0.455221 0.044693 0.049331
1 0.423625 0.519792 0.053500 0.061807
1 0.432812 0.352778 0.037500 0.030556
1 0.445682 0.402198 0.063239 0.071063
1 0.507422 0.390278 0.044531 0.047222
1 0.514252 0.463082 0.037879 0.042831
1 0.537109 0.366667 0.049219 0.058333
1 0.540234 0.527083 0.041406 0.048611
1 0.546212 0.422581 0.050237 0.059051
1 0.561704 0.493123 0.035908 0.047358
1 0.581361 0.387693 0.045091 0.046836
1 0.604522 0.459868 0.040956 0.049708
3 0.296484 0.393750 0.064844 0.062500
3 0.307812 0.525000 0.051562 0.052778
3 0.351700 0.329962 0.041450 0.045048
3 0.514252 0.463082 0.037879 0.042831
4 0.226571 0.486467 0.053141 0.061822
4 0.396565 0.455221 0.044693 0.049331
4 0.537109 0.366667 0.049219 0.058333
5 0.339368 0.466286 0.049195 0.052587
5 0.432812 0.352778 0.037500 0.030556
5 0.546212 0.422581 0.050237 0.059051
5 0.581246 0.387067 0.045321 0.048088
6 0.540234 0.527083 0.041406 0.048611
7 0.300516 0.612177 0.057282 0.068798
7 0.445682 0.402198 0.063239 0.071063
7 0.604522 0.459868 0.040956 0.049708
8 0.423625 0.519792 0.053500 0.061807
8 0.507422 0.390278 0.044531 0.047222
8 0.561704 0.493123 0.035908 0.047358