1 0.340625 0.558333 0.050000 0.055556
1 0.440625 0.526389 0.039844 0.048611
1 0.486719 0.340278 0.036719 0.044444
1 0.498437 0.394444 0.043750 0.050000
1 0.524219 0.358333 0.036719 0.045833
1 0.544531 0.479167 0.039844 0.045833
1 0.560156 0.690278 0.048438 0.066667
1 0.586719 0.493056 0.037500 0.044444
1 0.603906 0.705556 0.043750 0.069444
1 0.613281 0.406944 0.038281 0.044444
1 0.621094 0.615278 0.049219 0.062500
1 0.703906 0.431944 0.035937 0.043056
1 0.722656 0.290278 0.039062 0.040278
1 0.723437 0.829167 0.045312 0.070833
1 0.725000 0.484722 0.036719 0.047222
1 0.750781 0.391667 0.043750 0.052778
1 0.810156 0.658333 0.042188 0.055556
3 0.613281 0.406944 0.038281 0.044444
3 0.722656 0.290278 0.039062 0.040278
4 0.486719 0.340278 0.036719 0.044444
4 0.703906 0.431944 0.035937 0.043056
5 0.340625 0.558333 0.050000 0.055556
5 0.440625 0.526389 0.039844 0.048611
5 0.498437 0.394444 0.043750 0.050000
5 0.725000 0.484722 0.036719 0.047222
5 0.750781 0.391667 0.043750 0.052778
6 0.524219 0.358333 0.036719 0.045833
6 0.544531 0.479167 0.039844 0.045833
6 0.621094 0.615278 0.049219 0.062500
7 0.810156 0.658333 0.042188 0.055556
8 0.560156 0.690278 0.048438 0.066667
8 0.586719 0.493056 0.037500 0.044444
8 0.603906 0.705556 0.043750 0.069444
8 0.723437 0.829167 0.045312 0.070833