1 0.382031 0.279167 0.041406 0.047222
1 0.421094 0.222222 0.041406 0.054167
1 0.432812 0.373611 0.035156 0.044444
1 0.442188 0.195833 0.032031 0.040278
1 0.446094 0.272222 0.035937 0.044444
1 0.446875 0.620833 0.043750 0.056944
1 0.467187 0.330556 0.032031 0.041667
1 0.476562 0.222222 0.033594 0.045833
1 0.477344 0.379167 0.035156 0.041667
1 0.489063 0.175000 0.034375 0.045833
1 0.489844 0.656944 0.046094 0.066667
1 0.503125 0.331944 0.036719 0.050000
1 0.513281 0.386111 0.033594 0.044444
1 0.531250 0.434722 0.036719 0.047222
1 0.557813 0.363889 0.046875 0.059722
1 0.562500 0.275000 0.045312 0.056944
1 0.564844 0.209722 0.035937 0.041667
1 0.569531 0.463889 0.043750 0.061111
1 0.593750 0.256944 0.035937 0.040278
1 0.598437 0.191667 0.032813 0.038889
1 0.628906 0.373611 0.039062 0.047222
1 0.629687 0.326389 0.039062 0.048611
1 0.643750 0.269444 0.039062 0.047222
1 0.663281 0.313889 0.035937 0.045833
1 0.670312 0.165278 0.048438 0.054167
1 0.671875 0.436111 0.038281 0.048611
1 0.676562 0.373611 0.038281 0.048611
1 0.690625 0.268056 0.042188 0.056944
1 0.693750 0.216667 0.037500 0.041667
1 0.701562 0.325000 0.039062 0.048611
1 0.717969 0.181944 0.039062 0.044444
1 0.717969 0.416667 0.039844 0.062500
1 0.729688 0.281944 0.037500 0.048611
1 0.734375 0.147222 0.035156 0.047222
1 0.743750 0.350000 0.050000 0.061111
1 0.770312 0.315278 0.051562 0.068056
1 0.775781 0.188889 0.035937 0.045833
1 0.776563 0.150000 0.034375 0.038889
1 0.800781 0.522222 0.039844 0.061111
1 0.802344 0.363889 0.041406 0.055556
1 0.875000 0.326389 0.034375 0.045833
3 0.382031 0.279167 0.041406 0.047222
3 0.467187 0.330556 0.032031 0.041667
3 0.477344 0.379167 0.035156 0.041667
3 0.513281 0.386111 0.033594 0.044444
3 0.569531 0.463889 0.043750 0.061111
3 0.643750 0.269444 0.039062 0.047222
3 0.663281 0.313889 0.035937 0.045833
3 0.717969 0.416667 0.039844 0.062500
3 0.734375 0.147222 0.035156 0.047222
3 0.802344 0.363889 0.041406 0.055556
4 0.446094 0.272222 0.035937 0.044444
4 0.476562 0.222222 0.033594 0.045833
4 0.531250 0.434722 0.036719 0.047222
4 0.670312 0.165278 0.048438 0.054167
4 0.743750 0.350000 0.050000 0.061111
4 0.776563 0.150000 0.034375 0.038889
4 0.800781 0.522222 0.039844 0.061111
5 0.446875 0.620833 0.043750 0.056944
5 0.503125 0.331944 0.036719 0.050000
5 0.593750 0.256944 0.035937 0.040278
5 0.629687 0.326389 0.039062 0.048611
5 0.701562 0.325000 0.039062 0.048611
6 0.421094 0.222222 0.041406 0.054167
6 0.557813 0.363889 0.046875 0.059722
6 0.562500 0.275000 0.045312 0.056944
6 0.598437 0.191667 0.032813 0.038889
6 0.671875 0.436111 0.038281 0.048611
6 0.676562 0.373611 0.038281 0.048611
6 0.775781 0.188889 0.035937 0.045833
7 0.432812 0.373611 0.035156 0.044444
7 0.442188 0.195833 0.032031 0.040278
7 0.489063 0.175000 0.034375 0.045833
7 0.628906 0.373611 0.039062 0.047222
7 0.693750 0.216667 0.037500 0.041667
7 0.875000 0.326389 0.034375 0.045833
8 0.489844 0.656944 0.046094 0.066667
8 0.564844 0.209722 0.035937 0.041667
8 0.690625 0.268056 0.042188 0.056944
8 0.717969 0.181944 0.039062 0.044444
8 0.729688 0.281944 0.037500 0.048611
8 0.770312 0.315278 0.051562 0.068056