1 0.391896 0.493551 0.069729 0.062103
1 0.425542 0.375921 0.058521 0.059060
1 0.444922 0.450000 0.063281 0.052778
1 0.472266 0.395139 0.057031 0.048611
1 0.543795 0.598564 0.068841 0.066573
1 0.539062 0.403472 0.057813 0.059722
1 0.582422 0.676389 0.080469 0.086111
1 0.592135 0.524405 0.073333 0.065477
1 0.612170 0.321141 0.057928 0.044553
1 0.621402 0.415771 0.064678 0.056542
1 0.657890 0.352245 0.057809 0.053895
1 0.718359 0.398611 0.060156 0.050000
1 0.727734 0.599306 0.072656 0.070833
1 0.722239 0.339723 0.061557 0.058301
1 0.731289 0.526100 0.072729 0.068207
1 0.753516 0.163889 0.052344 0.041667
1 0.790145 0.372555 0.064130 0.056798
1 0.796563 0.449573 0.072814 0.065814
1 0.830361 0.539170 0.072864 0.085286
1 0.870088 0.405227 0.058262 0.058991
3 0.391896 0.493551 0.069729 0.062103
3 0.731289 0.526100 0.072729 0.068207
3 0.790145 0.372555 0.064130 0.056798
4 0.612170 0.321141 0.057928 0.044553
4 0.870088 0.405227 0.058262 0.058991
5 0.425542 0.375921 0.058521 0.059060
5 0.592135 0.524405 0.073333 0.065477
5 0.621402 0.415771 0.064678 0.056542
5 0.657890 0.352245 0.057809 0.053895
5 0.718359 0.398611 0.060156 0.050000
5 0.727734 0.599306 0.072656 0.070833
6 0.444922 0.450000 0.063281 0.052778
6 0.582422 0.676389 0.080469 0.086111
6 0.722239 0.339723 0.061557 0.058301
6 0.753516 0.163889 0.052344 0.041667
7 0.543795 0.598564 0.068841 0.066573
8 0.472266 0.395139 0.057031 0.048611
8 0.539062 0.403472 0.057813 0.059722
8 0.796563 0.449573 0.072814 0.065814
8 0.830361 0.539170 0.072864 0.085286