0 0.350000 0.369444 0.060937 0.136111
0 0.416016 0.361806 0.075781 0.112500
0 0.417969 0.456250 0.062500 0.145833
0 0.517578 0.439583 0.069531 0.145833
0 0.552734 0.777778 0.117969 0.252778
0 0.573828 0.535417 0.088281 0.195833
0 0.643750 0.624306 0.078125 0.137500
0 0.653125 0.740972 0.079687 0.176389
1 0.350391 0.327083 0.057031 0.051389
1 0.415234 0.332639 0.063281 0.054167
1 0.418359 0.413194 0.061719 0.059722
1 0.517578 0.396528 0.064844 0.056944
1 0.555078 0.720139 0.111719 0.140278
1 0.577344 0.481250 0.081250 0.090278
1 0.647656 0.592361 0.068750 0.073611
1 0.654753 0.696888 0.073568 0.085442
2 0.348945 0.394994 0.060884 0.081902
2 0.402922 0.383430 0.041327 0.070560
2 0.418413 0.485318 0.060383 0.084960
2 0.439662 0.379378 0.026936 0.077866
2 0.488854 0.449313 0.010259 0.123892
2 0.522398 0.465720 0.057216 0.089399
2 0.538043 0.826340 0.087939 0.151824
2 0.572733 0.575380 0.083720 0.110711
2 0.596569 0.802254 0.029439 0.203505
2 0.653043 0.790586 0.077373 0.074303
4 0.577344 0.481250 0.081250 0.090278
5 0.647656 0.592361 0.068750 0.073611
6 0.418359 0.413194 0.061719 0.059722
6 0.555078 0.720139 0.111719 0.140278
7 0.415234 0.332639 0.063281 0.054167
7 0.654753 0.696527 0.073568 0.084721
8 0.350391 0.327083 0.057031 0.051389
8 0.517578 0.396528 0.064844 0.056944