1 0.249219 0.108333 0.103125 0.116667
1 0.364063 0.452083 0.026562 0.043056
1 0.367322 0.635248 0.026293 0.037837
1 0.373047 0.709028 0.024219 0.043056
1 0.394141 0.687500 0.025781 0.047222
1 0.396976 0.747364 0.027916 0.044658
1 0.402425 0.514682 0.028288 0.051587
1 0.406734 0.574034 0.023899 0.043968
1 0.421484 0.422917 0.024219 0.043056
1 0.422266 0.720139 0.024219 0.048611
1 0.424722 0.612312 0.026685 0.046540
1 0.428527 0.525055 0.024197 0.044335
1 0.437109 0.581250 0.025781 0.043056
1 0.460547 0.663889 0.022656 0.041667
1 0.467187 0.619444 0.026562 0.047222
1 0.472266 0.458333 0.022656 0.038889
1 0.491108 0.624291 0.020088 0.039788
1 0.502734 0.581944 0.025781 0.044444
1 0.561661 0.833263 0.020864 0.036328
1 0.562304 0.731919 0.021073 0.037646
1 0.590625 0.611806 0.025000 0.043056
3 0.364063 0.452083 0.026562 0.043056
3 0.373047 0.709028 0.024219 0.043056
3 0.472266 0.458333 0.022656 0.038889
3 0.562304 0.731919 0.021073 0.037646
3 0.590625 0.611806 0.025000 0.043056
4 0.249219 0.108333 0.103125 0.116667
4 0.421484 0.422917 0.024219 0.043056
4 0.491108 0.624291 0.020088 0.039788
4 0.502734 0.581944 0.025781 0.044444
5 0.406493 0.574400 0.023258 0.042243
5 0.428527 0.525001 0.024197 0.044443
5 0.437109 0.581250 0.025781 0.043056
6 0.367472 0.635732 0.025993 0.036870
6 0.394141 0.687500 0.025781 0.047222
6 0.424722 0.612312 0.026685 0.046540
6 0.460547 0.663889 0.022656 0.041667
7 0.422266 0.720139 0.024219 0.048611
7 0.467187 0.619444 0.026562 0.047222
8 0.396976 0.747364 0.027916 0.044658
8 0.402369 0.514457 0.028175 0.051137
8 0.561661 0.833263 0.020864 0.036328