1 0.272656 0.241667 0.052344 0.061111
1 0.303906 0.320833 0.035937 0.040278
1 0.390625 0.302778 0.035156 0.045833
1 0.416406 0.104167 0.031250 0.036111
1 0.429688 0.295833 0.042188 0.052778
1 0.522656 0.255556 0.031250 0.038889
1 0.535937 0.190278 0.031250 0.036111
1 0.542188 0.143056 0.034375 0.040278
1 0.564844 0.273611 0.046875 0.062500
1 0.567187 0.395833 0.036719 0.051389
1 0.638281 0.090278 0.030469 0.033333
1 0.646094 0.125000 0.036719 0.041667
1 0.694531 0.150000 0.035937 0.044444
1 0.700000 0.265278 0.037500 0.045833
1 0.721094 0.501389 0.039844 0.052778
1 0.721875 0.416667 0.044531 0.059722
1 0.758594 0.458333 0.040625 0.051389
1 0.764844 0.229167 0.032031 0.041667
1 0.787500 0.306944 0.038281 0.045833
3 0.303906 0.320833 0.035937 0.040278
3 0.535937 0.190278 0.031250 0.036111
4 0.694531 0.150000 0.035937 0.044444
4 0.700000 0.265278 0.037500 0.045833
5 0.638281 0.090278 0.030469 0.033333
5 0.787500 0.306944 0.038281 0.045833
6 0.272656 0.241667 0.052344 0.061111
6 0.390625 0.302778 0.035156 0.045833
6 0.564844 0.273611 0.046875 0.062500
6 0.764844 0.229167 0.032031 0.041667
7 0.522656 0.255556 0.031250 0.038889
7 0.567187 0.395833 0.036719 0.051389
7 0.646094 0.125000 0.036719 0.041667
7 0.721094 0.501389 0.039844 0.052778
7 0.721875 0.416667 0.044531 0.059722
8 0.416406 0.104167 0.031250 0.036111
8 0.429688 0.295833 0.042188 0.052778
8 0.542188 0.143056 0.034375 0.040278
8 0.758594 0.458333 0.040625 0.051389