1 0.392188 0.183333 0.035156 0.040278
1 0.410156 0.237500 0.031250 0.038889
1 0.414844 0.469444 0.037500 0.048611
1 0.423438 0.044444 0.034375 0.037500
1 0.433594 0.108333 0.035156 0.040278
1 0.446875 0.200000 0.033594 0.040278
1 0.459375 0.419444 0.042188 0.059722
1 0.460156 0.077778 0.031250 0.040278
1 0.460938 0.165278 0.036719 0.047222
1 0.466406 0.284722 0.035156 0.047222
1 0.479687 0.219444 0.035937 0.041667
1 0.492969 0.141667 0.035156 0.043056
1 0.505469 0.511111 0.051562 0.070833
1 0.521875 0.118056 0.032031 0.036111
1 0.590625 0.261111 0.033594 0.038889
1 0.596094 0.151389 0.036719 0.040278
1 0.597656 0.220833 0.033594 0.038889
1 0.619531 0.090278 0.045312 0.050000
1 0.646875 0.172222 0.039062 0.048611
1 0.658594 0.301389 0.036719 0.051389
1 0.668750 0.077778 0.028125 0.036111
1 0.715625 0.348611 0.037500 0.047222
1 0.717187 0.404167 0.034375 0.048611
1 0.721094 0.125000 0.032031 0.037500
1 0.762500 0.383333 0.035937 0.048611
1 0.800000 0.483333 0.040625 0.055556
1 0.808594 0.202778 0.040625 0.048611
1 0.831250 0.248611 0.035937 0.047222
1 0.887500 0.433333 0.037500 0.050000
1 0.920312 0.373611 0.038281 0.048611
3 0.392188 0.183333 0.035156 0.040278
3 0.410156 0.237500 0.031250 0.038889
3 0.433594 0.108333 0.035156 0.040278
3 0.521875 0.118056 0.032031 0.036111
3 0.590625 0.261111 0.033594 0.038889
3 0.596094 0.151389 0.036719 0.040278
3 0.668750 0.077778 0.028125 0.036111
4 0.423438 0.044444 0.034375 0.037500
4 0.715625 0.348611 0.037500 0.047222
4 0.717187 0.404167 0.034375 0.048611
4 0.721094 0.125000 0.032031 0.037500
5 0.460156 0.077778 0.031250 0.040278
5 0.466406 0.284722 0.035156 0.047222
5 0.479687 0.219444 0.035937 0.041667
5 0.646875 0.172222 0.039062 0.048611
5 0.658594 0.301389 0.036719 0.051389
5 0.831250 0.248611 0.035937 0.047222
6 0.459375 0.419444 0.042188 0.059722
6 0.808594 0.202778 0.040625 0.048611
6 0.887500 0.433333 0.037500 0.050000
6 0.920312 0.373611 0.038281 0.048611
7 0.414844 0.469444 0.037500 0.048611
7 0.446875 0.200000 0.033594 0.040278
7 0.505469 0.511111 0.051562 0.070833
7 0.597656 0.220833 0.033594 0.038889
7 0.762500 0.383333 0.035937 0.048611
8 0.460938 0.165278 0.036719 0.047222
8 0.492969 0.141667 0.035156 0.043056
8 0.619531 0.090278 0.045312 0.050000
8 0.800000 0.483333 0.040625 0.055556