0 0.348787 0.466757 0.065449 0.134787
0 0.462792 0.361823 0.062409 0.122034
0 0.512774 0.435071 0.063879 0.127202
1 0.347472 0.434913 0.057676 0.066242
1 0.462441 0.329772 0.055375 0.057492
1 0.512618 0.404714 0.057461 0.067625
2 0.349324 0.501604 0.056113 0.065564
2 0.452923 0.384726 0.039788 0.075357
2 0.483884 0.379455 0.019259 0.085990
2 0.493717 0.451578 0.021675 0.091734
2 0.526508 0.453380 0.033473 0.073483
3 0.347472 0.434913 0.057676 0.066242
3 0.512618 0.404714 0.057461 0.067625
4 0.462441 0.329772 0.055375 0.057492