1 0.468750 0.668750 0.037500 0.073611
1 0.544141 0.302083 0.038281 0.068056
1 0.561328 0.677778 0.047656 0.088889
1 0.573112 0.545080 0.051220 0.087004
1 0.574313 0.380733 0.048741 0.089661
1 0.575846 0.461910 0.042928 0.073195
1 0.615234 0.573611 0.046094 0.086111
1 0.616406 0.741667 0.048438 0.088889
1 0.632031 0.347917 0.050000 0.087500
1 0.634375 0.665278 0.050000 0.088889
3 0.575846 0.461910 0.042928 0.073195
4 0.468750 0.668750 0.037500 0.073611
4 0.561328 0.677778 0.047656 0.088889
4 0.573112 0.545080 0.051220 0.087004
5 0.632031 0.347917 0.050000 0.087500
5 0.634375 0.665278 0.050000 0.088889
7 0.544141 0.302083 0.038281 0.068056
7 0.574313 0.380733 0.048741 0.089661
7 0.615234 0.573611 0.046094 0.086111
8 0.616406 0.741667 0.048438 0.088889