1 0.283828 0.310451 0.046369 0.049855
1 0.303125 0.455556 0.062500 0.063889
1 0.337881 0.315328 0.051461 0.057284
1 0.358527 0.694699 0.054156 0.076699
1 0.427734 0.490278 0.057031 0.063889
1 0.427734 0.204861 0.047656 0.045833
1 0.451489 0.628784 0.062647 0.075766
1 0.529023 0.178357 0.043516 0.043286
1 0.536323 0.730030 0.058112 0.079853
1 0.538281 0.481250 0.048438 0.056944
1 0.546484 0.353472 0.052344 0.059722
1 0.555612 0.547469 0.049714 0.063395
1 0.593270 0.323338 0.047835 0.058880
1 0.621047 0.661330 0.061030 0.074561
1 0.643943 0.443391 0.077486 0.090948
1 0.636896 0.365026 0.045221 0.058621
1 0.671830 0.281970 0.066923 0.074126
1 0.668447 0.572873 0.059686 0.076234
1 0.678056 0.415139 0.049421 0.064841
1 0.705859 0.184722 0.061719 0.061111
1 0.728906 0.434028 0.048438 0.054167
1 0.742506 0.357456 0.050871 0.065608
1 0.765234 0.506250 0.066406 0.081944
1 0.768617 0.595164 0.059963 0.070754
1 0.817578 0.567361 0.058594 0.070833
3 0.538281 0.481250 0.048438 0.056944
3 0.546484 0.353472 0.052344 0.059722
3 0.728906 0.434028 0.048438 0.054167
4 0.337881 0.315328 0.051461 0.057284
4 0.427734 0.204861 0.047656 0.045833
4 0.536323 0.730030 0.058112 0.079853
4 0.593075 0.324026 0.048225 0.057504
4 0.768617 0.595164 0.059963 0.070754
4 0.817578 0.567361 0.058594 0.070833
5 0.283828 0.310451 0.046369 0.049855
5 0.529254 0.178411 0.043054 0.043177
5 0.620878 0.661487 0.061368 0.074248
5 0.668447 0.572873 0.059686 0.076234
5 0.705859 0.184722 0.061719 0.061111
6 0.303125 0.455556 0.062500 0.063889
6 0.358527 0.694699 0.054156 0.076699
6 0.555369 0.547008 0.050200 0.064318
6 0.643943 0.443391 0.077486 0.090948
6 0.636917 0.365332 0.045266 0.060915
6 0.671830 0.281970 0.066923 0.074126
6 0.742506 0.357456 0.050871 0.065608
7 0.427734 0.490278 0.057031 0.063889
7 0.678056 0.415139 0.049421 0.064841
8 0.451530 0.628867 0.062564 0.075599
8 0.765234 0.506250 0.066406 0.081944