1 0.503125 0.454861 0.048438 0.087500
1 0.510547 0.670139 0.039844 0.076389
1 0.530910 0.514122 0.050766 0.090522
1 0.548828 0.806250 0.061719 0.118056
1 0.555469 0.628472 0.048438 0.090278
1 0.571094 0.545139 0.040625 0.073611
1 0.583594 0.737500 0.046875 0.083333
1 0.597656 0.665972 0.042188 0.081944
3 0.503125 0.454861 0.048438 0.087500
3 0.530910 0.514122 0.050766 0.090522
3 0.555469 0.628472 0.048438 0.090278
4 0.597656 0.665972 0.042188 0.081944
6 0.548828 0.806250 0.061719 0.118056
7 0.571094 0.545139 0.040625 0.073611
8 0.510547 0.670139 0.039844 0.076389
8 0.583594 0.737500 0.046875 0.083333