1 0.287935 0.261069 0.057120 0.063805
1 0.316716 0.624475 0.074057 0.104506
1 0.338220 0.426777 0.065710 0.085243
1 0.463435 0.304065 0.084683 0.102574
1 0.503076 0.766260 0.066357 0.107623
1 0.564664 0.672209 0.101514 0.163281
1 0.589011 0.309668 0.064948 0.077544
1 0.675736 0.483662 0.069641 0.093012
1 0.723839 0.552292 0.073788 0.104905
4 0.564664 0.672209 0.101514 0.163281
5 0.338220 0.426777 0.065710 0.085243
5 0.503076 0.766260 0.066357 0.107623
5 0.675736 0.483662 0.069641 0.093012
6 0.287935 0.261069 0.057120 0.063805
6 0.463435 0.304065 0.084683 0.102574
6 0.589011 0.309668 0.064948 0.077544
6 0.723839 0.552292 0.073788 0.104905
7 0.316716 0.624475 0.074057 0.104506