1 0.360547 0.079861 0.046094 0.051389
1 0.416406 0.200000 0.035937 0.047222
1 0.438672 0.095139 0.033594 0.040278
1 0.501563 0.198611 0.035937 0.047222
1 0.537500 0.129861 0.034375 0.045833
1 0.542969 0.186111 0.037500 0.047222
1 0.555469 0.232639 0.037500 0.045833
1 0.596484 0.184028 0.033594 0.043056
1 0.669531 0.189583 0.040625 0.054167
1 0.675758 0.312026 0.028543 0.037312
1 0.714063 0.089583 0.035937 0.045833
1 0.743750 0.322222 0.039062 0.055556
1 0.762109 0.184722 0.035156 0.044444
1 0.825781 0.231944 0.040625 0.050000
3 0.360547 0.079861 0.046094 0.051389
3 0.714063 0.089583 0.035937 0.045833
3 0.825781 0.231944 0.040625 0.050000
4 0.438672 0.095139 0.033594 0.040278
4 0.762109 0.184722 0.035156 0.044444
5 0.743750 0.322222 0.039062 0.055556
6 0.416406 0.200000 0.035937 0.047222
6 0.555469 0.232639 0.037500 0.045833
6 0.596484 0.184028 0.033594 0.043056
7 0.501563 0.198611 0.035937 0.047222
7 0.669531 0.189583 0.040625 0.054167
7 0.675758 0.312026 0.028543 0.037312
8 0.537500 0.129861 0.034375 0.045833
8 0.542969 0.186111 0.037500 0.047222