1 0.330310 0.459824 0.048120 0.055759
1 0.452763 0.497129 0.049277 0.063702
1 0.455859 0.320833 0.049219 0.052778
1 0.486467 0.370428 0.036997 0.046411
1 0.502600 0.515776 0.042700 0.059329
1 0.515570 0.456341 0.048328 0.057126
1 0.535675 0.692660 0.047675 0.065044
1 0.578038 0.481312 0.046646 0.055013
1 0.620542 0.618016 0.047333 0.063810
1 0.644789 0.506498 0.042703 0.060219
1 0.686560 0.488945 0.046558 0.058445
1 0.707082 0.448612 0.046976 0.061114
1 0.731235 0.521596 0.048590 0.065267
3 0.455859 0.320833 0.049219 0.052778
3 0.620542 0.618016 0.047333 0.063810
3 0.644789 0.506498 0.042703 0.060219
3 0.731235 0.521596 0.048590 0.065267
4 0.535675 0.692660 0.047675 0.065044
4 0.578038 0.481312 0.046646 0.055013
5 0.452763 0.497129 0.049277 0.063702
5 0.707082 0.448612 0.046976 0.061114
6 0.502600 0.515776 0.042700 0.059329
6 0.686560 0.488945 0.046558 0.058445
8 0.330310 0.459824 0.048120 0.055759
8 0.486467 0.370428 0.036997 0.046411
8 0.515570 0.456341 0.048328 0.057126