1 0.079083 0.382879 0.025354 0.051868
1 0.148629 0.613211 0.020900 0.038794
1 0.162500 0.522222 0.026562 0.041667
1 0.214844 0.615972 0.029687 0.054167
1 0.224887 0.706848 0.023663 0.039081
1 0.271484 0.461806 0.027344 0.048611
1 0.287109 0.606944 0.032031 0.058333
1 0.298438 0.434722 0.032813 0.055556
1 0.315912 0.728970 0.024426 0.042060
1 0.339844 0.391667 0.026562 0.044444
1 0.357626 0.543075 0.024180 0.039668
1 0.361578 0.433731 0.025877 0.041289
1 0.385937 0.595139 0.025000 0.045833
1 0.395497 0.636526 0.025711 0.046397
1 0.407336 0.489647 0.026083 0.048253
1 0.416406 0.304167 0.029687 0.052778
1 0.414062 0.659722 0.025000 0.044444
1 0.420652 0.623004 0.022914 0.037647
1 0.426172 0.702778 0.028906 0.050000
1 0.430190 0.757447 0.025652 0.040081
1 0.435692 0.471505 0.025787 0.047515
1 0.444531 0.346528 0.025000 0.040278
1 0.451378 0.525791 0.025964 0.048058
1 0.502344 0.598611 0.028125 0.052778
1 0.516406 0.436111 0.029687 0.050000
1 0.518077 0.498607 0.026347 0.050009
1 0.523828 0.636111 0.025781 0.050000
1 0.537382 0.463306 0.024816 0.039787
1 0.550781 0.650000 0.026562 0.052778
1 0.562500 0.327083 0.023438 0.043056
1 0.564844 0.593056 0.025000 0.044444
1 0.607642 0.417646 0.021127 0.037822
1 0.617578 0.627778 0.032031 0.058333
3 0.162500 0.522222 0.026562 0.041667
3 0.287109 0.606944 0.032031 0.058333
3 0.385937 0.595139 0.025000 0.045833
3 0.395497 0.636526 0.025711 0.046397
3 0.420652 0.623004 0.022914 0.037647
3 0.562500 0.327083 0.023438 0.043056
3 0.607371 0.418377 0.021296 0.037886
4 0.339844 0.391667 0.026562 0.044444
4 0.361578 0.433731 0.025877 0.041289
4 0.414062 0.659722 0.025000 0.044444
4 0.435692 0.471505 0.025787 0.047515
4 0.523828 0.636111 0.025781 0.050000
4 0.564844 0.593056 0.025000 0.044444
5 0.426172 0.702778 0.028906 0.050000
5 0.430190 0.757447 0.025652 0.040081
5 0.502344 0.598611 0.028125 0.052778
6 0.148694 0.612862 0.021383 0.041168
6 0.451378 0.525791 0.025964 0.048058
6 0.516406 0.436111 0.029687 0.050000
6 0.537382 0.463306 0.024816 0.039787
6 0.617578 0.627778 0.032031 0.058333
7 0.078940 0.382635 0.025067 0.051382
7 0.214844 0.615972 0.029687 0.054167
7 0.298438 0.434722 0.032813 0.055556
7 0.357626 0.543075 0.024180 0.039668
7 0.407336 0.489647 0.026083 0.048253
7 0.416406 0.304167 0.029687 0.052778
7 0.444531 0.346528 0.025000 0.040278
7 0.550781 0.650000 0.026562 0.052778
8 0.224594 0.707097 0.024249 0.038585
8 0.271484 0.461806 0.027344 0.048611
8 0.315794 0.729204 0.024662 0.041593
8 0.517985 0.497204 0.026529 0.052814