1 0.275000 0.176389 0.104688 0.120833
1 0.275781 0.590278 0.025781 0.044444
1 0.294531 0.558333 0.027344 0.045833
1 0.331250 0.587500 0.025000 0.047222
1 0.344531 0.326389 0.028906 0.048611
1 0.357812 0.686111 0.032031 0.056944
1 0.367188 0.620833 0.026562 0.047222
1 0.375781 0.756944 0.026562 0.051389
1 0.381250 0.581944 0.028906 0.045833
1 0.401562 0.629167 0.023438 0.041667
1 0.407031 0.776389 0.026562 0.050000
1 0.426563 0.687500 0.026562 0.048611
1 0.428125 0.547222 0.024219 0.043056
1 0.441406 0.594444 0.029687 0.054167
1 0.453125 0.783333 0.027344 0.051389
1 0.467187 0.373611 0.025000 0.045833
1 0.485938 0.804167 0.021875 0.048611
1 0.500000 0.600000 0.027344 0.054167
1 0.503906 0.444444 0.025000 0.038889
1 0.507031 0.484722 0.024219 0.044444
1 0.530469 0.531944 0.025781 0.048611
1 0.562500 0.525000 0.025781 0.048611
1 0.789062 0.155556 0.080469 0.075000
3 0.331250 0.587500 0.025000 0.047222
3 0.428125 0.547222 0.024219 0.043056
4 0.275000 0.176389 0.104688 0.120833
4 0.375781 0.756944 0.026562 0.051389
4 0.381250 0.581944 0.028906 0.045833
4 0.401562 0.629167 0.023438 0.041667
4 0.407031 0.776389 0.026562 0.050000
4 0.467187 0.373611 0.025000 0.045833
4 0.507031 0.484722 0.024219 0.044444
4 0.789062 0.155556 0.080469 0.075000
5 0.275781 0.590278 0.025781 0.044444
5 0.357812 0.686111 0.032031 0.056944
5 0.485938 0.804167 0.021875 0.048611
5 0.503906 0.444444 0.025000 0.038889
6 0.344531 0.326389 0.028906 0.048611
7 0.426563 0.687500 0.026562 0.048611
7 0.562500 0.525000 0.025781 0.048611
8 0.294531 0.558333 0.027344 0.045833
8 0.367188 0.620833 0.026562 0.047222
8 0.441406 0.594444 0.029687 0.054167
8 0.453125 0.783333 0.027344 0.051389
8 0.500000 0.600000 0.027344 0.054167
8 0.530469 0.531944 0.025781 0.048611