1 0.653516 0.738889 0.053906 0.091667
1 0.667446 0.485357 0.049387 0.087614
1 0.695703 0.836806 0.055469 0.101389
1 0.748047 0.189583 0.041406 0.070833
1 0.758984 0.369444 0.050781 0.086111
1 0.805078 0.111806 0.049219 0.081944
1 0.835161 0.797066 0.052264 0.092182
1 0.844141 0.416667 0.055469 0.088889
1 0.849219 0.718750 0.045312 0.076389
3 0.667446 0.485357 0.049387 0.087614
3 0.835026 0.799570 0.052356 0.095812
3 0.844141 0.416667 0.055469 0.088889
3 0.849219 0.718750 0.045312 0.076389
6 0.758984 0.369444 0.050781 0.086111
6 0.805078 0.111806 0.049219 0.081944
7 0.653516 0.738889 0.053906 0.091667
7 0.748047 0.189583 0.041406 0.070833
8 0.695703 0.836806 0.055469 0.101389