1 0.481305 0.689442 0.038666 0.066629
1 0.607016 0.435761 0.041956 0.072754
1 0.674089 0.330770 0.057138 0.094184
1 0.710547 0.420139 0.036719 0.073611
1 0.732422 0.583333 0.058594 0.105556
1 0.769922 0.502083 0.063281 0.112500
1 0.764054 0.203781 0.040057 0.070611
1 0.790050 0.356003 0.054208 0.091471
1 0.827734 0.445833 0.038281 0.072222
1 0.855078 0.330556 0.044531 0.077778
3 0.607016 0.435761 0.041956 0.072754
3 0.764054 0.203781 0.040057 0.070611
3 0.790050 0.356003 0.054208 0.091471
4 0.674089 0.330770 0.057138 0.094184
5 0.769922 0.502083 0.063281 0.112500
6 0.481305 0.689442 0.038666 0.066629
6 0.732422 0.583333 0.058594 0.105556
6 0.827734 0.445833 0.038281 0.072222
7 0.855078 0.330556 0.044531 0.077778
8 0.710547 0.420139 0.036719 0.073611