1 0.439844 0.177778 0.034375 0.038889
1 0.446094 0.220833 0.039062 0.045833
1 0.463281 0.273611 0.032813 0.037500
1 0.479687 0.355556 0.049219 0.062500
1 0.523438 0.168056 0.037500 0.045833
1 0.530469 0.063889 0.031250 0.037500
1 0.562500 0.051389 0.029687 0.037500
1 0.571094 0.356944 0.033594 0.059722
1 0.572656 0.327778 0.032031 0.044444
1 0.598437 0.100000 0.044531 0.047222
1 0.604688 0.073611 0.040625 0.043056
1 0.626563 0.195833 0.038281 0.044444
1 0.632812 0.234722 0.030469 0.036111
1 0.649219 0.291667 0.036719 0.047222
1 0.672656 0.254167 0.035937 0.043056
1 0.685156 0.179167 0.036719 0.045833
1 0.713281 0.216667 0.029687 0.034722
1 0.738281 0.177778 0.035156 0.041667
1 0.788281 0.200000 0.036719 0.043056
1 0.789062 0.352778 0.035156 0.051389
3 0.572656 0.327778 0.032031 0.044444
3 0.713281 0.216667 0.029687 0.034722
4 0.463281 0.273611 0.032813 0.037500
4 0.788281 0.200000 0.036719 0.043056
5 0.562500 0.051389 0.029687 0.037500
5 0.632812 0.234722 0.030469 0.036111
5 0.789062 0.352778 0.035156 0.051389
6 0.439844 0.177778 0.034375 0.038889
6 0.479687 0.355556 0.049219 0.062500
6 0.530469 0.063889 0.031250 0.037500
6 0.571094 0.356944 0.033594 0.059722
7 0.446094 0.220833 0.039062 0.045833
7 0.598437 0.100000 0.044531 0.047222
7 0.604688 0.073611 0.040625 0.043056
7 0.626563 0.195833 0.038281 0.044444
7 0.738281 0.177778 0.035156 0.041667
8 0.523438 0.168056 0.037500 0.045833
8 0.649219 0.291667 0.036719 0.047222
8 0.672656 0.254167 0.035937 0.043056
8 0.685156 0.179167 0.036719 0.045833