1 0.410938 0.555556 0.058594 0.083333
1 0.429688 0.472222 0.035156 0.052778
1 0.432812 0.334722 0.041406 0.052778
1 0.433594 0.388889 0.034375 0.047222
1 0.468750 0.280556 0.041406 0.054167
1 0.471875 0.380556 0.041406 0.058333
1 0.492969 0.327778 0.034375 0.045833
1 0.506250 0.266667 0.034375 0.047222
1 0.550781 0.643056 0.061719 0.094444
1 0.554688 0.258333 0.039062 0.047222
1 0.578906 0.318056 0.047656 0.066667
1 0.597656 0.454167 0.040625 0.059722
1 0.601562 0.250000 0.035937 0.048611
1 0.631250 0.479167 0.037500 0.056944
1 0.670312 0.245833 0.041406 0.050000
1 0.711719 0.351389 0.052344 0.072222
1 0.803906 0.287500 0.035937 0.051389
3 0.429688 0.472222 0.035156 0.052778
3 0.432812 0.334722 0.041406 0.052778
3 0.554688 0.258333 0.039062 0.047222
3 0.601562 0.250000 0.035937 0.048611
4 0.468750 0.280556 0.041406 0.054167
4 0.550781 0.643056 0.061719 0.094444
4 0.631250 0.479167 0.037500 0.056944
5 0.492969 0.327778 0.034375 0.045833
5 0.506250 0.266667 0.034375 0.047222
5 0.803906 0.287500 0.035937 0.051389
6 0.410938 0.555556 0.058594 0.083333
6 0.433594 0.388889 0.034375 0.047222
6 0.597656 0.454167 0.040625 0.059722
6 0.670312 0.245833 0.041406 0.050000
7 0.578906 0.318056 0.047656 0.066667
7 0.711719 0.351389 0.052344 0.072222
8 0.471875 0.380556 0.041406 0.058333