1 0.385937 0.238194 0.046875 0.059722
1 0.417969 0.196528 0.031250 0.037500
1 0.430469 0.397222 0.037500 0.052778
1 0.439453 0.445833 0.033594 0.041667
1 0.466016 0.250000 0.041406 0.052778
1 0.483203 0.102778 0.038281 0.044444
1 0.487891 0.401389 0.044531 0.061111
1 0.508203 0.149306 0.042969 0.051389
1 0.531641 0.394444 0.038281 0.047222
1 0.543750 0.300694 0.037500 0.045833
1 0.543750 0.300694 0.037500 0.045833
1 0.559766 0.225694 0.035156 0.037500
1 0.565625 0.175694 0.035937 0.040278
1 0.595703 0.354167 0.036719 0.044444
1 0.596484 0.272222 0.032031 0.038889
1 0.634573 0.399071 0.037896 0.045365
1 0.653906 0.321528 0.032813 0.048611
1 0.685937 0.293750 0.035937 0.045833
1 0.696094 0.234028 0.039062 0.065278
1 0.731432 0.327742 0.031040 0.039083
1 0.788531 0.183333 0.033876 0.044445
3 0.595703 0.354167 0.036719 0.044444
4 0.543750 0.300694 0.037500 0.045833
4 0.543750 0.300694 0.037500 0.045833
4 0.559766 0.225694 0.035156 0.037500
4 0.596484 0.272222 0.032031 0.038889
4 0.634680 0.399713 0.038109 0.046648
5 0.531641 0.394444 0.038281 0.047222
5 0.788731 0.183271 0.033475 0.044570
6 0.417969 0.196528 0.031250 0.037500
6 0.487891 0.401389 0.044531 0.061111
7 0.385937 0.238194 0.046875 0.059722
7 0.483203 0.102778 0.038281 0.044444
7 0.508203 0.149306 0.042969 0.051389
7 0.685937 0.293750 0.035937 0.045833
8 0.430469 0.397222 0.037500 0.052778
8 0.439453 0.445833 0.033594 0.041667
8 0.466016 0.250000 0.041406 0.052778
8 0.565625 0.175694 0.035937 0.040278
8 0.653906 0.321528 0.032813 0.048611
8 0.696094 0.234028 0.039062 0.065278
8 0.731432 0.327742 0.031040 0.039083