1 0.254864 0.719666 0.062852 0.053220
1 0.297470 0.577957 0.054316 0.050358
1 0.308562 0.672562 0.059311 0.053457
1 0.368359 0.609028 0.060156 0.045833
1 0.461543 0.670853 0.063711 0.058372
1 0.481250 0.497222 0.051562 0.036111
1 0.543204 0.500234 0.051092 0.055088
1 0.585547 0.454861 0.047656 0.051389
1 0.673595 0.583260 0.063729 0.052263
1 0.695905 0.488583 0.049991 0.053756
1 0.710411 0.551748 0.050442 0.052693
1 0.725842 0.443531 0.050122 0.042617
1 0.749376 0.493755 0.053440 0.048621
1 0.754555 0.615440 0.055986 0.047546
1 0.774219 0.674306 0.065625 0.054167
1 0.799572 0.529850 0.053832 0.054144
1 0.841016 0.602083 0.063281 0.045833
3 0.368359 0.609028 0.060156 0.045833
3 0.543204 0.500234 0.051092 0.055088
3 0.841016 0.602083 0.063281 0.045833
4 0.254864 0.719666 0.062852 0.053220
4 0.799572 0.529850 0.053832 0.054144
5 0.308562 0.672562 0.059311 0.053457
5 0.754555 0.615440 0.055986 0.047546
6 0.695905 0.488583 0.049991 0.053756
6 0.725842 0.443531 0.050122 0.042617
7 0.297470 0.577957 0.054316 0.050358
7 0.461543 0.670853 0.063711 0.058372
7 0.481250 0.497222 0.051562 0.036111
7 0.673595 0.583260 0.063729 0.052263
7 0.710411 0.551748 0.050442 0.052693
7 0.774219 0.674306 0.065625 0.054167
8 0.585547 0.454861 0.047656 0.051389
8 0.749376 0.493755 0.053440 0.048621