1 0.272656 0.462500 0.051562 0.047222
1 0.271595 0.544073 0.046315 0.054812
1 0.338672 0.353472 0.061719 0.059722
1 0.353650 0.501254 0.054176 0.063619
1 0.370742 0.647501 0.055547 0.070002
1 0.396907 0.321763 0.038082 0.039626
1 0.406641 0.370833 0.050781 0.055556
1 0.425217 0.571284 0.050545 0.062740
1 0.450320 0.339458 0.036860 0.037750
1 0.455156 0.503372 0.043057 0.057237
1 0.498192 0.287917 0.041296 0.045773
1 0.526383 0.686559 0.052998 0.067710
1 0.522817 0.336221 0.040304 0.044224
1 0.538330 0.517081 0.046973 0.050829
1 0.539062 0.431944 0.037500 0.038889
1 0.580264 0.387758 0.044849 0.044658
1 0.617790 0.478342 0.041831 0.042795
1 0.623437 0.422917 0.043750 0.045833
3 0.272656 0.462500 0.051562 0.047222
3 0.396907 0.321763 0.038082 0.039626
3 0.406641 0.370833 0.050781 0.055556
3 0.455156 0.503372 0.043057 0.057237
3 0.539062 0.431944 0.037500 0.038889
4 0.271797 0.543856 0.046799 0.054972
5 0.338672 0.353472 0.061719 0.059722
5 0.450405 0.339436 0.036690 0.037794
5 0.538330 0.517081 0.046973 0.050829
6 0.617790 0.478342 0.041831 0.042795
7 0.424830 0.570789 0.050322 0.061763
7 0.498192 0.287917 0.041296 0.045773
7 0.526190 0.687330 0.053386 0.066168
8 0.353650 0.501254 0.054176 0.063619
8 0.370742 0.647501 0.055547 0.070002
8 0.522817 0.336221 0.040304 0.044224
8 0.579936 0.387582 0.045505 0.045010
8 0.623437 0.422917 0.043750 0.045833