1 0.501172 0.553472 0.030469 0.054167
1 0.516797 0.461806 0.035156 0.065278
1 0.540625 0.642361 0.035937 0.065278
1 0.542188 0.422222 0.031250 0.047222
1 0.551172 0.469444 0.028906 0.050000
1 0.580469 0.483333 0.034375 0.061111
1 0.610156 0.527778 0.034375 0.061111
1 0.625391 0.574306 0.032031 0.045833
1 0.635547 0.624306 0.035156 0.056944
1 0.635487 0.486956 0.030588 0.059422
1 0.665234 0.486806 0.032031 0.054167
1 0.667268 0.597756 0.034214 0.062822
1 0.682422 0.661806 0.033594 0.056944
1 0.707812 0.518056 0.035937 0.055556
1 0.737578 0.449946 0.031094 0.050107
1 0.739453 0.506944 0.032031 0.055556
1 0.758594 0.554861 0.037500 0.065278
4 0.542188 0.422222 0.031250 0.047222
4 0.610156 0.527778 0.034375 0.061111
4 0.625391 0.574306 0.032031 0.045833
4 0.682422 0.661806 0.033594 0.056944
4 0.737909 0.449661 0.030432 0.050678
5 0.551172 0.469444 0.028906 0.050000
5 0.739453 0.506944 0.032031 0.055556
6 0.540625 0.642361 0.035937 0.065278
6 0.580469 0.483333 0.034375 0.061111
7 0.501172 0.553472 0.030469 0.054167
7 0.635547 0.624306 0.035156 0.056944
7 0.635268 0.487000 0.031027 0.059333
7 0.665234 0.486806 0.032031 0.054167
7 0.667149 0.597791 0.034451 0.062752
8 0.516797 0.461806 0.035156 0.065278
8 0.707812 0.518056 0.035937 0.055556
8 0.758594 0.554861 0.037500 0.065278