1 0.387500 0.297222 0.034375 0.048611
1 0.410156 0.172222 0.038281 0.048611
1 0.421875 0.231944 0.039062 0.048611
1 0.482812 0.190278 0.031250 0.034722
1 0.510938 0.379167 0.048438 0.062500
1 0.526563 0.250000 0.034375 0.038889
1 0.560937 0.243056 0.032031 0.043056
1 0.569531 0.306944 0.038281 0.047222
1 0.577344 0.202778 0.039844 0.050000
1 0.629687 0.593056 0.042969 0.063889
1 0.641406 0.297222 0.033594 0.047222
1 0.676562 0.341667 0.035937 0.050000
1 0.689063 0.286111 0.038281 0.050000
1 0.718750 0.195833 0.032813 0.038889
1 0.757812 0.241667 0.038281 0.045833
1 0.796875 0.265278 0.040625 0.068056
1 0.820312 0.373611 0.042188 0.066667
3 0.510938 0.379167 0.048438 0.062500
3 0.718750 0.195833 0.032813 0.038889
4 0.526563 0.250000 0.034375 0.038889
4 0.641406 0.297222 0.033594 0.047222
4 0.796875 0.265278 0.040625 0.068056
5 0.421875 0.231944 0.039062 0.048611
6 0.410156 0.172222 0.038281 0.048611
6 0.560937 0.243056 0.032031 0.043056
6 0.676562 0.341667 0.035937 0.050000
6 0.820312 0.373611 0.042188 0.066667
7 0.629687 0.593056 0.042969 0.063889
7 0.757812 0.241667 0.038281 0.045833
8 0.387500 0.297222 0.034375 0.048611
8 0.482812 0.190278 0.031250 0.034722
8 0.569531 0.306944 0.038281 0.047222
8 0.577344 0.202778 0.039844 0.050000
8 0.689063 0.286111 0.038281 0.050000