1 0.314063 0.159722 0.035937 0.045833
1 0.335938 0.193056 0.039062 0.047222
1 0.394531 0.152778 0.038281 0.041667
1 0.413281 0.283333 0.035156 0.044444
1 0.516406 0.147222 0.039844 0.047222
1 0.517188 0.270833 0.028125 0.041667
1 0.517969 0.236111 0.028125 0.037500
1 0.609375 0.118056 0.032813 0.038889
1 0.669531 0.191667 0.042969 0.055556
1 0.671875 0.087500 0.046094 0.061111
1 0.689844 0.327778 0.036719 0.052778
1 0.705469 0.233333 0.037500 0.047222
1 0.736719 0.202778 0.034375 0.043056
1 0.767188 0.247222 0.035156 0.038889
1 0.790625 0.204167 0.036719 0.048611
1 0.844531 0.175000 0.039062 0.045833
3 0.394531 0.152778 0.038281 0.041667
3 0.413281 0.283333 0.035156 0.044444
3 0.517969 0.236111 0.028125 0.037500
3 0.705469 0.233333 0.037500 0.047222
4 0.516406 0.147222 0.039844 0.047222
5 0.335938 0.193056 0.039062 0.047222
5 0.736719 0.202778 0.034375 0.043056
5 0.790625 0.204167 0.036719 0.048611
5 0.844531 0.175000 0.039062 0.045833
6 0.669531 0.191667 0.042969 0.055556
6 0.671875 0.087500 0.046094 0.061111
6 0.689844 0.327778 0.036719 0.052778
7 0.517188 0.270833 0.028125 0.041667
7 0.609375 0.118056 0.032813 0.038889
7 0.767188 0.247222 0.035156 0.038889
8 0.314063 0.159722 0.035937 0.045833