1 0.116406 0.421528 0.029687 0.054167
1 0.219531 0.618056 0.025000 0.044444
1 0.276953 0.306944 0.086719 0.119444
1 0.269531 0.581250 0.025000 0.043056
1 0.270703 0.713889 0.024219 0.047222
1 0.301953 0.637500 0.025781 0.044444
1 0.305469 0.773611 0.029687 0.052778
1 0.319531 0.492361 0.025000 0.048611
1 0.342578 0.398611 0.024219 0.044444
1 0.348047 0.829167 0.024219 0.052778
1 0.375391 0.814583 0.024219 0.048611
1 0.381250 0.667361 0.025000 0.043056
1 0.381641 0.718056 0.022656 0.041667
1 0.401953 0.584028 0.024219 0.043056
1 0.406641 0.713889 0.025781 0.047222
1 0.412500 0.336111 0.028125 0.047222
1 0.419531 0.386111 0.025000 0.044444
1 0.419141 0.456250 0.022656 0.045833
1 0.423047 0.614583 0.024219 0.043056
1 0.426563 0.685417 0.025000 0.045833
1 0.448047 0.628472 0.027344 0.048611
1 0.447266 0.705556 0.025781 0.044444
1 0.449609 0.752083 0.025781 0.043056
1 0.455469 0.546528 0.023438 0.043056
1 0.472266 0.622917 0.024219 0.048611
1 0.487891 0.571528 0.027344 0.048611
1 0.488672 0.700000 0.027344 0.050000
1 0.500781 0.747917 0.025000 0.048611
1 0.514844 0.554861 0.025000 0.045833
1 0.549219 0.671528 0.026562 0.048611
1 0.574219 0.695139 0.029687 0.054167
1 0.644922 0.672222 0.074219 0.116667
3 0.276953 0.306944 0.086719 0.119444
3 0.305469 0.773611 0.029687 0.052778
3 0.375391 0.814583 0.024219 0.048611
3 0.412500 0.336111 0.028125 0.047222
3 0.447266 0.705556 0.025781 0.044444
3 0.549219 0.671528 0.026562 0.048611
3 0.574219 0.695139 0.029687 0.054167
3 0.644922 0.672222 0.074219 0.116667
4 0.116406 0.421528 0.029687 0.054167
4 0.419141 0.456250 0.022656 0.045833
4 0.449609 0.752083 0.025781 0.043056
4 0.488672 0.700000 0.027344 0.050000
5 0.219531 0.618056 0.025000 0.044444
5 0.342578 0.398611 0.024219 0.044444
5 0.426563 0.685417 0.025000 0.045833
6 0.269531 0.581250 0.025000 0.043056
6 0.270703 0.713889 0.024219 0.047222
6 0.319531 0.492361 0.025000 0.048611
6 0.381250 0.667361 0.025000 0.043056
6 0.406641 0.713889 0.025781 0.047222
6 0.423047 0.614583 0.024219 0.043056
6 0.487891 0.571528 0.027344 0.048611
6 0.514844 0.554861 0.025000 0.045833
7 0.301953 0.637500 0.025781 0.044444
7 0.348047 0.829167 0.024219 0.052778
7 0.381641 0.718056 0.022656 0.041667
7 0.419531 0.386111 0.025000 0.044444
7 0.455469 0.546528 0.023438 0.043056
8 0.401953 0.584028 0.024219 0.043056
8 0.448047 0.628472 0.027344 0.048611
8 0.472266 0.622917 0.024219 0.048611
8 0.500781 0.747917 0.025000 0.048611