1 0.586940 0.729923 0.035496 0.067931
1 0.621094 0.735417 0.031250 0.065278
1 0.707888 0.515864 0.031815 0.055452
1 0.715234 0.259722 0.041406 0.072222
1 0.721094 0.358333 0.042188 0.069444
1 0.734844 0.450594 0.036563 0.068256
1 0.746484 0.520833 0.039844 0.069444
1 0.762500 0.392361 0.042188 0.065278
1 0.781250 0.459028 0.042188 0.065278
1 0.801628 0.345774 0.036380 0.067649
1 0.806250 0.415278 0.043750 0.069444
1 0.836545 0.189400 0.032260 0.053063
1 0.850000 0.398611 0.042188 0.069444
1 0.884438 0.502426 0.037374 0.059036
1 0.950936 0.266645 0.034066 0.055598
3 0.715234 0.259722 0.041406 0.072222
3 0.836389 0.190140 0.030850 0.052532
4 0.762500 0.392361 0.042188 0.065278
4 0.884568 0.502468 0.037114 0.058953
5 0.621094 0.735417 0.031250 0.065278
5 0.721094 0.358333 0.042188 0.069444
5 0.746484 0.520833 0.039844 0.069444
5 0.850000 0.398611 0.042188 0.069444
6 0.587052 0.730070 0.035271 0.067637
6 0.781250 0.459028 0.042188 0.065278
6 0.801628 0.345774 0.036380 0.067649
6 0.806250 0.415278 0.043750 0.069444
6 0.950805 0.265798 0.034327 0.057294
7 0.734838 0.450901 0.036573 0.067642
8 0.707888 0.515864 0.031815 0.055452