0 0.270703 0.720139 0.094531 0.195833
0 0.282813 0.598611 0.084375 0.144444
0 0.357031 0.551389 0.087500 0.175000
0 0.401953 0.405556 0.099219 0.183333
0 0.439453 0.550000 0.078906 0.166667
0 0.471484 0.641667 0.074219 0.158333
0 0.535547 0.752778 0.105469 0.200000
0 0.530469 0.317361 0.062500 0.143056
0 0.586719 0.493750 0.079687 0.168056
0 0.605859 0.312500 0.082031 0.177778
0 0.623047 0.612500 0.096094 0.155556
0 0.635938 0.756250 0.089063 0.190278
1 0.269531 0.681944 0.087500 0.122222
1 0.283934 0.575829 0.088180 0.096103
1 0.353906 0.503472 0.079687 0.076389
1 0.401953 0.367361 0.099219 0.106944
1 0.438281 0.509028 0.073438 0.084722
1 0.473828 0.600694 0.066406 0.076389
1 0.538672 0.715278 0.096094 0.125000
1 0.531250 0.275000 0.059375 0.058333
1 0.589063 0.458333 0.078125 0.097222
1 0.607812 0.263194 0.076563 0.079167
1 0.625391 0.588889 0.088281 0.105556
1 0.637891 0.714583 0.082031 0.106944
2 0.266976 0.771114 0.085299 0.084166
2 0.312561 0.733102 0.010667 0.135747
2 0.319354 0.617313 0.008982 0.100200
2 0.325567 0.568897 0.017700 0.118291
2 0.369407 0.586326 0.062635 0.104328
2 0.363265 0.405536 0.023307 0.120879
2 0.414667 0.439838 0.075286 0.091336
2 0.411371 0.571676 0.022575 0.113452
2 0.449367 0.580653 0.050032 0.083576
2 0.464537 0.673458 0.058515 0.089768
2 0.510776 0.785282 0.053575 0.124365
2 0.501393 0.640987 0.010997 0.088199
2 0.530292 0.344636 0.062231 0.082051
2 0.565135 0.786124 0.044706 0.128863
2 0.582686 0.528621 0.069518 0.087850
2 0.605028 0.347935 0.074471 0.103371
2 0.589039 0.627674 0.025140 0.110930
2 0.594784 0.761158 0.010590 0.135964
2 0.637996 0.806892 0.080160 0.085053
2 0.637241 0.648751 0.064868 0.044620
2 0.622803 0.493410 0.009772 0.089496
3 0.281123 0.575520 0.082558 0.095485
3 0.531250 0.275000 0.059375 0.058333
3 0.589063 0.458333 0.078125 0.097222
5 0.269531 0.681944 0.087500 0.122222
5 0.353906 0.503472 0.079687 0.076389
5 0.438281 0.509028 0.073438 0.084722
5 0.625391 0.588889 0.088281 0.105556
5 0.637891 0.714583 0.082031 0.106944
6 0.538672 0.715278 0.096094 0.125000
6 0.607812 0.263194 0.076563 0.079167
8 0.401953 0.367361 0.099219 0.106944
8 0.473828 0.600694 0.066406 0.076389