1 0.396094 0.302083 0.043750 0.054167
1 0.434375 0.243750 0.032813 0.043056
1 0.449219 0.361111 0.035937 0.044444
1 0.471875 0.143056 0.040625 0.047222
1 0.469922 0.267361 0.032031 0.043056
1 0.475000 0.321528 0.035937 0.045833
1 0.503516 0.109722 0.036719 0.044444
1 0.589844 0.318750 0.042188 0.051389
1 0.636328 0.293056 0.044531 0.061111
1 0.635938 0.427778 0.042188 0.058333
1 0.672266 0.673611 0.042969 0.066667
1 0.713672 0.375694 0.039844 0.054167
1 0.720703 0.302083 0.039844 0.054167
1 0.726953 0.177778 0.036719 0.044444
1 0.765234 0.395833 0.049219 0.063889
1 0.807422 0.506250 0.044531 0.062500
1 0.837109 0.384722 0.047656 0.058333
3 0.396094 0.302083 0.043750 0.054167
3 0.469922 0.267361 0.032031 0.043056
3 0.503516 0.109722 0.036719 0.044444
4 0.449219 0.361111 0.035937 0.044444
4 0.475000 0.321528 0.035937 0.045833
4 0.720703 0.302083 0.039844 0.054167
5 0.434375 0.243750 0.032813 0.043056
5 0.635938 0.427778 0.042188 0.058333
5 0.726953 0.177778 0.036719 0.044444
5 0.837109 0.384722 0.047656 0.058333
6 0.636328 0.293056 0.044531 0.061111
6 0.765234 0.395833 0.049219 0.063889
6 0.807422 0.506250 0.044531 0.062500
7 0.589844 0.318750 0.042188 0.051389
7 0.672266 0.673611 0.042969 0.066667
8 0.471875 0.143056 0.040625 0.047222
8 0.713672 0.375694 0.039844 0.054167