1 0.162388 0.323598 0.045088 0.049974
1 0.188548 0.243076 0.061470 0.058375
1 0.213837 0.424863 0.052675 0.066393
1 0.262350 0.359286 0.043450 0.054684
1 0.305469 0.480556 0.065625 0.075000
1 0.299607 0.407853 0.049214 0.060150
1 0.363281 0.436806 0.046875 0.051389
1 0.385156 0.356944 0.051562 0.052778
1 0.391320 0.265737 0.040962 0.040136
3 0.391320 0.265737 0.040962 0.040136
4 0.305469 0.480556 0.065625 0.075000
5 0.162113 0.323549 0.044538 0.049875
5 0.188392 0.242785 0.061159 0.057792
5 0.213414 0.423619 0.051827 0.063904
5 0.262641 0.359286 0.044031 0.054684
6 0.385156 0.356944 0.051562 0.052778
7 0.299380 0.407933 0.048760 0.060311
8 0.363281 0.436806 0.046875 0.051389