1 0.173828 0.304167 0.078906 0.083333
1 0.191016 0.620833 0.061719 0.075000
1 0.270313 0.699306 0.068750 0.087500
1 0.276953 0.475694 0.050781 0.070833
1 0.328311 0.388501 0.061310 0.065891
1 0.372266 0.445833 0.080469 0.100000
1 0.442905 0.439508 0.062372 0.073461
1 0.476953 0.514583 0.053906 0.059722
1 0.494377 0.425929 0.051872 0.059254
1 0.542578 0.559722 0.063281 0.077778
1 0.633951 0.750481 0.079185 0.089008
1 0.715234 0.458333 0.058594 0.066667
3 0.633951 0.750481 0.079185 0.089008
5 0.270313 0.699306 0.068750 0.087500
5 0.372266 0.445833 0.080469 0.100000
5 0.442905 0.439508 0.062372 0.073461
6 0.542578 0.559722 0.063281 0.077778
7 0.191016 0.620833 0.061719 0.075000
7 0.715234 0.458333 0.058594 0.066667
8 0.173828 0.304167 0.078906 0.083333
8 0.276953 0.475694 0.050781 0.070833
8 0.328311 0.388501 0.061310 0.065891
8 0.476953 0.514583 0.053906 0.059722
8 0.494377 0.425929 0.051872 0.059254