1 0.158682 0.492621 0.056708 0.071480
1 0.180469 0.669444 0.071875 0.086111
1 0.284860 0.532119 0.069649 0.086965
1 0.294592 0.650816 0.061854 0.087777
1 0.310547 0.371528 0.078906 0.090278
1 0.321875 0.470833 0.064062 0.075000
1 0.328234 0.574737 0.054908 0.077800
1 0.366016 0.513889 0.064844 0.075000
1 0.404687 0.579861 0.076563 0.090278
1 0.398828 0.443750 0.057031 0.068056
1 0.441406 0.506944 0.065625 0.069444
1 0.485384 0.604918 0.081439 0.124994
1 0.481250 0.450000 0.051562 0.061111
1 0.554688 0.493056 0.054688 0.069444
1 0.553516 0.615972 0.050781 0.068056
1 0.585971 0.410025 0.048944 0.057138
1 0.618359 0.510417 0.057031 0.070833
1 0.661719 0.318056 0.054688 0.058333
1 0.682813 0.538889 0.057813 0.066667
1 0.744141 0.530556 0.077344 0.088889
3 0.321875 0.470833 0.064062 0.075000
3 0.553516 0.615972 0.050781 0.068056
3 0.744141 0.530556 0.077344 0.088889
4 0.158791 0.492768 0.056925 0.068084
4 0.180469 0.669444 0.071875 0.086111
4 0.554688 0.493056 0.054688 0.069444
4 0.661719 0.318056 0.054688 0.058333
4 0.682813 0.538889 0.057813 0.066667
5 0.328413 0.576387 0.054730 0.075339
5 0.404687 0.579861 0.076563 0.090278
5 0.585971 0.410025 0.048944 0.057138
6 0.398828 0.443750 0.057031 0.068056
6 0.485384 0.604918 0.081439 0.124994
6 0.618359 0.510417 0.057031 0.070833
7 0.294261 0.650161 0.062040 0.086622
7 0.310547 0.371528 0.078906 0.090278
7 0.366016 0.513889 0.064844 0.075000
8 0.284860 0.532119 0.069649 0.086965
8 0.441406 0.506944 0.065625 0.069444
8 0.481250 0.450000 0.051562 0.061111