1 0.228178 0.481729 0.068856 0.063459
1 0.285794 0.503282 0.070025 0.064897
1 0.349609 0.466667 0.064844 0.058333
1 0.389844 0.375694 0.060937 0.045833
1 0.414453 0.422222 0.052344 0.050000
1 0.465738 0.189040 0.050225 0.033636
1 0.496484 0.467361 0.061719 0.056944
1 0.556500 0.360959 0.058312 0.046917
1 0.560547 0.503472 0.061719 0.056944
1 0.563993 0.426673 0.065487 0.053346
1 0.637500 0.559722 0.076563 0.069444
1 0.637552 0.386498 0.068853 0.053552
1 0.655183 0.462515 0.060349 0.051975
1 0.704297 0.536806 0.072656 0.065278
1 0.721484 0.365972 0.063281 0.048611
1 0.721962 0.172870 0.054861 0.040184
1 0.731250 0.432639 0.070312 0.062500
1 0.797343 0.364352 0.058439 0.051851
1 0.814453 0.551389 0.069531 0.063889
1 0.842969 0.483333 0.070312 0.061111
3 0.285794 0.503282 0.070025 0.064897
3 0.704297 0.536806 0.072656 0.065278
4 0.465738 0.189040 0.050225 0.033636
4 0.563993 0.426673 0.065487 0.053346
4 0.842969 0.483333 0.070312 0.061111
5 0.228178 0.481729 0.068856 0.063459
5 0.496484 0.467361 0.061719 0.056944
5 0.556500 0.360959 0.058312 0.046917
5 0.560547 0.503472 0.061719 0.056944
5 0.637500 0.559722 0.076563 0.069444
5 0.637552 0.386498 0.068853 0.053552
5 0.655183 0.462515 0.060349 0.051975
5 0.797664 0.364035 0.057798 0.052486
6 0.389844 0.375694 0.060937 0.045833
6 0.721962 0.172870 0.054861 0.040184
6 0.731250 0.432639 0.070312 0.062500
7 0.414453 0.422222 0.052344 0.050000
7 0.721484 0.365972 0.063281 0.048611
7 0.814453 0.551389 0.069531 0.063889
8 0.349609 0.466667 0.064844 0.058333