1 0.450781 0.365972 0.043750 0.048611
1 0.477344 0.431944 0.039062 0.050000
1 0.480078 0.264583 0.039844 0.040278
1 0.512109 0.209722 0.036719 0.041667
1 0.528125 0.460417 0.040625 0.051389
1 0.535547 0.363889 0.039844 0.047222
1 0.570312 0.526389 0.040625 0.050000
1 0.570703 0.179861 0.035156 0.037500
1 0.582812 0.394444 0.040625 0.044444
1 0.583984 0.229861 0.036719 0.040278
1 0.628125 0.398611 0.039062 0.044444
1 0.644531 0.450694 0.042188 0.045833
1 0.665625 0.503472 0.037500 0.048611
1 0.678125 0.688194 0.051562 0.068056
1 0.706250 0.571528 0.043750 0.056944
1 0.772656 0.511111 0.042188 0.050000
1 0.784766 0.446528 0.041406 0.051389
1 0.815625 0.404861 0.039062 0.045833
3 0.570703 0.179861 0.035156 0.037500
3 0.583984 0.229861 0.036719 0.040278
3 0.628125 0.398611 0.039062 0.044444
3 0.644531 0.450694 0.042188 0.045833
4 0.477344 0.431944 0.039062 0.050000
4 0.570312 0.526389 0.040625 0.050000
4 0.582812 0.394444 0.040625 0.044444
5 0.706250 0.571528 0.043750 0.056944
7 0.528125 0.460417 0.040625 0.051389
7 0.678125 0.688194 0.051562 0.068056
7 0.772656 0.511111 0.042188 0.050000
8 0.450781 0.365972 0.043750 0.048611
8 0.480078 0.264583 0.039844 0.040278
8 0.512109 0.209722 0.036719 0.041667
8 0.535547 0.363889 0.039844 0.047222
8 0.665625 0.503472 0.037500 0.048611
8 0.784766 0.446528 0.041406 0.051389
8 0.815625 0.404861 0.039062 0.045833