0 0.353125 0.552083 0.089063 0.165278
0 0.358594 0.401389 0.067187 0.141667
0 0.414062 0.453472 0.071875 0.145833
0 0.423047 0.352778 0.060156 0.111111
0 0.483594 0.378472 0.060937 0.140278
0 0.516797 0.681250 0.083594 0.179167
0 0.537891 0.520139 0.086719 0.165278
0 0.598828 0.738889 0.080469 0.186111
0 0.610938 0.568750 0.075000 0.162500
0 0.617188 0.418750 0.075000 0.143056
1 0.353516 0.507639 0.075781 0.076389
1 0.359375 0.356944 0.062500 0.052778
1 0.416797 0.408333 0.063281 0.055556
1 0.423047 0.327778 0.058594 0.058333
1 0.483984 0.334722 0.058594 0.052778
1 0.519531 0.637500 0.075000 0.091667
1 0.541406 0.475000 0.073438 0.075000
1 0.599219 0.689583 0.076563 0.087500
1 0.614844 0.522917 0.065625 0.070833
1 0.619531 0.378472 0.065625 0.062500
2 0.338411 0.586620 0.060864 0.089481
2 0.356940 0.424166 0.058958 0.087256
2 0.382628 0.569152 0.027553 0.128297
2 0.408587 0.481422 0.049244 0.094088
2 0.440996 0.467913 0.015550 0.113561
2 0.482505 0.402148 0.055558 0.085462
2 0.510741 0.719649 0.069789 0.098186
2 0.515820 0.537775 0.039109 0.117801
2 0.556691 0.540527 0.046793 0.118448
2 0.598843 0.776534 0.076545 0.097781
2 0.610482 0.597738 0.068399 0.091642
2 0.609582 0.444989 0.056054 0.085975
2 0.645832 0.435941 0.016179 0.101233
3 0.416797 0.408333 0.063281 0.055556
3 0.599219 0.689583 0.076563 0.087500
5 0.423047 0.327778 0.058594 0.058333
5 0.541406 0.475000 0.073438 0.075000
6 0.483984 0.334722 0.058594 0.052778
7 0.353516 0.507639 0.075781 0.076389
7 0.519531 0.637500 0.075000 0.091667
7 0.619531 0.378472 0.065625 0.062500
8 0.359375 0.356944 0.062500 0.052778
8 0.614844 0.522917 0.065625 0.070833