0 0.305078 0.836806 0.110156 0.240278
0 0.446484 0.850000 0.088281 0.191667
0 0.487891 0.440278 0.064844 0.147222
0 0.577734 0.570833 0.085156 0.161111
0 0.662109 0.488194 0.083594 0.151389
0 0.687891 0.830556 0.099219 0.200000
0 0.704297 0.606944 0.088281 0.172222
1 0.305469 0.779167 0.106250 0.125000
1 0.444922 0.804167 0.083594 0.100000
1 0.489844 0.397222 0.060937 0.058333
1 0.577344 0.527778 0.076563 0.075000
1 0.664833 0.455077 0.073416 0.085155
1 0.695803 0.787854 0.085827 0.123025
1 0.710156 0.563194 0.073438 0.081944
2 0.303422 0.894970 0.103316 0.119219
2 0.418754 0.874284 0.031410 0.145007
2 0.462180 0.888708 0.055361 0.108851
2 0.487708 0.469079 0.064278 0.089730
2 0.545908 0.581939 0.020506 0.135386
2 0.588744 0.603674 0.061526 0.092571
2 0.643706 0.505199 0.044325 0.107676
2 0.675432 0.861974 0.071439 0.133116
2 0.689808 0.634069 0.061078 0.111931
2 0.684659 0.506443 0.035656 0.113513
2 0.723992 0.861376 0.023373 0.135848
2 0.735449 0.628862 0.022986 0.124418
3 0.444922 0.804167 0.083594 0.100000
3 0.710156 0.563194 0.073438 0.081944
4 0.695803 0.787854 0.085827 0.123025
5 0.489844 0.397222 0.060937 0.058333
5 0.577344 0.527778 0.076563 0.075000
7 0.305469 0.779167 0.106250 0.125000
8 0.664833 0.455077 0.073416 0.085155