1 0.501172 0.402778 0.046094 0.086111
1 0.633203 0.323611 0.053906 0.102778
1 0.653125 0.664583 0.042188 0.076389
1 0.688281 0.275000 0.054688 0.094444
1 0.716016 0.689583 0.049219 0.087500
1 0.750391 0.228472 0.046094 0.087500
1 0.780469 0.638194 0.057813 0.095833
1 0.842040 0.263053 0.052914 0.088167
1 0.845896 0.464949 0.039458 0.070102
3 0.846232 0.464862 0.038786 0.070276
4 0.780469 0.638194 0.057813 0.095833
5 0.653125 0.664583 0.042188 0.076389
5 0.716016 0.689583 0.049219 0.087500
5 0.842040 0.263053 0.052914 0.088167
6 0.633203 0.323611 0.053906 0.102778
6 0.750391 0.228472 0.046094 0.087500
7 0.501172 0.402778 0.046094 0.086111
7 0.688281 0.275000 0.054688 0.094444