1 0.191797 0.725694 0.028906 0.048611
1 0.196484 0.629861 0.027344 0.048611
1 0.198828 0.783333 0.028906 0.050000
1 0.213672 0.671528 0.027344 0.048611
1 0.221621 0.616369 0.031601 0.055161
1 0.236719 0.664583 0.026562 0.051389
1 0.274609 0.633333 0.027344 0.047222
1 0.286328 0.696528 0.028906 0.051389
1 0.289398 0.855149 0.025832 0.053210
1 0.289844 0.527083 0.026562 0.045833
1 0.292578 0.595139 0.025781 0.045833
1 0.301563 0.639583 0.023438 0.043056
1 0.305545 0.762371 0.027973 0.044702
1 0.307031 0.831944 0.029687 0.050000
1 0.335547 0.809722 0.024219 0.041667
1 0.339062 0.629167 0.023438 0.047222
1 0.340234 0.848611 0.022656 0.041667
1 0.347092 0.726772 0.026128 0.043679
1 0.347266 0.391667 0.022656 0.041667
1 0.356250 0.567361 0.023438 0.043056
1 0.360547 0.784722 0.025781 0.041667
1 0.365234 0.825000 0.024219 0.041667
1 0.380291 0.787805 0.019800 0.037344
1 0.391406 0.741667 0.031250 0.058333
1 0.394531 0.830556 0.028125 0.047222
1 0.427734 0.628472 0.021094 0.043056
1 0.446094 0.510417 0.026562 0.048611
1 0.460156 0.737500 0.028125 0.050000
1 0.458203 0.795139 0.024219 0.045833
1 0.469531 0.474306 0.026562 0.048611
1 0.515625 0.770833 0.025000 0.050000
1 0.541406 0.565972 0.023438 0.043056
1 0.541016 0.772222 0.022656 0.044444
1 0.557090 0.439399 0.025599 0.046801
1 0.556934 0.381861 0.022943 0.040637
1 0.594624 0.419384 0.027544 0.051077
3 0.221621 0.616369 0.031601 0.055161
3 0.356250 0.567361 0.023438 0.043056
3 0.394531 0.830556 0.028125 0.047222
3 0.460156 0.737500 0.028125 0.050000
3 0.458203 0.795139 0.024219 0.045833
3 0.556934 0.381861 0.022943 0.040637
4 0.274609 0.633333 0.027344 0.047222
4 0.301563 0.639583 0.023438 0.043056
4 0.365234 0.825000 0.024219 0.041667
4 0.541016 0.772222 0.022656 0.044444
4 0.557090 0.439399 0.025599 0.046801
5 0.292578 0.595139 0.025781 0.045833
5 0.305545 0.762716 0.027973 0.044013
5 0.347092 0.726233 0.026128 0.044756
5 0.347266 0.391667 0.022656 0.041667
6 0.198828 0.783333 0.028906 0.050000
6 0.213672 0.671528 0.027344 0.048611
6 0.236719 0.664583 0.026562 0.051389
6 0.339062 0.629167 0.023438 0.047222
6 0.340234 0.848611 0.022656 0.041667
6 0.360547 0.784722 0.025781 0.041667
6 0.515625 0.770833 0.025000 0.050000
6 0.541406 0.565972 0.023438 0.043056
6 0.594624 0.419384 0.027544 0.051077
7 0.289398 0.855149 0.025832 0.053210
7 0.391406 0.741667 0.031250 0.058333
7 0.469531 0.474306 0.026562 0.048611
8 0.191797 0.725694 0.028906 0.048611
8 0.196484 0.629861 0.027344 0.048611
8 0.286328 0.696528 0.028906 0.051389
8 0.289844 0.527083 0.026562 0.045833
8 0.307031 0.831944 0.029687 0.050000
8 0.335547 0.809722 0.024219 0.041667
8 0.380291 0.787805 0.019800 0.037344
8 0.427734 0.628472 0.021094 0.043056
8 0.446094 0.510417 0.026562 0.048611