1 0.425000 0.215278 0.038281 0.043056
1 0.463281 0.236111 0.045312 0.055556
1 0.479687 0.366667 0.044531 0.062500
1 0.506250 0.152778 0.034375 0.037500
1 0.523438 0.336111 0.032813 0.047222
1 0.535156 0.445833 0.039062 0.055556
1 0.543750 0.141667 0.040625 0.048611
1 0.543750 0.550000 0.030469 0.048611
1 0.561719 0.336111 0.035937 0.044444
1 0.571875 0.479167 0.040625 0.051389
1 0.589063 0.241667 0.039844 0.047222
1 0.603906 0.381944 0.039062 0.054167
1 0.613281 0.286111 0.035937 0.045833
1 0.614844 0.463889 0.036719 0.051389
1 0.646094 0.376389 0.035937 0.051389
1 0.649219 0.437500 0.039062 0.054167
1 0.676562 0.302778 0.035156 0.044444
1 0.696094 0.231944 0.037500 0.056944
1 0.785937 0.184722 0.038281 0.043056
1 0.802344 0.294444 0.033594 0.043056
3 0.613281 0.286111 0.035937 0.045833
3 0.614844 0.463889 0.036719 0.051389
4 0.535156 0.445833 0.039062 0.055556
4 0.561719 0.336111 0.035937 0.044444
4 0.571875 0.479167 0.040625 0.051389
4 0.603906 0.381944 0.039062 0.054167
4 0.649219 0.437500 0.039062 0.054167
4 0.785937 0.184722 0.038281 0.043056
5 0.463281 0.236111 0.045312 0.055556
6 0.479687 0.366667 0.044531 0.062500
7 0.506250 0.152778 0.034375 0.037500
7 0.543750 0.141667 0.040625 0.048611
7 0.676562 0.302778 0.035156 0.044444
7 0.696094 0.231944 0.037500 0.056944
8 0.425000 0.215278 0.038281 0.043056
8 0.523438 0.336111 0.032813 0.047222
8 0.543750 0.550000 0.030469 0.048611
8 0.589063 0.241667 0.039844 0.047222
8 0.646094 0.376389 0.035937 0.051389
8 0.802344 0.294444 0.033594 0.043056