1 0.428516 0.450000 0.046094 0.058333
1 0.452344 0.273611 0.043750 0.052778
1 0.506250 0.535417 0.048438 0.065278
1 0.502734 0.384722 0.039844 0.047222
1 0.531641 0.273611 0.041406 0.050000
1 0.540625 0.172917 0.042188 0.048611
1 0.545312 0.345139 0.046875 0.056944
1 0.549609 0.410417 0.038281 0.045833
1 0.600391 0.557639 0.044531 0.056944
1 0.645312 0.434028 0.045312 0.054167
1 0.695312 0.360417 0.046875 0.054167
1 0.754297 0.494444 0.041406 0.058333
3 0.428516 0.450000 0.046094 0.058333
3 0.506250 0.535417 0.048438 0.065278
3 0.545312 0.345139 0.046875 0.056944
4 0.754297 0.494444 0.041406 0.058333
5 0.540625 0.172917 0.042188 0.048611
6 0.549609 0.410417 0.038281 0.045833
7 0.531641 0.273611 0.041406 0.050000
7 0.600391 0.557639 0.044531 0.056944
7 0.695312 0.360417 0.046875 0.054167
8 0.452344 0.273611 0.043750 0.052778
8 0.502734 0.384722 0.039844 0.047222
8 0.645312 0.434028 0.045312 0.054167