0 0.362267 0.490865 0.071518 0.140917
0 0.442181 0.359984 0.053818 0.125125
0 0.452209 0.501243 0.063841 0.128937
1 0.361062 0.456789 0.061441 0.071598
1 0.440940 0.325394 0.050718 0.056569
1 0.451434 0.472192 0.054697 0.068515
2 0.352558 0.519219 0.046482 0.081624
2 0.387569 0.506683 0.022173 0.106628
2 0.441934 0.384401 0.046404 0.075450
2 0.445010 0.528812 0.044245 0.075412
2 0.476295 0.517785 0.015554 0.096781
7 0.361062 0.456789 0.061441 0.071598
8 0.440940 0.325394 0.050718 0.056569
8 0.451434 0.472192 0.054697 0.068515