1 0.207446 0.658213 0.056460 0.074316
1 0.295312 0.543750 0.056250 0.065278
1 0.325000 0.412500 0.046875 0.052778
1 0.377976 0.537777 0.052828 0.067220
1 0.404297 0.325694 0.053906 0.054167
1 0.456332 0.538841 0.049391 0.063098
1 0.502734 0.477778 0.053906 0.063889
1 0.511601 0.366983 0.068514 0.078411
1 0.579706 0.368870 0.045051 0.055760
4 0.404297 0.325694 0.053906 0.054167
4 0.456332 0.538841 0.049391 0.063098
4 0.580008 0.369934 0.045044 0.055866
6 0.207705 0.658849 0.057014 0.075405
6 0.295312 0.543750 0.056250 0.065278
6 0.325000 0.412500 0.046875 0.052778
7 0.377800 0.538451 0.052475 0.068570
7 0.511438 0.366851 0.068188 0.078147
8 0.502734 0.477778 0.053906 0.063889