0 0.291016 0.770833 0.094531 0.188889
0 0.309766 0.620139 0.083594 0.162500
0 0.422656 0.444444 0.075000 0.147222
0 0.447656 0.770139 0.090625 0.193056
0 0.508594 0.490972 0.087500 0.195833
0 0.522656 0.387500 0.075000 0.094444
0 0.597656 0.434028 0.070312 0.129167
1 0.291016 0.722917 0.085156 0.093056
1 0.309375 0.577083 0.078125 0.073611
1 0.421875 0.401389 0.068750 0.061111
1 0.446484 0.722917 0.083594 0.098611
1 0.512500 0.436111 0.081250 0.083333
1 0.519976 0.376104 0.068076 0.068874
1 0.598437 0.397222 0.064062 0.052778
2 0.281127 0.812092 0.072415 0.093132
2 0.303845 0.653062 0.066989 0.085769
2 0.328217 0.783929 0.018958 0.153440
2 0.343391 0.633151 0.014355 0.129953
2 0.393449 0.456233 0.016614 0.120095
2 0.430560 0.469739 0.054843 0.085975
2 0.410726 0.782378 0.013571 0.153168
2 0.454322 0.811843 0.071741 0.104232
2 0.508166 0.523345 0.086411 0.122418
2 0.576035 0.447268 0.025061 0.105073
2 0.611202 0.458596 0.042416 0.075537
5 0.291016 0.722917 0.085156 0.093056
5 0.519976 0.376104 0.068076 0.068874
6 0.446484 0.722917 0.083594 0.098611
8 0.309375 0.577083 0.078125 0.073611
8 0.421875 0.401389 0.068750 0.061111
8 0.512500 0.436111 0.081250 0.083333
8 0.598437 0.397222 0.064062 0.052778