1 0.275000 0.176389 0.101562 0.116667
1 0.299219 0.628472 0.034375 0.051389
1 0.320312 0.721528 0.026562 0.051389
1 0.339844 0.704167 0.031250 0.055556
1 0.374609 0.716667 0.025781 0.052778
1 0.379688 0.399306 0.026562 0.048611
1 0.393359 0.495139 0.025781 0.043056
1 0.410547 0.582639 0.033594 0.048611
1 0.409766 0.639583 0.030469 0.051389
1 0.413672 0.730556 0.027344 0.052778
1 0.432812 0.675000 0.026562 0.047222
1 0.436719 0.503472 0.023438 0.040278
1 0.455859 0.609722 0.027344 0.044444
1 0.457031 0.312500 0.025000 0.041667
1 0.475781 0.588889 0.023438 0.041667
1 0.632031 0.427778 0.081250 0.086111
1 0.839063 0.365278 0.084375 0.097222
3 0.432812 0.675000 0.026562 0.047222
3 0.475781 0.588889 0.023438 0.041667
3 0.632031 0.427778 0.081250 0.086111
3 0.839063 0.365278 0.084375 0.097222
4 0.275000 0.176389 0.101562 0.116667
4 0.339844 0.704167 0.031250 0.055556
5 0.320312 0.721528 0.026562 0.051389
5 0.410547 0.582639 0.033594 0.048611
5 0.409766 0.639583 0.030469 0.051389
5 0.455859 0.609722 0.027344 0.044444
6 0.299219 0.628472 0.034375 0.051389
7 0.436719 0.503472 0.023438 0.040278
7 0.457031 0.312500 0.025000 0.041667
8 0.374609 0.716667 0.025781 0.052778
8 0.379688 0.399306 0.026562 0.048611
8 0.393359 0.495139 0.025781 0.043056
8 0.413672 0.730556 0.027344 0.052778