1 0.224684 0.749220 0.026291 0.045228
1 0.234766 0.609722 0.027344 0.041667
1 0.244742 0.703250 0.027508 0.047027
1 0.255274 0.629007 0.020528 0.040609
1 0.262500 0.465972 0.028125 0.048611
1 0.271181 0.659654 0.022575 0.040659
1 0.301953 0.559028 0.024219 0.045833
1 0.308984 0.650000 0.024219 0.041667
1 0.317188 0.427778 0.023438 0.041667
1 0.319922 0.520139 0.028906 0.048611
1 0.323047 0.609722 0.025781 0.044444
1 0.326600 0.564669 0.026637 0.043227
1 0.347086 0.763636 0.027703 0.053283
1 0.367622 0.672464 0.025693 0.046738
1 0.391860 0.668044 0.022897 0.039747
1 0.416797 0.702083 0.027344 0.051389
1 0.420703 0.415278 0.024219 0.044444
1 0.433594 0.733333 0.032813 0.055556
1 0.429688 0.785417 0.025000 0.048611
1 0.436352 0.525504 0.023651 0.039782
1 0.445394 0.574149 0.025663 0.044053
1 0.446094 0.382639 0.023438 0.040278
1 0.452995 0.785777 0.022135 0.042334
1 0.453574 0.701265 0.021731 0.039204
1 0.463281 0.347222 0.026562 0.044444
1 0.466289 0.419076 0.025427 0.043630
1 0.469189 0.582415 0.022562 0.038025
1 0.476172 0.303472 0.025781 0.043056
1 0.484613 0.714845 0.021062 0.041336
1 0.512891 0.422917 0.024219 0.045833
1 0.522862 0.591991 0.025030 0.044806
1 0.536381 0.493941 0.022551 0.039895
1 0.551562 0.586111 0.032813 0.058333
1 0.556250 0.528472 0.025000 0.045833
1 0.557655 0.649802 0.021769 0.039180
1 0.622739 0.399067 0.021710 0.043532
3 0.317188 0.427778 0.023438 0.041667
3 0.323047 0.609722 0.025781 0.044444
3 0.326342 0.564560 0.026121 0.043009
3 0.391860 0.668044 0.022897 0.039747
3 0.433594 0.733333 0.032813 0.055556
3 0.445394 0.574149 0.025663 0.044053
3 0.446094 0.382639 0.023438 0.040278
3 0.453574 0.701265 0.021731 0.039204
3 0.512891 0.422917 0.024219 0.045833
3 0.536172 0.494197 0.022969 0.039384
3 0.622548 0.398935 0.022092 0.043796
4 0.234766 0.609722 0.027344 0.041667
4 0.271046 0.660460 0.022051 0.039438
4 0.308984 0.650000 0.024219 0.041667
4 0.466289 0.419076 0.025427 0.043630
4 0.558030 0.650108 0.021018 0.037770
5 0.224674 0.747949 0.027471 0.044857
5 0.262500 0.465972 0.028125 0.048611
5 0.367494 0.673295 0.025949 0.045077
5 0.551562 0.586111 0.032813 0.058333
5 0.556250 0.528472 0.025000 0.045833
6 0.244448 0.702988 0.026915 0.047185
6 0.463281 0.347222 0.026562 0.044444
6 0.476172 0.303472 0.025781 0.043056
6 0.484601 0.714797 0.021909 0.040460
6 0.522862 0.591991 0.025030 0.044806
7 0.301953 0.559028 0.024219 0.045833
7 0.429688 0.785417 0.025000 0.048611
7 0.469189 0.582415 0.022562 0.038025
8 0.255216 0.629603 0.020240 0.040109
8 0.319922 0.520139 0.028906 0.048611
8 0.346855 0.763846 0.028165 0.052864
8 0.416797 0.702083 0.027344 0.051389
8 0.420703 0.415278 0.024219 0.044444
8 0.436352 0.525504 0.023651 0.039782
8 0.452946 0.785955 0.022233 0.041979