1 0.378906 0.379167 0.065625 0.077778
1 0.416406 0.281250 0.054688 0.059722
1 0.436328 0.499306 0.049219 0.059722
1 0.512109 0.463194 0.046094 0.056944
1 0.549609 0.366667 0.052344 0.061111
1 0.571875 0.592361 0.062500 0.076389
1 0.575781 0.286111 0.046875 0.047222
1 0.599219 0.400000 0.054688 0.058333
1 0.622656 0.517361 0.056250 0.068056
3 0.378906 0.379167 0.065625 0.077778
3 0.436328 0.499306 0.049219 0.059722
4 0.512109 0.463194 0.046094 0.056944
4 0.599219 0.400000 0.054688 0.058333
5 0.571875 0.592361 0.062500 0.076389
5 0.622656 0.517361 0.056250 0.068056
6 0.416406 0.281250 0.054688 0.059722
6 0.549609 0.366667 0.052344 0.061111
6 0.575781 0.286111 0.046875 0.047222