1 0.405078 0.413889 0.042969 0.050000
1 0.471484 0.376389 0.032031 0.033333
1 0.494141 0.284722 0.041406 0.030556
1 0.504297 0.318056 0.052344 0.052778
1 0.497266 0.245139 0.032031 0.034722
1 0.558629 0.340344 0.038926 0.040840
1 0.569926 0.302047 0.037642 0.047051
1 0.588281 0.269444 0.039062 0.047222
1 0.601753 0.380691 0.043370 0.052507
1 0.629297 0.347222 0.042969 0.047222
3 0.570020 0.302297 0.037634 0.046696
3 0.629297 0.347222 0.042969 0.047222
5 0.494141 0.284722 0.041406 0.030556
5 0.504297 0.318056 0.052344 0.052778
5 0.558629 0.340344 0.038926 0.040840
5 0.588281 0.269444 0.039062 0.047222
6 0.471484 0.376389 0.032031 0.033333
7 0.405078 0.413889 0.042969 0.050000
7 0.497266 0.245139 0.032031 0.034722
7 0.601754 0.380428 0.043368 0.053032