1 0.188672 0.727778 0.024219 0.044444
1 0.209766 0.536806 0.028906 0.048611
1 0.264844 0.187500 0.103125 0.122222
1 0.241406 0.647917 0.029687 0.054167
1 0.267188 0.515278 0.031250 0.047222
1 0.269141 0.559722 0.030469 0.044444
1 0.268750 0.604167 0.028125 0.044444
1 0.296094 0.570833 0.023438 0.044444
1 0.317969 0.511806 0.025000 0.045833
1 0.328906 0.727083 0.023438 0.043056
1 0.369531 0.690278 0.025000 0.044444
1 0.371094 0.760417 0.025000 0.048611
1 0.373047 0.505556 0.021094 0.041667
1 0.379297 0.641667 0.022656 0.044444
1 0.402734 0.420139 0.033594 0.059722
1 0.408203 0.536806 0.022656 0.037500
1 0.414844 0.578472 0.025000 0.040278
1 0.416797 0.622917 0.022656 0.037500
1 0.423438 0.665278 0.026562 0.047222
1 0.425391 0.481250 0.028906 0.048611
1 0.444922 0.559722 0.025781 0.041667
1 0.456250 0.654167 0.031250 0.058333
1 0.459766 0.519444 0.030469 0.052778
1 0.478516 0.781944 0.027344 0.050000
1 0.492969 0.625694 0.026562 0.051389
1 0.498437 0.686111 0.026562 0.047222
1 0.523828 0.643750 0.027344 0.051389
1 0.527344 0.577778 0.025000 0.047222
1 0.733203 0.506944 0.086719 0.111111
3 0.241406 0.647917 0.029687 0.054167
3 0.267188 0.515278 0.031250 0.047222
3 0.269141 0.559722 0.030469 0.044444
3 0.317969 0.511806 0.025000 0.045833
3 0.444922 0.559722 0.025781 0.041667
3 0.498437 0.686111 0.026562 0.047222
3 0.733203 0.506944 0.086719 0.111111
4 0.264844 0.187500 0.103125 0.122222
4 0.425391 0.481250 0.028906 0.048611
5 0.408203 0.536806 0.022656 0.037500
5 0.456250 0.654167 0.031250 0.058333
6 0.369531 0.690278 0.025000 0.044444
6 0.373047 0.505556 0.021094 0.041667
6 0.478516 0.781944 0.027344 0.050000
6 0.527344 0.577778 0.025000 0.047222
7 0.328906 0.727083 0.023438 0.043056
7 0.402734 0.420139 0.033594 0.059722
7 0.414844 0.578472 0.025000 0.040278
7 0.459766 0.519444 0.030469 0.052778
7 0.523828 0.643750 0.027344 0.051389
8 0.188672 0.727778 0.024219 0.044444
8 0.209766 0.536806 0.028906 0.048611
8 0.268750 0.604167 0.028125 0.044444
8 0.296094 0.570833 0.023438 0.044444
8 0.371094 0.760417 0.025000 0.048611
8 0.379297 0.641667 0.022656 0.044444
8 0.416797 0.622917 0.022656 0.037500
8 0.423438 0.665278 0.026562 0.047222
8 0.492969 0.625694 0.026562 0.051389