1 0.196484 0.323611 0.060156 0.058333
1 0.208984 0.397917 0.063281 0.065278
1 0.243750 0.352083 0.057813 0.062500
1 0.270667 0.679858 0.069459 0.095827
1 0.279469 0.436422 0.051999 0.054933
1 0.303516 0.743056 0.094531 0.119444
1 0.294531 0.375694 0.057813 0.068056
1 0.355859 0.377083 0.053906 0.056944
1 0.368750 0.593750 0.054688 0.068056
1 0.427206 0.288066 0.055011 0.063840
1 0.447656 0.690278 0.068750 0.091667
1 0.444922 0.555556 0.053906 0.066667
1 0.517188 0.680556 0.065625 0.083333
1 0.513672 0.270833 0.050781 0.061111
1 0.527277 0.329995 0.046249 0.053407
1 0.569149 0.416444 0.049235 0.060665
1 0.591537 0.695380 0.081512 0.118537
1 0.601953 0.254861 0.061719 0.070833
1 0.640574 0.384162 0.046835 0.059288
1 0.667216 0.331211 0.050650 0.056641
3 0.368750 0.593750 0.054688 0.068056
3 0.427206 0.288066 0.055011 0.063840
3 0.527277 0.329995 0.046249 0.053407
3 0.569129 0.416610 0.049196 0.060998
4 0.591401 0.694824 0.081240 0.117425
4 0.667216 0.331211 0.050650 0.056641
5 0.196484 0.323611 0.060156 0.058333
5 0.303516 0.743056 0.094531 0.119444
5 0.444922 0.555556 0.053906 0.066667
5 0.601953 0.254861 0.061719 0.070833
6 0.294531 0.375694 0.057813 0.068056
6 0.355859 0.377083 0.053906 0.056944
7 0.270986 0.679747 0.070097 0.095605
8 0.208984 0.397917 0.063281 0.065278
8 0.243750 0.352083 0.057813 0.062500
8 0.279583 0.436260 0.051771 0.055258
8 0.447656 0.690278 0.068750 0.091667
8 0.517188 0.680556 0.065625 0.083333
8 0.513672 0.270833 0.050781 0.061111
8 0.640574 0.384162 0.046835 0.059288