1 0.404687 0.603472 0.029687 0.051389
1 0.437109 0.540278 0.033594 0.055556
1 0.437177 0.488958 0.027605 0.048976
1 0.448588 0.602581 0.031153 0.056859
1 0.464646 0.543673 0.027120 0.050675
1 0.478125 0.592361 0.029687 0.054167
1 0.484375 0.489583 0.031250 0.056944
1 0.504297 0.662500 0.036719 0.066667
1 0.536719 0.710417 0.031250 0.062500
1 0.539644 0.583503 0.035081 0.062972
1 0.546875 0.491667 0.031250 0.055556
1 0.574963 0.523790 0.029552 0.047142
1 0.603906 0.320139 0.037500 0.065278
1 0.666406 0.545139 0.039062 0.068056
4 0.464646 0.543673 0.027120 0.050675
4 0.546875 0.491667 0.031250 0.055556
4 0.666406 0.545139 0.039062 0.068056
5 0.478125 0.592361 0.029687 0.054167
5 0.504297 0.662500 0.036719 0.066667
5 0.536719 0.710417 0.031250 0.062500
6 0.540129 0.584123 0.036423 0.061979
7 0.484375 0.489583 0.031250 0.056944
8 0.404687 0.603472 0.029687 0.051389
8 0.437109 0.540278 0.033594 0.055556
8 0.437177 0.488958 0.027605 0.048976
8 0.448588 0.602581 0.031153 0.056859
8 0.574963 0.523790 0.029552 0.047142
8 0.603906 0.320139 0.037500 0.065278