1 0.149219 0.469444 0.046875 0.065278
1 0.150000 0.477778 0.049219 0.083333
1 0.310937 0.376389 0.044531 0.055556
1 0.325000 0.169444 0.039062 0.044444
1 0.358594 0.301389 0.043750 0.052778
1 0.375781 0.601389 0.061719 0.083333
1 0.402344 0.137500 0.040625 0.045833
1 0.475000 0.504167 0.050781 0.065278
1 0.533594 0.595833 0.050781 0.070833
1 0.560156 0.130556 0.039062 0.044444
1 0.660156 0.662500 0.045312 0.069444
1 0.662500 0.572222 0.043750 0.052778
1 0.667969 0.525000 0.041406 0.056944
1 0.737500 0.261111 0.040625 0.050000
3 0.310937 0.376389 0.044531 0.055556
3 0.667969 0.525000 0.041406 0.056944
4 0.375781 0.601389 0.061719 0.083333
4 0.475000 0.504167 0.050781 0.065278
4 0.560156 0.130556 0.039062 0.044444
5 0.662500 0.572222 0.043750 0.052778
6 0.358594 0.301389 0.043750 0.052778
6 0.402344 0.137500 0.040625 0.045833
6 0.660156 0.662500 0.045312 0.069444
7 0.533594 0.595833 0.050781 0.070833
7 0.737500 0.261111 0.040625 0.050000
8 0.149219 0.469444 0.046875 0.065278
8 0.150000 0.477778 0.049219 0.083333
8 0.325000 0.169444 0.039062 0.044444