0 0.362891 0.584722 0.089844 0.177778
0 0.405078 0.504861 0.071094 0.154167
0 0.448047 0.711806 0.088281 0.181944
0 0.433984 0.361806 0.057031 0.131944
0 0.534375 0.463889 0.073438 0.144444
0 0.594141 0.611111 0.096094 0.202778
0 0.633203 0.737500 0.116406 0.227778
0 0.657031 0.479167 0.078125 0.147222
1 0.363059 0.543373 0.085494 0.095079
1 0.406250 0.459028 0.065625 0.062500
1 0.432870 0.322342 0.054802 0.053017
1 0.446875 0.666667 0.081250 0.091667
1 0.533594 0.423611 0.068750 0.063889
1 0.595965 0.556880 0.093493 0.094315
1 0.636104 0.683997 0.112835 0.121549
1 0.658594 0.438889 0.068750 0.066667
2 0.346785 0.614560 0.058458 0.107493
2 0.402282 0.532675 0.058591 0.087720
2 0.389301 0.602660 0.029912 0.136886
2 0.413876 0.725031 0.015289 0.143279
2 0.434810 0.389527 0.055974 0.075212
2 0.458220 0.748350 0.066042 0.102618
2 0.435061 0.519500 0.009460 0.114871
2 0.506032 0.472934 0.014557 0.114187
2 0.542486 0.488636 0.054652 0.090261
2 0.553233 0.611378 0.010975 0.193409
2 0.600857 0.655881 0.079080 0.106867
2 0.588002 0.746254 0.025144 0.203163
2 0.645841 0.794409 0.087139 0.109342
2 0.629000 0.479643 0.019588 0.118823
2 0.666836 0.508610 0.055929 0.080370
3 0.432870 0.322342 0.054802 0.053017
3 0.533594 0.423611 0.068750 0.063889
3 0.636104 0.683997 0.112835 0.121549
3 0.658594 0.438889 0.068750 0.066667
5 0.406250 0.459028 0.065625 0.062500
5 0.595965 0.556880 0.093493 0.094315
6 0.363059 0.543373 0.085494 0.095079
7 0.446875 0.666667 0.081250 0.091667