1 0.191406 0.725000 0.028906 0.048611
1 0.196094 0.629167 0.027344 0.048611
1 0.198437 0.783333 0.028906 0.050000
1 0.213281 0.670833 0.027344 0.048611
1 0.236719 0.663889 0.026562 0.051389
1 0.274219 0.633333 0.027344 0.047222
1 0.285938 0.695833 0.028906 0.051389
1 0.289844 0.526389 0.026562 0.045833
1 0.292187 0.594444 0.025781 0.045833
1 0.301563 0.638889 0.023438 0.043056
1 0.305469 0.758333 0.028125 0.052778
1 0.307031 0.831944 0.029687 0.050000
1 0.335156 0.809722 0.024219 0.041667
1 0.339062 0.629167 0.023438 0.047222
1 0.339844 0.848611 0.022656 0.041667
1 0.346875 0.391667 0.022656 0.041667
1 0.346875 0.720833 0.025781 0.054167
1 0.356250 0.566667 0.023438 0.043056
1 0.360156 0.784722 0.025781 0.041667
1 0.364844 0.825000 0.024219 0.041667
1 0.391406 0.741667 0.031250 0.058333
1 0.394531 0.830556 0.028125 0.047222
1 0.427344 0.627778 0.021094 0.043056
1 0.446094 0.509722 0.026562 0.048611
1 0.457813 0.794444 0.024219 0.045833
1 0.460156 0.737500 0.028125 0.050000
1 0.469531 0.473611 0.026562 0.048611
1 0.515625 0.770833 0.025000 0.050000
1 0.540625 0.772222 0.022656 0.044444
1 0.541406 0.565278 0.023438 0.043056
1 0.573438 0.373611 0.075781 0.076389
1 0.640625 0.643056 0.079687 0.115278
3 0.356250 0.566667 0.023438 0.043056
3 0.394531 0.830556 0.028125 0.047222
3 0.457813 0.794444 0.024219 0.045833
3 0.460156 0.737500 0.028125 0.050000
3 0.640625 0.643056 0.079687 0.115278
4 0.274219 0.633333 0.027344 0.047222
4 0.301563 0.638889 0.023438 0.043056
4 0.364844 0.825000 0.024219 0.041667
4 0.540625 0.772222 0.022656 0.044444
4 0.573438 0.373611 0.075781 0.076389
5 0.292187 0.594444 0.025781 0.045833
5 0.305469 0.758333 0.028125 0.052778
5 0.346875 0.391667 0.022656 0.041667
5 0.346875 0.720833 0.025781 0.054167
6 0.198437 0.783333 0.028906 0.050000
6 0.213281 0.670833 0.027344 0.048611
6 0.236719 0.663889 0.026562 0.051389
6 0.339062 0.629167 0.023438 0.047222
6 0.339844 0.848611 0.022656 0.041667
6 0.360156 0.784722 0.025781 0.041667
6 0.515625 0.770833 0.025000 0.050000
6 0.541406 0.565278 0.023438 0.043056
7 0.391406 0.741667 0.031250 0.058333
7 0.469531 0.473611 0.026562 0.048611
8 0.191406 0.725000 0.028906 0.048611
8 0.196094 0.629167 0.027344 0.048611
8 0.285938 0.695833 0.028906 0.051389
8 0.289844 0.526389 0.026562 0.045833
8 0.307031 0.831944 0.029687 0.050000
8 0.335156 0.809722 0.024219 0.041667
8 0.427344 0.627778 0.021094 0.043056
8 0.446094 0.509722 0.026562 0.048611