1 0.233472 0.534908 0.062256 0.069816
1 0.381420 0.628966 0.069492 0.088959
1 0.426917 0.454313 0.065192 0.078825
1 0.450339 0.382545 0.047553 0.056757
1 0.485570 0.581905 0.071140 0.091588
1 0.512868 0.423147 0.073874 0.106803
1 0.539484 0.364535 0.057324 0.067106
1 0.580489 0.407644 0.061282 0.060802
1 0.737097 0.667093 0.093530 0.125347
1 0.837648 0.524089 0.057083 0.067725
3 0.485570 0.581905 0.071140 0.091588
4 0.450339 0.382545 0.047553 0.056757
4 0.512868 0.423147 0.073874 0.106803
4 0.580489 0.407644 0.061282 0.060802
5 0.233472 0.534908 0.062256 0.069816
5 0.381420 0.628966 0.069492 0.088959
5 0.837648 0.524089 0.057083 0.067725
8 0.426917 0.454313 0.065192 0.078825
8 0.539484 0.364535 0.057324 0.067106
8 0.737097 0.667093 0.093530 0.125347