1 0.267578 0.459722 0.046094 0.050000
1 0.430155 0.676466 0.050934 0.069599
1 0.460547 0.381250 0.039844 0.048611
1 0.487279 0.511563 0.043308 0.059237
1 0.513468 0.634650 0.048810 0.066523
1 0.544219 0.524917 0.043125 0.055390
1 0.580098 0.628116 0.053946 0.067342
1 0.621565 0.467295 0.047818 0.059589
1 0.630556 0.686556 0.045486 0.064780
1 0.679259 0.740331 0.047537 0.066143
1 0.690910 0.496063 0.044742 0.052319
1 0.690355 0.344139 0.038040 0.053388
1 0.865727 0.885722 0.048233 0.070223
3 0.690910 0.496063 0.044742 0.052319
4 0.460547 0.381250 0.039844 0.048611
4 0.544219 0.524917 0.043125 0.055390
4 0.865727 0.885722 0.048233 0.070223
7 0.430155 0.676466 0.050934 0.069599
7 0.487279 0.511563 0.043308 0.059237
7 0.513468 0.634650 0.048810 0.066523
7 0.621565 0.467295 0.047818 0.059589
7 0.690355 0.344139 0.038040 0.053388
8 0.267578 0.459722 0.046094 0.050000
8 0.580098 0.628116 0.053946 0.067342
8 0.630548 0.687317 0.045470 0.066301
8 0.679733 0.740616 0.046590 0.065572