1 0.585938 0.643056 0.051562 0.094444
1 0.609375 0.336806 0.053125 0.095833
1 0.638281 0.490972 0.042188 0.076389
1 0.644260 0.202866 0.041645 0.069621
1 0.710938 0.387500 0.039062 0.066667
1 0.721094 0.559028 0.057813 0.093056
1 0.771096 0.767399 0.067183 0.109647
1 0.806641 0.377083 0.042969 0.079167
1 0.812288 0.847203 0.038986 0.072917
1 0.894531 0.164583 0.051562 0.079167
3 0.812288 0.847203 0.038986 0.072917
4 0.644029 0.202863 0.041184 0.069615
4 0.710938 0.387500 0.039062 0.066667
4 0.894531 0.164583 0.051562 0.079167
5 0.721094 0.559028 0.057813 0.093056
6 0.585938 0.643056 0.051562 0.094444
7 0.806641 0.377083 0.042969 0.079167
8 0.609375 0.336806 0.053125 0.095833
8 0.638281 0.490972 0.042188 0.076389
8 0.771501 0.767947 0.066373 0.108551