1 0.358203 0.424306 0.074219 0.095833
1 0.380285 0.523772 0.059007 0.069767
1 0.447656 0.655556 0.064062 0.094444
1 0.492969 0.291667 0.065625 0.080556
1 0.575715 0.508495 0.059242 0.080878
1 0.680086 0.404941 0.086735 0.112660
1 0.736729 0.474093 0.065645 0.081518
1 0.749745 0.599376 0.065662 0.098530
1 0.797121 0.870570 0.072498 0.105664
1 0.806573 0.473881 0.061583 0.086651
1 0.865221 0.864005 0.064307 0.082682
3 0.447656 0.655556 0.064062 0.094444
3 0.806573 0.473881 0.061583 0.086651
4 0.865221 0.864005 0.064307 0.082682
5 0.797121 0.870570 0.072498 0.105664
6 0.358203 0.424306 0.074219 0.095833
6 0.575715 0.508495 0.059242 0.080878
6 0.680086 0.404941 0.086735 0.112660
6 0.736729 0.474093 0.065645 0.081518
6 0.749745 0.599376 0.065662 0.098530
8 0.380285 0.523772 0.059007 0.069767
8 0.492969 0.291667 0.065625 0.080556