1 0.510156 0.352083 0.050000 0.059722
1 0.525781 0.237500 0.043750 0.044444
1 0.533594 0.299306 0.037500 0.040278
1 0.570703 0.192361 0.039844 0.043056
1 0.579297 0.290278 0.038281 0.050000
1 0.616797 0.456250 0.042969 0.056944
1 0.635156 0.334722 0.039062 0.047222
1 0.695703 0.440972 0.041406 0.051389
1 0.709375 0.229861 0.045312 0.045833
1 0.712891 0.150000 0.035156 0.041667
1 0.758203 0.289583 0.035156 0.043056
1 0.834795 0.381855 0.036716 0.053176
3 0.533594 0.299306 0.037500 0.040278
3 0.570703 0.192361 0.039844 0.043056
3 0.616797 0.456250 0.042969 0.056944
3 0.695703 0.440972 0.041406 0.051389
3 0.709375 0.229861 0.045312 0.045833
5 0.510156 0.352083 0.050000 0.059722
5 0.525781 0.237500 0.043750 0.044444
5 0.579297 0.290278 0.038281 0.050000
5 0.712891 0.150000 0.035156 0.041667
6 0.834795 0.381855 0.036716 0.053176
8 0.635156 0.334722 0.039062 0.047222
8 0.758203 0.289583 0.035156 0.043056