1 0.398438 0.461111 0.067187 0.058333
1 0.421141 0.404831 0.061031 0.054106
1 0.430469 0.518750 0.070312 0.065278
1 0.455424 0.441460 0.060848 0.055142
1 0.460083 0.367168 0.059228 0.056558
1 0.478125 0.570139 0.064062 0.068056
1 0.480469 0.636806 0.067187 0.070833
1 0.481641 0.486806 0.064844 0.062500
1 0.499528 0.401654 0.058569 0.054157
1 0.528516 0.456250 0.064844 0.065278
1 0.534375 0.520139 0.071875 0.068056
1 0.546241 0.588598 0.073733 0.068863
1 0.561164 0.403371 0.061391 0.048409
1 0.571484 0.655556 0.075781 0.075000
1 0.582422 0.485417 0.071094 0.062500
1 0.618213 0.536425 0.072950 0.066039
1 0.637565 0.469900 0.065755 0.064799
1 0.649609 0.595833 0.074219 0.066667
1 0.676788 0.517114 0.072326 0.067561
1 0.719922 0.588194 0.078906 0.073611
3 0.460083 0.367168 0.059228 0.056558
3 0.480469 0.636806 0.067187 0.070833
3 0.561164 0.403371 0.061391 0.048409
4 0.455424 0.441460 0.060848 0.055142
4 0.500153 0.399427 0.058889 0.052092
4 0.582422 0.485417 0.071094 0.062500
4 0.719922 0.588194 0.078906 0.073611
5 0.421141 0.404831 0.061031 0.054106
5 0.430469 0.518750 0.070312 0.065278
5 0.528516 0.456250 0.064844 0.065278
6 0.478125 0.570139 0.064062 0.068056
6 0.481641 0.486806 0.064844 0.062500
7 0.398438 0.461111 0.067187 0.058333
7 0.534375 0.520139 0.071875 0.068056
7 0.546241 0.588598 0.073733 0.068863
7 0.571484 0.655556 0.075781 0.075000
7 0.618213 0.536425 0.072950 0.066039
7 0.649609 0.595833 0.074219 0.066667
7 0.676788 0.517114 0.072326 0.067561
8 0.637565 0.469900 0.065755 0.064799