0 0.362891 0.476389 0.074219 0.119444
0 0.384375 0.597917 0.082812 0.140278
0 0.511328 0.530556 0.055469 0.133333
1 0.365625 0.455556 0.065625 0.077778
1 0.383809 0.567941 0.069180 0.080326
1 0.511860 0.499948 0.053408 0.072118
2 0.349892 0.512984 0.048701 0.047864
2 0.366325 0.626620 0.047424 0.076309
2 0.387567 0.495035 0.024212 0.078146
2 0.407813 0.613194 0.034375 0.101389
2 0.508978 0.573483 0.047177 0.072293
3 0.365625 0.455556 0.065625 0.077778
7 0.384671 0.569170 0.070904 0.082784
7 0.511636 0.498914 0.052959 0.070051