1 0.486748 0.615099 0.040359 0.075689
1 0.508594 0.369444 0.050000 0.088889
1 0.550000 0.470833 0.056250 0.097222
1 0.573828 0.371528 0.042969 0.073611
1 0.576953 0.606944 0.047656 0.088889
1 0.594141 0.184722 0.044531 0.080556
1 0.620313 0.397917 0.056250 0.098611
1 0.619922 0.283333 0.039844 0.072222
1 0.683594 0.569444 0.045312 0.080556
1 0.776953 0.493056 0.044531 0.080556
1 0.879601 0.595150 0.042789 0.073291
3 0.576953 0.606944 0.047656 0.088889
4 0.550000 0.470833 0.056250 0.097222
5 0.619922 0.283333 0.039844 0.072222
6 0.486748 0.615099 0.040359 0.075689
6 0.776953 0.493056 0.044531 0.080556
6 0.879601 0.595150 0.042789 0.073291
7 0.508594 0.369444 0.050000 0.088889
7 0.573828 0.371528 0.042969 0.073611
7 0.620313 0.397917 0.056250 0.098611
8 0.594141 0.184722 0.044531 0.080556
8 0.683594 0.569444 0.045312 0.080556