1 0.166406 0.818750 0.067187 0.079167
1 0.288672 0.802778 0.071094 0.091667
1 0.288672 0.265278 0.060156 0.061111
1 0.381435 0.368184 0.048425 0.057400
1 0.418750 0.435417 0.051562 0.054167
1 0.436719 0.645833 0.060937 0.075000
1 0.497266 0.338889 0.049219 0.058333
1 0.506263 0.455984 0.053098 0.060255
1 0.562904 0.819823 0.072452 0.102604
1 0.555859 0.542361 0.055469 0.065278
1 0.560937 0.627778 0.056250 0.063889
1 0.584333 0.454209 0.050083 0.063803
1 0.612891 0.263889 0.053906 0.058333
1 0.633750 0.309859 0.045938 0.053076
1 0.646851 0.436506 0.061270 0.090809
1 0.649219 0.511111 0.054688 0.061111
1 0.678035 0.583268 0.056431 0.066798
1 0.686121 0.293838 0.044092 0.044426
1 0.692187 0.245139 0.054688 0.054167
1 0.687874 0.342598 0.043001 0.053693
1 0.751617 0.614108 0.056141 0.077340
1 0.776458 0.496622 0.053333 0.070645
1 0.816310 0.564488 0.058005 0.073802
1 0.844922 0.310417 0.055469 0.059722
3 0.418750 0.435417 0.051562 0.054167
3 0.506486 0.456374 0.052653 0.059474
3 0.584825 0.454361 0.049100 0.063500
3 0.633750 0.309859 0.045938 0.053076
3 0.686121 0.293838 0.044092 0.044426
3 0.776789 0.496378 0.052671 0.071133
3 0.816807 0.564819 0.057011 0.073140
4 0.381435 0.368184 0.048425 0.057400
4 0.436719 0.645833 0.060937 0.075000
4 0.560937 0.627778 0.056250 0.063889
5 0.497266 0.338889 0.049219 0.058333
5 0.751666 0.615847 0.056043 0.073862
6 0.166406 0.818750 0.067187 0.079167
6 0.288672 0.265278 0.060156 0.061111
6 0.555859 0.542361 0.055469 0.065278
6 0.612891 0.263889 0.053906 0.058333
6 0.646851 0.436506 0.061270 0.090809
6 0.677853 0.582880 0.056794 0.067574
6 0.692187 0.245139 0.054688 0.054167
6 0.844922 0.310417 0.055469 0.059722
7 0.288672 0.802778 0.071094 0.091667
7 0.649219 0.511111 0.054688 0.061111
7 0.687914 0.342155 0.042923 0.054580
8 0.562904 0.819823 0.072452 0.102604