1 0.411719 0.352778 0.040625 0.047222
1 0.417187 0.290278 0.038281 0.043056
1 0.418750 0.531944 0.044531 0.059722
1 0.426563 0.422222 0.050000 0.065278
1 0.442188 0.323611 0.037500 0.044444
1 0.446875 0.379167 0.034375 0.047222
1 0.464062 0.458333 0.039844 0.050000
1 0.469531 0.245833 0.044531 0.054167
1 0.478125 0.398611 0.038281 0.045833
1 0.492188 0.304167 0.043750 0.050000
1 0.500000 0.227778 0.034375 0.041667
1 0.505469 0.443056 0.035937 0.044444
1 0.539844 0.633333 0.042188 0.058333
1 0.541406 0.159722 0.033594 0.034722
1 0.546094 0.200000 0.032031 0.031944
1 0.553906 0.558333 0.039062 0.054167
1 0.558594 0.700000 0.041406 0.062500
1 0.559375 0.383333 0.042969 0.052778
1 0.569531 0.437500 0.043750 0.056944
1 0.580469 0.150000 0.032813 0.038889
1 0.596094 0.402778 0.044531 0.055556
1 0.612500 0.348611 0.039062 0.047222
1 0.622656 0.183333 0.032813 0.036111
1 0.641406 0.422222 0.035937 0.043056
1 0.664844 0.323611 0.035937 0.045833
1 0.675000 0.244444 0.037500 0.043056
1 0.713281 0.331944 0.034375 0.043056
1 0.715625 0.283333 0.036719 0.043056
1 0.766406 0.458333 0.040625 0.050000
1 0.779687 0.622222 0.047656 0.058333
1 0.818750 0.583333 0.040625 0.052778
1 0.839063 0.504167 0.042188 0.050000
3 0.541406 0.159722 0.033594 0.034722
3 0.546094 0.200000 0.032031 0.031944
3 0.558594 0.700000 0.041406 0.062500
3 0.559375 0.383333 0.042969 0.052778
3 0.766406 0.458333 0.040625 0.050000
3 0.779687 0.622222 0.047656 0.058333
4 0.469531 0.245833 0.044531 0.054167
4 0.478125 0.398611 0.038281 0.045833
4 0.492188 0.304167 0.043750 0.050000
4 0.553906 0.558333 0.039062 0.054167
4 0.713281 0.331944 0.034375 0.043056
5 0.446875 0.379167 0.034375 0.047222
5 0.539844 0.633333 0.042188 0.058333
5 0.580469 0.150000 0.032813 0.038889
5 0.664844 0.323611 0.035937 0.045833
5 0.675000 0.244444 0.037500 0.043056
5 0.715625 0.283333 0.036719 0.043056
5 0.839063 0.504167 0.042188 0.050000
6 0.417187 0.290278 0.038281 0.043056
6 0.418750 0.531944 0.044531 0.059722
6 0.569531 0.437500 0.043750 0.056944
6 0.596094 0.402778 0.044531 0.055556
7 0.411719 0.352778 0.040625 0.047222
7 0.426563 0.422222 0.050000 0.065278
7 0.442188 0.323611 0.037500 0.044444
7 0.622656 0.183333 0.032813 0.036111
8 0.464062 0.458333 0.039844 0.050000
8 0.500000 0.227778 0.034375 0.041667
8 0.505469 0.443056 0.035937 0.044444
8 0.612500 0.348611 0.039062 0.047222
8 0.641406 0.422222 0.035937 0.043056
8 0.818750 0.583333 0.040625 0.052778