1 0.654297 0.463194 0.038281 0.070833
1 0.655859 0.380556 0.038281 0.069444
1 0.660156 0.572222 0.037500 0.066667
1 0.661188 0.270372 0.036224 0.064133
1 0.690234 0.347917 0.038281 0.065278
1 0.705859 0.394444 0.039844 0.063889
1 0.717578 0.440278 0.038281 0.055556
1 0.720523 0.497605 0.038519 0.057411
1 0.734766 0.376389 0.038281 0.069444
1 0.751953 0.325694 0.041406 0.070833
1 0.752344 0.543750 0.039062 0.070833
1 0.784998 0.545077 0.035425 0.068902
1 0.794141 0.415278 0.041406 0.069444
1 0.815596 0.558358 0.035373 0.066070
3 0.717578 0.440278 0.038281 0.055556
4 0.661188 0.270372 0.036224 0.064133
4 0.751953 0.325694 0.041406 0.070833
4 0.784998 0.545077 0.035425 0.068902
4 0.794141 0.415278 0.041406 0.069444
4 0.815596 0.558358 0.035373 0.066070
5 0.734766 0.376389 0.038281 0.069444
6 0.705859 0.394444 0.039844 0.063889
6 0.752344 0.543750 0.039062 0.070833
7 0.655859 0.380556 0.038281 0.069444
7 0.720523 0.497605 0.038519 0.057411
8 0.654297 0.463194 0.038281 0.070833
8 0.660156 0.572222 0.037500 0.066667
8 0.690234 0.347917 0.038281 0.065278