1 0.153516 0.541667 0.024219 0.044444
1 0.201172 0.323611 0.035156 0.058333
1 0.220312 0.731944 0.026562 0.050000
1 0.223047 0.467361 0.030469 0.051389
1 0.222656 0.628472 0.026562 0.051389
1 0.273047 0.184028 0.102344 0.118056
1 0.255859 0.729167 0.027344 0.050000
1 0.272266 0.511111 0.030469 0.058333
1 0.303906 0.527083 0.026562 0.045833
1 0.312500 0.429861 0.026562 0.048611
1 0.317969 0.752083 0.026562 0.048611
1 0.339062 0.667361 0.023438 0.045833
1 0.347656 0.377778 0.029687 0.052778
1 0.371484 0.538194 0.027344 0.051389
1 0.370312 0.705556 0.023438 0.047222
1 0.384766 0.600694 0.025781 0.048611
1 0.387500 0.654167 0.025000 0.044444
1 0.403125 0.787500 0.026562 0.052778
1 0.415625 0.303472 0.028125 0.051389
1 0.445312 0.440278 0.068750 0.077778
1 0.445312 0.325694 0.025000 0.043056
1 0.453516 0.738194 0.027344 0.054167
1 0.464844 0.626389 0.032813 0.061111
1 0.481641 0.823611 0.025781 0.050000
1 0.507422 0.711806 0.024219 0.048611
1 0.546875 0.600000 0.031250 0.058333
1 0.577734 0.646528 0.024219 0.045833
1 0.675391 0.264583 0.074219 0.106944
3 0.272266 0.511111 0.030469 0.058333
3 0.312500 0.429861 0.026562 0.048611
3 0.339062 0.667361 0.023438 0.045833
3 0.387500 0.654167 0.025000 0.044444
3 0.481641 0.823611 0.025781 0.050000
3 0.675391 0.264583 0.074219 0.106944
4 0.153516 0.541667 0.024219 0.044444
4 0.223047 0.467361 0.030469 0.051389
4 0.273047 0.184028 0.102344 0.118056
4 0.347656 0.377778 0.029687 0.052778
4 0.403125 0.787500 0.026562 0.052778
4 0.546875 0.600000 0.031250 0.058333
5 0.201172 0.323611 0.035156 0.058333
5 0.220312 0.731944 0.026562 0.050000
5 0.303906 0.527083 0.026562 0.045833
5 0.317969 0.752083 0.026562 0.048611
5 0.507422 0.711806 0.024219 0.048611
6 0.371484 0.538194 0.027344 0.051389
6 0.384766 0.600694 0.025781 0.048611
6 0.453516 0.738194 0.027344 0.054167
7 0.370312 0.705556 0.023438 0.047222
7 0.415625 0.303472 0.028125 0.051389
7 0.445312 0.325694 0.025000 0.043056
7 0.464844 0.626389 0.032813 0.061111
7 0.577734 0.646528 0.024219 0.045833
8 0.222656 0.628472 0.026562 0.051389
8 0.255859 0.729167 0.027344 0.050000
8 0.445312 0.440278 0.068750 0.077778