1 0.318750 0.307639 0.042188 0.054167
1 0.344922 0.385417 0.052344 0.070833
1 0.412500 0.285417 0.050000 0.065278
1 0.466797 0.191667 0.035156 0.041667
1 0.491016 0.377083 0.036719 0.048611
1 0.499173 0.315092 0.032549 0.048985
1 0.525781 0.238194 0.032813 0.040278
1 0.579688 0.341667 0.053125 0.066667
1 0.588281 0.255556 0.046875 0.061111
1 0.588672 0.106944 0.033594 0.041667
1 0.613281 0.215278 0.040625 0.052778
1 0.634375 0.311111 0.037500 0.050000
1 0.648438 0.104167 0.032813 0.041667
1 0.661328 0.459722 0.036719 0.052778
1 0.665234 0.187500 0.033594 0.044444
1 0.693750 0.277083 0.039062 0.051389
1 0.778125 0.372222 0.043750 0.063889
3 0.344922 0.385417 0.052344 0.070833
3 0.499173 0.315092 0.032549 0.048985
4 0.318750 0.307639 0.042188 0.054167
4 0.648438 0.104167 0.032813 0.041667
5 0.491016 0.377083 0.036719 0.048611
5 0.661328 0.459722 0.036719 0.052778
5 0.665234 0.187500 0.033594 0.044444
5 0.693750 0.277083 0.039062 0.051389
6 0.412500 0.285417 0.050000 0.065278
6 0.466797 0.191667 0.035156 0.041667
6 0.613281 0.215278 0.040625 0.052778
6 0.778125 0.372222 0.043750 0.063889
7 0.525781 0.238194 0.032813 0.040278
7 0.588281 0.255556 0.046875 0.061111
7 0.588672 0.106944 0.033594 0.041667
7 0.634375 0.311111 0.037500 0.050000
8 0.579688 0.341667 0.053125 0.066667