1 0.179684 0.607523 0.021868 0.040045
1 0.187109 0.645833 0.025781 0.044444
1 0.203906 0.558333 0.029687 0.052778
1 0.249787 0.637210 0.020934 0.035945
1 0.256848 0.686307 0.028662 0.047820
1 0.266016 0.494444 0.028906 0.047222
1 0.267578 0.538194 0.025781 0.037500
1 0.291797 0.648611 0.025781 0.047222
1 0.293450 0.572599 0.025117 0.041347
1 0.308891 0.683090 0.021921 0.042294
1 0.316506 0.579224 0.024093 0.041391
1 0.317176 0.640278 0.023771 0.041338
1 0.323437 0.434722 0.028125 0.050000
1 0.345703 0.383333 0.027344 0.047222
1 0.359499 0.716253 0.032564 0.053606
1 0.360376 0.433627 0.025167 0.044314
1 0.378125 0.543750 0.026562 0.037500
1 0.385156 0.795139 0.026562 0.054167
1 0.386240 0.575339 0.021835 0.035997
1 0.406055 0.589495 0.024176 0.045902
1 0.414844 0.302778 0.028125 0.050000
1 0.419690 0.471584 0.030933 0.051276
1 0.430857 0.663550 0.027348 0.045123
1 0.436166 0.611042 0.023434 0.042052
1 0.439453 0.722917 0.027344 0.054167
1 0.444922 0.329861 0.025781 0.043056
1 0.454362 0.505194 0.030128 0.047735
1 0.461860 0.449531 0.031228 0.059101
1 0.470703 0.774306 0.024219 0.048611
1 0.478125 0.633333 0.023438 0.047222
1 0.494141 0.661806 0.025781 0.051389
1 0.535156 0.667361 0.029687 0.054167
1 0.571875 0.385417 0.026562 0.048611
3 0.249901 0.636210 0.021428 0.035310
3 0.266016 0.494444 0.028906 0.047222
3 0.291797 0.648611 0.025781 0.047222
3 0.316506 0.579224 0.024093 0.041391
3 0.317085 0.640168 0.023590 0.040933
3 0.406055 0.589495 0.024176 0.045902
3 0.454362 0.505194 0.030128 0.047735
3 0.571875 0.385417 0.026562 0.048611
4 0.267578 0.538194 0.025781 0.037500
4 0.308891 0.683090 0.021921 0.042294
4 0.323437 0.434722 0.028125 0.050000
4 0.345703 0.383333 0.027344 0.047222
4 0.360376 0.433627 0.025167 0.044314
4 0.462262 0.450530 0.031382 0.057972
4 0.535156 0.667361 0.029687 0.054167
5 0.385156 0.795139 0.026562 0.054167
5 0.430772 0.663664 0.027518 0.045044
5 0.470703 0.774306 0.024219 0.048611
6 0.178988 0.605444 0.020476 0.035887
6 0.187109 0.645683 0.025781 0.044444
6 0.293547 0.573079 0.024349 0.041687
6 0.359596 0.716205 0.032371 0.053701
7 0.378125 0.543750 0.026562 0.037500
7 0.386240 0.575339 0.021835 0.035997
7 0.414844 0.302778 0.028125 0.050000
7 0.439453 0.722917 0.027344 0.054167
7 0.444922 0.329861 0.025781 0.043056
7 0.478125 0.633333 0.023438 0.047222
8 0.203906 0.558333 0.029687 0.052778
8 0.256781 0.686585 0.028687 0.048902
8 0.419852 0.471573 0.030608 0.051299
8 0.436166 0.611042 0.023434 0.042052
8 0.494141 0.661806 0.025781 0.051389