0 0.345313 0.575000 0.073438 0.138889
0 0.369531 0.473611 0.062500 0.130556
0 0.493750 0.574306 0.076563 0.143056
1 0.343562 0.547129 0.064313 0.082442
1 0.367139 0.443089 0.054619 0.065574
1 0.496842 0.545304 0.066816 0.081026
2 0.326290 0.608748 0.034417 0.079537
2 0.364077 0.601351 0.035952 0.091547
2 0.374916 0.506936 0.049096 0.065037
2 0.475646 0.607448 0.038444 0.072934
2 0.517473 0.605742 0.034362 0.079519
3 0.496842 0.545304 0.066816 0.081026
7 0.368162 0.444478 0.056665 0.068353
8 0.343562 0.547129 0.064313 0.082442