1 0.217188 0.493750 0.026562 0.048611
1 0.244141 0.623611 0.027344 0.052778
1 0.274609 0.511111 0.025781 0.044444
1 0.304297 0.502778 0.025781 0.044444
1 0.339844 0.580556 0.023438 0.041667
1 0.341797 0.686806 0.025781 0.048611
1 0.344531 0.427778 0.028125 0.047222
1 0.346094 0.526389 0.026562 0.047222
1 0.366797 0.601389 0.027344 0.047222
1 0.365625 0.663194 0.023438 0.048611
1 0.368750 0.450694 0.028125 0.043056
1 0.368750 0.506944 0.026562 0.044444
1 0.381641 0.473611 0.028906 0.041667
1 0.413672 0.709722 0.024219 0.050000
1 0.445703 0.533333 0.072656 0.069444
1 0.428125 0.791667 0.023438 0.050000
1 0.430078 0.429167 0.025781 0.041667
1 0.435156 0.737500 0.031250 0.055556
1 0.450000 0.792361 0.023438 0.045833
1 0.471094 0.318750 0.026562 0.045833
1 0.471484 0.715972 0.024219 0.048611
1 0.488672 0.425694 0.027344 0.048611
1 0.494922 0.729167 0.025781 0.047222
1 0.504687 0.450000 0.028125 0.047222
1 0.519141 0.719444 0.032031 0.058333
1 0.551172 0.541667 0.025781 0.047222
1 0.564844 0.686111 0.021875 0.044444
1 0.580469 0.500694 0.023438 0.043056
1 0.677734 0.503472 0.072656 0.112500
3 0.217188 0.493750 0.026562 0.048611
3 0.365625 0.663194 0.023438 0.048611
3 0.435156 0.737500 0.031250 0.055556
3 0.471484 0.715972 0.024219 0.048611
3 0.494922 0.729167 0.025781 0.047222
3 0.564844 0.686111 0.021875 0.044444
3 0.677734 0.503472 0.072656 0.112500
4 0.344531 0.427778 0.028125 0.047222
4 0.445703 0.533333 0.072656 0.069444
5 0.244141 0.623611 0.027344 0.052778
5 0.274609 0.511111 0.025781 0.044444
5 0.304297 0.502778 0.025781 0.044444
5 0.341797 0.686806 0.025781 0.048611
5 0.551172 0.541667 0.025781 0.047222
6 0.346094 0.526389 0.026562 0.047222
6 0.430078 0.429167 0.025781 0.041667
6 0.471094 0.318750 0.026562 0.045833
6 0.504687 0.450000 0.028125 0.047222
7 0.339844 0.580556 0.023438 0.041667
7 0.368750 0.506944 0.026562 0.044444
7 0.428125 0.791667 0.023438 0.050000
7 0.488672 0.425694 0.027344 0.048611
7 0.580469 0.500694 0.023438 0.043056
8 0.366797 0.601389 0.027344 0.047222
8 0.368750 0.450694 0.028125 0.043056
8 0.381641 0.473611 0.028906 0.041667
8 0.413672 0.709722 0.024219 0.050000
8 0.450000 0.792361 0.023438 0.045833
8 0.519141 0.719444 0.032031 0.058333