1 0.347656 0.273611 0.039062 0.052778
1 0.369141 0.101389 0.036719 0.047222
1 0.416016 0.241667 0.035156 0.047222
1 0.425781 0.131944 0.037500 0.047222
1 0.432422 0.284028 0.050781 0.065278
1 0.431641 0.188194 0.038281 0.048611
1 0.477344 0.038889 0.031250 0.038889
1 0.486030 0.214001 0.035470 0.050875
1 0.550391 0.164583 0.035156 0.040278
1 0.594531 0.387500 0.039062 0.061111
1 0.618750 0.125694 0.032813 0.043056
1 0.632031 0.259028 0.034375 0.048611
1 0.666016 0.140972 0.032031 0.043056
1 0.772266 0.285417 0.036719 0.048611
1 0.797656 0.480556 0.035937 0.050000
4 0.486030 0.214001 0.035470 0.050875
4 0.550391 0.164583 0.035156 0.040278
4 0.618750 0.125694 0.032813 0.043056
5 0.431641 0.188194 0.038281 0.048611
5 0.632031 0.259028 0.034375 0.048611
5 0.666016 0.140972 0.032031 0.043056
6 0.432422 0.284028 0.050781 0.065278
7 0.347656 0.273611 0.039062 0.052778
7 0.416016 0.241667 0.035156 0.047222
7 0.425781 0.131944 0.037500 0.047222
7 0.594531 0.387500 0.039062 0.061111
7 0.772266 0.285417 0.036719 0.048611
7 0.797656 0.480556 0.035937 0.050000
8 0.369141 0.101389 0.036719 0.047222
8 0.477344 0.038889 0.031250 0.038889