0 0.365625 0.438194 0.060937 0.134722
0 0.394922 0.510417 0.075781 0.143056
0 0.509766 0.497222 0.071094 0.138889
1 0.363230 0.408395 0.056463 0.075656
1 0.393343 0.486269 0.061962 0.088588
1 0.512023 0.467497 0.061801 0.075308
2 0.362235 0.469825 0.041283 0.070334
2 0.373357 0.540364 0.026741 0.083705
2 0.410795 0.542646 0.039388 0.072586
2 0.496758 0.530831 0.039824 0.086635
2 0.531506 0.522019 0.028671 0.090089
4 0.512023 0.467497 0.061801 0.075308
5 0.393343 0.486269 0.061962 0.088588
6 0.363230 0.408395 0.056463 0.075656