1 0.456641 0.470833 0.033594 0.055556
1 0.545703 0.416667 0.035156 0.058333
1 0.552745 0.466216 0.030582 0.050852
1 0.555859 0.350000 0.032031 0.055556
1 0.570751 0.403141 0.026743 0.049409
1 0.583203 0.443750 0.032031 0.059722
1 0.590807 0.280263 0.029276 0.050732
1 0.600391 0.491667 0.035156 0.061111
1 0.621484 0.433333 0.032031 0.052778
1 0.627734 0.359028 0.033594 0.056944
1 0.631517 0.219973 0.030014 0.051888
1 0.636719 0.158333 0.037500 0.061111
1 0.650000 0.403472 0.032813 0.054167
1 0.660156 0.468750 0.035937 0.059722
1 0.680859 0.406944 0.030469 0.052778
1 0.722679 0.572970 0.031204 0.056838
1 0.752552 0.437926 0.029065 0.048513
3 0.552745 0.466216 0.030582 0.050852
3 0.570751 0.403141 0.026743 0.049409
3 0.583203 0.443750 0.032031 0.059722
4 0.545703 0.416667 0.035156 0.058333
4 0.621484 0.433333 0.032031 0.052778
4 0.627734 0.359028 0.033594 0.056944
4 0.631517 0.219973 0.030014 0.051888
4 0.636719 0.158333 0.037500 0.061111
4 0.660156 0.468750 0.035937 0.059722
5 0.555859 0.350000 0.032031 0.055556
5 0.680859 0.406944 0.030469 0.052778
5 0.722740 0.572817 0.031082 0.057144
5 0.752552 0.437926 0.029065 0.048513
7 0.590807 0.280263 0.029276 0.050732
8 0.456641 0.470833 0.033594 0.055556
8 0.600391 0.491667 0.035156 0.061111
8 0.650000 0.403472 0.032813 0.054167