1 0.358594 0.133333 0.031250 0.040278
1 0.394531 0.138889 0.032031 0.043056
1 0.428906 0.220833 0.038281 0.045833
1 0.437500 0.147222 0.036719 0.045833
1 0.472656 0.261111 0.039062 0.050000
1 0.560156 0.137500 0.039062 0.047222
1 0.585938 0.226389 0.042969 0.052778
1 0.600781 0.118056 0.036719 0.044444
1 0.628906 0.340278 0.043750 0.063889
1 0.645312 0.243056 0.037500 0.047222
1 0.651563 0.144444 0.036719 0.045833
1 0.675000 0.188889 0.038281 0.048611
1 0.686719 0.119444 0.035937 0.048611
1 0.710938 0.095833 0.030469 0.037500
1 0.720313 0.270833 0.032031 0.040278
1 0.728125 0.231944 0.035156 0.044444
1 0.840625 0.052778 0.035937 0.050000
1 0.847656 0.019444 0.035156 0.040278
3 0.472656 0.261111 0.039062 0.050000
4 0.394531 0.138889 0.032031 0.043056
4 0.428906 0.220833 0.038281 0.045833
4 0.437500 0.147222 0.036719 0.045833
4 0.560156 0.137500 0.039062 0.047222
4 0.686719 0.119444 0.035937 0.048611
5 0.358594 0.133333 0.031250 0.040278
5 0.585938 0.226389 0.042969 0.052778
5 0.600781 0.118056 0.036719 0.044444
5 0.628906 0.340278 0.043750 0.063889
5 0.728125 0.231944 0.035156 0.044444
6 0.675000 0.188889 0.038281 0.048611
6 0.710938 0.095833 0.030469 0.037500
7 0.651563 0.144444 0.036719 0.045833
8 0.645312 0.243056 0.037500 0.047222
8 0.720313 0.270833 0.032031 0.040278
8 0.840625 0.052778 0.035937 0.050000
8 0.847656 0.019444 0.035156 0.040278