1 0.373047 0.339583 0.046094 0.076389
1 0.501953 0.250000 0.061719 0.111111
1 0.504297 0.798611 0.041406 0.075000
1 0.601953 0.209028 0.041406 0.070833
1 0.628906 0.272222 0.042188 0.075000
1 0.645703 0.627778 0.046094 0.083333
1 0.647266 0.076389 0.042969 0.069444
1 0.653858 0.173991 0.050922 0.091922
1 0.675325 0.772116 0.052213 0.100836
1 0.907422 0.488194 0.055469 0.090278
5 0.501953 0.250000 0.061719 0.111111
5 0.601953 0.209028 0.041406 0.070833
6 0.628906 0.272222 0.042188 0.075000
6 0.653858 0.173991 0.050922 0.091922
6 0.675325 0.772116 0.052213 0.100836
7 0.373047 0.339583 0.046094 0.076389
7 0.504297 0.798611 0.041406 0.075000
8 0.645703 0.627778 0.046094 0.083333
8 0.647266 0.076389 0.042969 0.069444
8 0.907422 0.488194 0.055469 0.090278