1 0.066016 0.739583 0.028906 0.051389
1 0.127344 0.433333 0.028125 0.052778
1 0.176563 0.636111 0.025000 0.044444
1 0.187891 0.675000 0.024219 0.044444
1 0.294141 0.569444 0.027344 0.047222
1 0.317578 0.627778 0.022656 0.041667
1 0.349985 0.679574 0.019525 0.035350
1 0.357812 0.543750 0.028125 0.048611
1 0.372656 0.656250 0.026562 0.048611
1 0.371484 0.775694 0.024219 0.048611
1 0.374546 0.432504 0.021530 0.040609
1 0.395703 0.429861 0.024219 0.043056
1 0.395619 0.665535 0.023025 0.040335
1 0.408899 0.725314 0.026361 0.046669
1 0.414062 0.681944 0.025000 0.041667
1 0.418359 0.506250 0.025781 0.048611
1 0.433594 0.709028 0.025000 0.043056
1 0.438681 0.746650 0.024885 0.040912
1 0.454688 0.402778 0.026562 0.047222
1 0.464062 0.464583 0.023438 0.043056
1 0.471484 0.351389 0.025781 0.044444
1 0.476172 0.713889 0.027344 0.047222
1 0.476659 0.424456 0.023245 0.039978
1 0.478706 0.779158 0.022275 0.036128
1 0.482840 0.390938 0.020177 0.033873
1 0.498047 0.473611 0.024219 0.044444
1 0.520000 0.537898 0.020914 0.037542
1 0.535937 0.465278 0.021875 0.041667
1 0.556505 0.409042 0.022927 0.040248
1 0.559522 0.451882 0.020018 0.037902
1 0.576828 0.589786 0.021983 0.037822
1 0.600781 0.464583 0.026562 0.045833
1 0.615884 0.640168 0.024640 0.047396
1 0.626970 0.537374 0.025747 0.047475
1 0.637249 0.667283 0.022378 0.040434
1 0.805711 0.902277 0.022953 0.037112
3 0.349985 0.679574 0.019525 0.035350
3 0.471484 0.351389 0.025781 0.044444
3 0.498047 0.473611 0.024219 0.044444
3 0.520000 0.537898 0.020914 0.037542
3 0.535937 0.465278 0.021875 0.041667
3 0.805629 0.901811 0.023117 0.038045
4 0.066016 0.739583 0.028906 0.051389
4 0.127344 0.433333 0.028125 0.052778
4 0.374604 0.432504 0.021530 0.040609
4 0.395703 0.429861 0.024219 0.043056
4 0.479871 0.779442 0.019946 0.035560
5 0.372656 0.656250 0.026562 0.048611
5 0.433594 0.709028 0.025000 0.043056
5 0.438681 0.746650 0.024885 0.040912
5 0.615774 0.640851 0.023939 0.045632
5 0.637433 0.667532 0.022008 0.039936
6 0.176563 0.636111 0.025000 0.044444
6 0.357812 0.543750 0.028125 0.048611
6 0.371484 0.775694 0.024219 0.048611
6 0.418359 0.506250 0.025781 0.048611
6 0.464062 0.464583 0.023438 0.043056
6 0.476172 0.713889 0.027344 0.047222
7 0.294141 0.569444 0.027344 0.047222
7 0.414062 0.681944 0.025000 0.041667
7 0.454688 0.402778 0.026562 0.047222
7 0.556411 0.409005 0.023116 0.040324
7 0.559682 0.452127 0.019698 0.037412
7 0.627040 0.537619 0.025607 0.046985
8 0.187891 0.675000 0.024219 0.044444
8 0.317578 0.627778 0.022656 0.041667
8 0.395619 0.665535 0.023025 0.040335
8 0.408899 0.725314 0.026361 0.046669
8 0.476913 0.424463 0.022736 0.039963
8 0.482840 0.390938 0.020177 0.033873
8 0.576828 0.589786 0.021983 0.037822
8 0.600781 0.464583 0.026562 0.045833