1 0.419531 0.309722 0.042969 0.050000
1 0.439844 0.187500 0.032813 0.037500
1 0.469531 0.495833 0.039844 0.050000
1 0.475781 0.173611 0.032813 0.037500
1 0.516406 0.301389 0.043750 0.056944
1 0.518750 0.176389 0.032813 0.040278
1 0.589844 0.552778 0.044531 0.063889
1 0.682031 0.501389 0.046094 0.061111
1 0.745313 0.448611 0.046875 0.061111
1 0.762500 0.284722 0.039062 0.045833
1 0.771875 0.338889 0.039062 0.047222
3 0.475781 0.173611 0.032813 0.037500
3 0.682031 0.501389 0.046094 0.061111
3 0.745313 0.448611 0.046875 0.061111
4 0.516406 0.301389 0.043750 0.056944
5 0.419531 0.309722 0.042969 0.050000
5 0.439844 0.187500 0.032813 0.037500
6 0.518750 0.176389 0.032813 0.040278
6 0.589844 0.552778 0.044531 0.063889
8 0.469531 0.495833 0.039844 0.050000
8 0.762500 0.284722 0.039062 0.045833
8 0.771875 0.338889 0.039062 0.047222