0 0.379688 0.448611 0.071875 0.122222
0 0.404297 0.545139 0.074219 0.143056
0 0.510547 0.490972 0.067969 0.137500
1 0.377708 0.427907 0.058931 0.081143
1 0.401221 0.515159 0.062090 0.079539
1 0.513432 0.457935 0.061733 0.068993
2 0.358726 0.474513 0.027212 0.069116
2 0.378266 0.563509 0.020449 0.103173
2 0.415896 0.572790 0.049690 0.084279
2 0.404046 0.451920 0.023302 0.046424
2 0.505232 0.524607 0.055557 0.070747
2 0.538680 0.509418 0.010912 0.100928
4 0.401221 0.515159 0.062090 0.079539
6 0.513432 0.457935 0.061733 0.068993
7 0.377708 0.427907 0.058931 0.081143