1 0.343359 0.606250 0.024219 0.043056
1 0.348828 0.670833 0.028906 0.050000
1 0.354687 0.528472 0.026562 0.045833
1 0.367188 0.634028 0.025000 0.045833
1 0.394141 0.622917 0.025781 0.043056
1 0.394320 0.753200 0.023861 0.043601
1 0.411328 0.555556 0.028906 0.050000
1 0.427734 0.614583 0.024219 0.043056
1 0.450000 0.659722 0.021875 0.041667
1 0.462500 0.454861 0.023438 0.040278
1 0.467578 0.687500 0.025781 0.047222
1 0.484375 0.586111 0.023438 0.044444
1 0.505469 0.524306 0.023438 0.037500
1 0.508984 0.563194 0.024219 0.040278
1 0.514062 0.632639 0.026562 0.048611
1 0.519636 0.594895 0.021849 0.037117
1 0.536482 0.569528 0.021055 0.043093
1 0.566406 0.552083 0.026562 0.045833
3 0.354687 0.528472 0.026562 0.045833
3 0.367188 0.634028 0.025000 0.045833
3 0.505469 0.524306 0.023438 0.037500
3 0.514062 0.632639 0.026562 0.048611
3 0.536482 0.569528 0.021055 0.043093
4 0.348828 0.670833 0.028906 0.050000
4 0.393901 0.753742 0.024698 0.042515
4 0.411328 0.555556 0.028906 0.050000
4 0.427734 0.614583 0.024219 0.043056
4 0.450000 0.659722 0.021875 0.041667
4 0.462500 0.454861 0.023438 0.040278
5 0.343359 0.606250 0.024219 0.043056
5 0.566406 0.552083 0.026562 0.045833
7 0.467578 0.687500 0.025781 0.047222
8 0.394141 0.622917 0.025781 0.043056
8 0.484375 0.586111 0.023438 0.044444
8 0.508984 0.563194 0.024219 0.040278
8 0.519636 0.594895 0.021849 0.037117