1 0.478125 0.263889 0.051562 0.055556
1 0.543750 0.253472 0.035937 0.040278
1 0.591016 0.222917 0.033594 0.037500
1 0.650781 0.327083 0.053125 0.062500
1 0.663506 0.406503 0.047988 0.061994
1 0.657824 0.168122 0.028103 0.033201
1 0.667969 0.242361 0.032813 0.037500
1 0.730469 0.409722 0.045312 0.058333
1 0.877344 0.675694 0.048438 0.059722
3 0.543750 0.253472 0.035937 0.040278
3 0.650781 0.327083 0.053125 0.062500
5 0.730469 0.409722 0.045312 0.058333
6 0.478125 0.263889 0.051562 0.055556
6 0.658034 0.168702 0.027682 0.032040
6 0.667969 0.242361 0.032813 0.037500
7 0.662664 0.406582 0.049673 0.061836
7 0.877344 0.675694 0.048438 0.059722
8 0.591016 0.222917 0.033594 0.037500