1 0.282422 0.497917 0.036719 0.059722
1 0.286328 0.629861 0.033594 0.056944
1 0.309375 0.590278 0.037500 0.063889
1 0.390507 0.859780 0.029924 0.049884
1 0.396875 0.493750 0.031250 0.056944
1 0.412678 0.696147 0.034018 0.057707
1 0.432031 0.486111 0.029687 0.047222
1 0.433984 0.535417 0.030469 0.051389
1 0.448437 0.816667 0.029687 0.058333
1 0.508203 0.670833 0.035156 0.066667
1 0.530078 0.612500 0.030469 0.052778
1 0.541797 0.554861 0.035156 0.059722
1 0.588278 0.726405 0.035187 0.066477
1 0.587500 0.656250 0.032813 0.062500
1 0.627344 0.619444 0.031250 0.052778
3 0.627344 0.619444 0.031250 0.052778
4 0.412746 0.695996 0.033884 0.058007
4 0.433984 0.535417 0.030469 0.051389
5 0.530078 0.612500 0.030469 0.052778
5 0.541797 0.554861 0.035156 0.059722
5 0.588278 0.726405 0.035187 0.066477
6 0.309375 0.590278 0.037500 0.063889
6 0.432031 0.486111 0.029687 0.047222
6 0.587500 0.656250 0.032813 0.062500
7 0.286328 0.629861 0.033594 0.056944
7 0.390065 0.859748 0.030808 0.049948
8 0.282422 0.497917 0.036719 0.059722
8 0.396875 0.493750 0.031250 0.056944
8 0.448437 0.816667 0.029687 0.058333
8 0.508203 0.670833 0.035156 0.066667