1 0.414844 0.377778 0.034375 0.048611
1 0.429688 0.497222 0.050000 0.065278
1 0.430469 0.497222 0.050000 0.065278
1 0.434375 0.188889 0.037500 0.041667
1 0.440625 0.413889 0.053125 0.072222
1 0.455469 0.343056 0.049219 0.066667
1 0.520312 0.263889 0.039062 0.054167
1 0.579688 0.165278 0.043750 0.050000
1 0.607812 0.268056 0.034375 0.044444
1 0.610938 0.138889 0.033594 0.044444
1 0.625000 0.225000 0.035937 0.047222
1 0.628906 0.480556 0.038281 0.052778
1 0.652344 0.355556 0.042188 0.055556
1 0.680469 0.309722 0.039062 0.058333
1 0.691406 0.415278 0.039844 0.055556
1 0.703125 0.165278 0.036719 0.056944
1 0.705469 0.140278 0.035937 0.051389
1 0.713281 0.294444 0.038281 0.050000
1 0.735156 0.259722 0.034375 0.040278
1 0.739844 0.222222 0.033594 0.043056
3 0.414844 0.377778 0.034375 0.048611
3 0.440625 0.413889 0.053125 0.072222
3 0.455469 0.343056 0.049219 0.066667
3 0.579688 0.165278 0.043750 0.050000
3 0.610938 0.138889 0.033594 0.044444
4 0.520312 0.263889 0.039062 0.054167
4 0.628906 0.480556 0.038281 0.052778
5 0.652344 0.355556 0.042188 0.055556
5 0.680469 0.309722 0.039062 0.058333
5 0.703125 0.165278 0.036719 0.056944
5 0.739844 0.222222 0.033594 0.043056
6 0.691406 0.415278 0.039844 0.055556
7 0.713281 0.294444 0.038281 0.050000
8 0.429688 0.497222 0.050000 0.065278
8 0.430469 0.497222 0.050000 0.065278
8 0.434375 0.188889 0.037500 0.041667
8 0.607812 0.268056 0.034375 0.044444
8 0.625000 0.225000 0.035937 0.047222
8 0.705469 0.140278 0.035937 0.051389
8 0.735156 0.259722 0.034375 0.040278