1 0.037339 0.903482 0.071071 0.094505
1 0.086055 0.566188 0.056485 0.065710
1 0.096094 0.781250 0.067187 0.090278
1 0.134757 0.605879 0.071076 0.083980
1 0.149559 0.837098 0.065982 0.093301
1 0.152929 0.513051 0.062108 0.064991
1 0.234351 0.813719 0.066644 0.094444
1 0.241016 0.652778 0.058594 0.066667
1 0.285547 0.492361 0.049219 0.062500
1 0.307481 0.654802 0.059309 0.082655
3 0.037339 0.903482 0.071071 0.094505
3 0.149559 0.837098 0.065982 0.093301
3 0.152644 0.513833 0.061539 0.066555
4 0.096094 0.781250 0.067187 0.090278
4 0.134526 0.606354 0.070614 0.084930
5 0.234367 0.813613 0.067092 0.095741
6 0.306850 0.654387 0.058383 0.085711
7 0.085858 0.566394 0.056092 0.066121
8 0.241016 0.652778 0.058594 0.066667
8 0.285547 0.492361 0.049219 0.062500