1 0.308984 0.568056 0.077344 0.094444
1 0.356647 0.397658 0.069545 0.081426
1 0.368246 0.484005 0.070866 0.090231
1 0.448431 0.473789 0.057799 0.078133
1 0.544456 0.657621 0.079536 0.109687
1 0.569758 0.558261 0.091078 0.144301
1 0.804024 0.767391 0.074976 0.107335
1 0.865379 0.623264 0.064996 0.077078
3 0.308984 0.568056 0.077344 0.094444
4 0.448431 0.473789 0.057799 0.078133
6 0.804024 0.767391 0.074976 0.107335
7 0.865379 0.623264 0.064996 0.077078
8 0.356647 0.397658 0.069545 0.081426
8 0.368246 0.484005 0.070866 0.090231
8 0.544456 0.657621 0.079536 0.109687
8 0.569758 0.558261 0.091078 0.144301