1 0.283203 0.480556 0.050781 0.052778
1 0.362698 0.513638 0.042584 0.057832
1 0.449818 0.601118 0.046512 0.060570
1 0.467404 0.544976 0.045746 0.059396
1 0.483594 0.493056 0.050000 0.058333
1 0.526916 0.572869 0.045427 0.064514
1 0.534521 0.396686 0.042479 0.048927
1 0.561426 0.539928 0.050977 0.063190
1 0.604123 0.674662 0.055109 0.074721
1 0.612049 0.514075 0.047535 0.055927
1 0.695746 0.605926 0.047742 0.064631
1 0.726193 0.524653 0.045678 0.062746
1 0.797346 0.716063 0.046790 0.072687
3 0.283203 0.480556 0.050781 0.052778
3 0.362698 0.513638 0.042584 0.057832
3 0.449818 0.601118 0.046512 0.060570
3 0.526916 0.572869 0.045427 0.064514
4 0.467404 0.544976 0.045746 0.059396
4 0.726193 0.524653 0.045678 0.062746
6 0.561426 0.539928 0.050977 0.063190
6 0.604123 0.674662 0.055109 0.074721
7 0.534521 0.396686 0.042479 0.048927
7 0.612049 0.514075 0.047535 0.055927
7 0.695746 0.605926 0.047742 0.064631
7 0.797346 0.716063 0.046790 0.072687
8 0.483594 0.493056 0.050000 0.058333