1 0.317188 0.245139 0.064062 0.051389
1 0.378000 0.389770 0.091937 0.085095
1 0.424609 0.315278 0.078906 0.069444
1 0.469531 0.265972 0.078125 0.065278
1 0.521484 0.299306 0.077344 0.068056
1 0.553906 0.131944 0.053125 0.047222
1 0.600781 0.235417 0.079687 0.059722
1 0.650031 0.328387 0.089023 0.087842
1 0.695703 0.202083 0.077344 0.068056
1 0.798828 0.190972 0.066406 0.051389
1 0.818750 0.250000 0.076563 0.061111
3 0.424609 0.315278 0.078906 0.069444
3 0.695703 0.202083 0.077344 0.068056
5 0.469531 0.265972 0.078125 0.065278
5 0.553906 0.131944 0.053125 0.047222
5 0.600781 0.235417 0.079687 0.059722
5 0.650031 0.328387 0.089023 0.087842
6 0.317188 0.245139 0.064062 0.051389
6 0.378000 0.389770 0.091937 0.085095
6 0.818750 0.250000 0.076563 0.061111
8 0.521484 0.299306 0.077344 0.068056
8 0.798828 0.190972 0.066406 0.051389