1 0.350680 0.328549 0.065423 0.070987
1 0.383595 0.624772 0.060940 0.091212
1 0.408564 0.414627 0.064003 0.070921
1 0.491887 0.451855 0.060336 0.067598
1 0.510774 0.540364 0.065297 0.080729
1 0.516149 0.302190 0.051047 0.062714
1 0.569570 0.635396 0.067265 0.098570
1 0.739084 0.352131 0.048480 0.057040
3 0.383595 0.624772 0.060940 0.091212
3 0.408564 0.414627 0.064003 0.070921
3 0.569570 0.635396 0.067265 0.098570
6 0.350680 0.328549 0.065423 0.070987
6 0.510774 0.540364 0.065297 0.080729
6 0.516149 0.302190 0.051047 0.062714
7 0.491887 0.451855 0.060336 0.067598
7 0.739303 0.351304 0.048918 0.055387