1 0.495312 0.581944 0.051562 0.066667
1 0.505859 0.493056 0.058594 0.066667
1 0.510938 0.662500 0.048438 0.063889
1 0.568359 0.764583 0.066406 0.081944
1 0.574670 0.650639 0.074339 0.112389
1 0.567578 0.564583 0.052344 0.059722
1 0.583594 0.441667 0.048438 0.055556
1 0.644922 0.558333 0.060156 0.069444
1 0.696570 0.616317 0.072827 0.102079
3 0.495312 0.581944 0.051562 0.066667
3 0.583594 0.441667 0.048438 0.055556
3 0.696731 0.616618 0.073150 0.102680
4 0.505859 0.493056 0.058594 0.066667
4 0.510938 0.662500 0.048438 0.063889
4 0.567578 0.564583 0.052344 0.059722
4 0.644922 0.558333 0.060156 0.069444
5 0.568359 0.764583 0.066406 0.081944
8 0.574806 0.650768 0.074612 0.112646