1 0.360156 0.754167 0.078125 0.105556
1 0.382465 0.464020 0.066493 0.080819
1 0.446822 0.621629 0.093645 0.143259
1 0.445126 0.815255 0.069939 0.099954
1 0.513464 0.483170 0.059976 0.095177
1 0.555078 0.576389 0.075781 0.116667
1 0.593983 0.372080 0.059840 0.071937
1 0.614030 0.243552 0.058130 0.067535
1 0.627782 0.652440 0.068065 0.107658
1 0.653465 0.490204 0.058905 0.073882
1 0.791274 0.659675 0.066923 0.097127
3 0.360156 0.754167 0.078125 0.105556
3 0.446822 0.621629 0.093645 0.143259
4 0.513464 0.483170 0.059976 0.095177
4 0.555078 0.576389 0.075781 0.116667
5 0.382465 0.464020 0.066493 0.080819
5 0.627782 0.652440 0.068065 0.107658
6 0.614352 0.243926 0.057486 0.066786
7 0.445126 0.815255 0.069939 0.099954
7 0.593983 0.372080 0.059840 0.071937
8 0.653465 0.490204 0.058905 0.073882
8 0.791274 0.659675 0.066923 0.097127