1 0.215835 0.562347 0.055108 0.066362
1 0.319371 0.492038 0.069991 0.081298
1 0.313842 0.620003 0.054247 0.065005
1 0.331039 0.730761 0.048016 0.058744
1 0.364708 0.650753 0.052853 0.068174
1 0.416307 0.699506 0.060738 0.071234
1 0.430859 0.359722 0.041406 0.038889
1 0.441356 0.640763 0.045211 0.062081
1 0.473112 0.433325 0.044662 0.055538
1 0.486943 0.558105 0.053573 0.063432
1 0.498313 0.629504 0.053726 0.068614
1 0.553125 0.549306 0.068750 0.070833
1 0.564796 0.656157 0.051658 0.065464
1 0.595703 0.532639 0.042969 0.051389
1 0.613281 0.579167 0.046875 0.055556
1 0.652685 0.653672 0.052442 0.062100
1 0.659588 0.817119 0.056677 0.084238
1 0.663672 0.602083 0.039844 0.045833
3 0.364708 0.650753 0.052853 0.068174
3 0.652685 0.653672 0.052442 0.062100
4 0.313842 0.620003 0.054247 0.065005
4 0.430859 0.359722 0.041406 0.038889
4 0.553125 0.549306 0.068750 0.070833
5 0.215835 0.562347 0.055108 0.066362
5 0.319371 0.492038 0.069991 0.081298
5 0.473112 0.433325 0.044662 0.055538
5 0.613281 0.579167 0.046875 0.055556
6 0.663672 0.602083 0.039844 0.045833
7 0.416307 0.699506 0.060738 0.071234
7 0.486943 0.558105 0.053573 0.063432
7 0.564796 0.656157 0.051658 0.065464
7 0.595703 0.532639 0.042969 0.051389
8 0.331039 0.730761 0.048016 0.058744
8 0.441356 0.640763 0.045211 0.062081
8 0.498313 0.629504 0.053726 0.068614
8 0.659588 0.817119 0.056677 0.084238