1 0.358594 0.134028 0.031250 0.040278
1 0.394922 0.139583 0.032031 0.043056
1 0.429297 0.221528 0.038281 0.045833
1 0.437891 0.147917 0.036719 0.045833
1 0.472656 0.261111 0.039062 0.050000
1 0.560156 0.137500 0.039062 0.047222
1 0.586328 0.226389 0.042969 0.052778
1 0.601172 0.118056 0.036719 0.044444
1 0.628906 0.340278 0.043750 0.063889
1 0.645312 0.243056 0.037500 0.047222
1 0.651953 0.145139 0.036719 0.045833
1 0.675391 0.189583 0.038281 0.048611
1 0.686719 0.120139 0.035937 0.048611
1 0.711328 0.096528 0.030469 0.037500
1 0.728516 0.231944 0.035156 0.044444
1 0.850276 0.020139 0.030698 0.040278
3 0.472656 0.261111 0.039062 0.050000
3 0.850425 0.020139 0.030506 0.040278
4 0.394922 0.139583 0.032031 0.043056
4 0.429297 0.221528 0.038281 0.045833
4 0.437891 0.147917 0.036719 0.045833
4 0.560156 0.137500 0.039062 0.047222
4 0.686719 0.120139 0.035937 0.048611
5 0.358594 0.134028 0.031250 0.040278
5 0.586328 0.226389 0.042969 0.052778
5 0.601172 0.118056 0.036719 0.044444
5 0.628906 0.340278 0.043750 0.063889
5 0.728516 0.231944 0.035156 0.044444
6 0.675391 0.189583 0.038281 0.048611
6 0.711328 0.096528 0.030469 0.037500
7 0.651953 0.145139 0.036719 0.045833
8 0.645312 0.243056 0.037500 0.047222