1 0.282069 0.817222 0.082024 0.098709
1 0.370934 0.471393 0.068430 0.059452
1 0.425391 0.376389 0.063281 0.055556
1 0.454670 0.531337 0.068715 0.068229
1 0.494141 0.698611 0.078906 0.086111
1 0.503125 0.824306 0.092188 0.109722
1 0.529177 0.600831 0.073979 0.079439
1 0.557813 0.329167 0.054688 0.052778
1 0.603417 0.601679 0.067772 0.075581
1 0.625391 0.708333 0.096094 0.108333
1 0.617698 0.466847 0.076022 0.061472
1 0.645531 0.537728 0.080124 0.078233
1 0.667969 0.810417 0.092188 0.106944
1 0.719601 0.282847 0.062898 0.050400
1 0.740234 0.505556 0.078906 0.077778
1 0.818026 0.468931 0.075115 0.065639
1 0.837690 0.542332 0.073818 0.070774
1 0.896379 0.472854 0.084945 0.067931
1 0.916626 0.548930 0.072999 0.071584
3 0.282069 0.817222 0.082024 0.098709
3 0.617698 0.466847 0.076022 0.061472
3 0.645531 0.537728 0.080124 0.078233
3 0.916626 0.548930 0.072999 0.071584
4 0.529285 0.600442 0.074194 0.078662
4 0.818026 0.468931 0.075115 0.065639
5 0.603417 0.601679 0.067772 0.075581
5 0.667969 0.810417 0.092188 0.106944
5 0.719601 0.282847 0.062898 0.050400
5 0.896379 0.472854 0.084945 0.067931
6 0.503125 0.824306 0.092188 0.109722
6 0.557813 0.329167 0.054688 0.052778
6 0.625391 0.708333 0.096094 0.108333
6 0.740234 0.505556 0.078906 0.077778
7 0.370934 0.471393 0.068430 0.059452
7 0.454670 0.531337 0.068715 0.068229
8 0.425391 0.376389 0.063281 0.055556
8 0.494141 0.698611 0.078906 0.086111
8 0.837690 0.542332 0.073818 0.070774