1 0.418750 0.383333 0.037500 0.047222
1 0.469531 0.305556 0.036719 0.038889
1 0.470313 0.393056 0.039844 0.045833
1 0.518750 0.540278 0.048438 0.063889
1 0.554688 0.350000 0.035156 0.038889
1 0.590625 0.531944 0.039062 0.048611
1 0.608594 0.356944 0.042969 0.051389
1 0.615625 0.458333 0.035937 0.047222
1 0.629687 0.413889 0.036719 0.045833
1 0.629687 0.570833 0.038281 0.048611
1 0.631250 0.509722 0.036719 0.045833
1 0.647656 0.375000 0.036719 0.047222
1 0.656250 0.291667 0.033594 0.036111
1 0.672656 0.450000 0.042969 0.052778
1 0.686719 0.387500 0.038281 0.043056
1 0.700000 0.522222 0.039844 0.055556
1 0.757812 0.420833 0.039062 0.044444
3 0.631250 0.509722 0.036719 0.045833
4 0.418750 0.383333 0.037500 0.047222
4 0.615625 0.458333 0.035937 0.047222
4 0.672656 0.450000 0.042969 0.052778
4 0.686719 0.387500 0.038281 0.043056
5 0.518750 0.540278 0.048438 0.063889
5 0.554688 0.350000 0.035156 0.038889
5 0.590625 0.531944 0.039062 0.048611
5 0.757812 0.420833 0.039062 0.044444
6 0.608594 0.356944 0.042969 0.051389
6 0.629687 0.570833 0.038281 0.048611
6 0.700000 0.522222 0.039844 0.055556
7 0.656250 0.291667 0.033594 0.036111
8 0.469531 0.305556 0.036719 0.038889
8 0.470313 0.393056 0.039844 0.045833
8 0.629687 0.413889 0.036719 0.045833
8 0.647656 0.375000 0.036719 0.047222