1 0.372656 0.499306 0.026562 0.045833
1 0.411726 0.742550 0.020511 0.038059
1 0.422266 0.518750 0.028906 0.051389
1 0.448434 0.593903 0.018415 0.037252
1 0.456641 0.654167 0.027344 0.047222
1 0.465515 0.614642 0.020857 0.039909
1 0.473047 0.418750 0.022656 0.040278
1 0.495703 0.548611 0.025781 0.041667
1 0.501640 0.592018 0.021160 0.036546
1 0.516016 0.487500 0.024219 0.036111
1 0.519531 0.526389 0.025000 0.038889
1 0.525047 0.595498 0.026414 0.047887
1 0.525037 0.768126 0.025398 0.046318
1 0.529757 0.556536 0.023017 0.038837
1 0.546094 0.530556 0.023438 0.041667
1 0.554876 0.735147 0.024883 0.042432
1 0.560758 0.799403 0.023690 0.036860
1 0.575215 0.756435 0.025616 0.041612
1 0.577344 0.515278 0.026562 0.044444
1 0.607031 0.590278 0.028125 0.047222
3 0.372656 0.499306 0.026562 0.045833
3 0.501640 0.592018 0.021160 0.036546
3 0.516016 0.487500 0.024219 0.036111
3 0.525047 0.595498 0.026414 0.047887
3 0.546094 0.530556 0.023438 0.041667
4 0.411726 0.742550 0.020511 0.038059
4 0.422266 0.518750 0.028906 0.051389
4 0.448434 0.593903 0.018415 0.037252
4 0.456641 0.654167 0.027344 0.047222
4 0.465515 0.614642 0.020857 0.039909
4 0.473047 0.418750 0.022656 0.040278
4 0.554876 0.735147 0.024883 0.042432
5 0.577344 0.515278 0.026562 0.044444
6 0.575215 0.756435 0.025616 0.041612
7 0.525037 0.768126 0.025398 0.046318
8 0.495703 0.548611 0.025781 0.041667
8 0.519531 0.526389 0.025000 0.038889
8 0.529757 0.556536 0.023017 0.038837
8 0.560758 0.799403 0.023690 0.036860
8 0.607031 0.590278 0.028125 0.047222