1 0.153125 0.540972 0.023438 0.043056
1 0.218040 0.734489 0.023853 0.049545
1 0.222126 0.468705 0.028628 0.054076
1 0.221449 0.629611 0.025853 0.046333
1 0.229687 0.507639 0.028125 0.045833
1 0.254682 0.732388 0.027832 0.048621
1 0.266016 0.494444 0.030469 0.052778
1 0.279297 0.606250 0.030469 0.056944
1 0.303516 0.525694 0.025781 0.045833
1 0.310865 0.430101 0.025208 0.043129
1 0.317188 0.752778 0.026562 0.050000
1 0.338828 0.669081 0.022345 0.039617
1 0.339027 0.473758 0.019645 0.037079
1 0.346875 0.377778 0.029687 0.052778
1 0.360173 0.461456 0.023857 0.041680
1 0.371094 0.537500 0.028125 0.050000
1 0.369922 0.706250 0.024219 0.045833
1 0.384375 0.600000 0.026562 0.050000
1 0.387500 0.654167 0.023438 0.044444
1 0.402344 0.787500 0.026562 0.052778
1 0.408594 0.608333 0.021875 0.047222
1 0.415625 0.303472 0.028125 0.051389
1 0.426388 0.495060 0.026063 0.047925
1 0.426393 0.438787 0.023969 0.047383
1 0.444922 0.325694 0.024219 0.043056
1 0.450441 0.438094 0.024507 0.049110
1 0.453516 0.737500 0.027344 0.055556
1 0.464062 0.626389 0.032813 0.063889
1 0.481250 0.823611 0.025000 0.050000
1 0.507031 0.710417 0.025000 0.048611
1 0.546484 0.600000 0.032031 0.058333
1 0.576953 0.645833 0.024219 0.044444
1 0.580078 0.496528 0.025781 0.045833
3 0.266016 0.494444 0.030469 0.052778
3 0.279297 0.606250 0.030469 0.056944
3 0.310865 0.430101 0.025208 0.043129
3 0.339161 0.669546 0.021679 0.038685
3 0.387500 0.654167 0.023438 0.044444
3 0.408594 0.608333 0.021875 0.047222
3 0.426393 0.438787 0.023969 0.047383
3 0.481250 0.823611 0.025000 0.050000
4 0.153125 0.540972 0.023438 0.043056
4 0.221592 0.468622 0.027558 0.053911
4 0.346875 0.377778 0.029687 0.052778
4 0.402344 0.787500 0.026562 0.052778
4 0.546484 0.600000 0.032031 0.058333
5 0.217597 0.735572 0.023028 0.048455
5 0.303516 0.525694 0.025781 0.045833
5 0.317188 0.752778 0.026562 0.050000
5 0.360173 0.461456 0.023857 0.041680
5 0.507031 0.710417 0.025000 0.048611
5 0.580078 0.496528 0.025781 0.045833
6 0.371094 0.537500 0.028125 0.050000
6 0.384375 0.600000 0.026562 0.050000
6 0.426388 0.495060 0.026063 0.047925
6 0.453516 0.737500 0.027344 0.055556
7 0.221755 0.629744 0.025240 0.046068
7 0.369922 0.706250 0.024219 0.045833
7 0.415625 0.303472 0.028125 0.051389
7 0.444922 0.325694 0.024219 0.043056
7 0.464062 0.626389 0.032813 0.063889
7 0.576953 0.645833 0.024219 0.044444
8 0.229687 0.507639 0.028125 0.045833
8 0.254330 0.732870 0.026634 0.047673
8 0.339027 0.473758 0.019645 0.037079
8 0.450441 0.438094 0.024507 0.049110