1 0.373828 0.279167 0.036719 0.038889
1 0.402734 0.301389 0.035156 0.044444
1 0.475000 0.127778 0.034375 0.038889
1 0.514453 0.164583 0.035156 0.040278
1 0.544922 0.244444 0.038281 0.050000
1 0.545703 0.174306 0.035156 0.037500
1 0.551562 0.120139 0.032813 0.034722
1 0.571875 0.201389 0.039062 0.050000
1 0.583594 0.282639 0.040625 0.054167
1 0.603125 0.217361 0.034375 0.045833
1 0.611328 0.327083 0.039844 0.051389
1 0.607422 0.065972 0.027344 0.029167
1 0.620355 0.021528 0.034291 0.043056
1 0.626563 0.251389 0.040625 0.047222
1 0.637500 0.146528 0.035937 0.043056
1 0.642578 0.204861 0.033594 0.040278
1 0.646875 0.289583 0.040625 0.054167
1 0.655859 0.024306 0.035156 0.040278
1 0.665625 0.409722 0.039062 0.052778
1 0.671875 0.350000 0.037500 0.047222
1 0.696875 0.139583 0.034375 0.040278
1 0.711328 0.388889 0.041406 0.055556
1 0.712500 0.021528 0.031250 0.037500
1 0.762500 0.302778 0.034375 0.047222
3 0.402734 0.301389 0.035156 0.044444
3 0.611328 0.327083 0.039844 0.051389
3 0.626563 0.251389 0.040625 0.047222
3 0.665625 0.409722 0.039062 0.052778
3 0.712500 0.021528 0.031250 0.037500
4 0.373828 0.279167 0.036719 0.038889
4 0.551562 0.120139 0.032813 0.034722
4 0.571875 0.201389 0.039062 0.050000
4 0.620193 0.021528 0.034614 0.043056
4 0.655859 0.024306 0.035156 0.040278
4 0.671875 0.350000 0.037500 0.047222
5 0.475000 0.127778 0.034375 0.038889
5 0.514453 0.164583 0.035156 0.040278
5 0.603125 0.217361 0.034375 0.045833
5 0.642578 0.204861 0.033594 0.040278
5 0.696875 0.139583 0.034375 0.040278
6 0.544922 0.244444 0.038281 0.050000
6 0.545703 0.174306 0.035156 0.037500
6 0.711328 0.388889 0.041406 0.055556
7 0.607422 0.065972 0.027344 0.029167
7 0.637500 0.146528 0.035937 0.043056
7 0.646875 0.289583 0.040625 0.054167
8 0.583594 0.282639 0.040625 0.054167
8 0.762500 0.302658 0.034375 0.047222