0 0.346484 0.800694 0.108594 0.209722
0 0.380078 0.506250 0.080469 0.156944
0 0.380469 0.372917 0.070312 0.134722
0 0.444922 0.418750 0.063281 0.145833
0 0.452344 0.720139 0.078125 0.184722
0 0.571484 0.792361 0.103906 0.204167
0 0.566406 0.461111 0.076563 0.155556
0 0.626172 0.643056 0.097656 0.180556
0 0.639844 0.436111 0.075000 0.141667
0 0.660547 0.540278 0.089844 0.155556
1 0.346787 0.758521 0.095137 0.122598
1 0.378125 0.462500 0.070312 0.069444
1 0.381641 0.333333 0.063281 0.055556
1 0.450781 0.675000 0.075000 0.091667
1 0.445312 0.373611 0.057813 0.055556
1 0.574609 0.746528 0.091406 0.109722
1 0.569141 0.415972 0.067969 0.062500
1 0.626692 0.600726 0.086197 0.093119
1 0.639978 0.403019 0.069019 0.075482
1 0.664990 0.510205 0.079980 0.095409
2 0.319212 0.833446 0.054918 0.142177
2 0.354000 0.519187 0.025139 0.123802
2 0.373999 0.834126 0.055573 0.145858
2 0.380297 0.397332 0.059235 0.079861
2 0.394682 0.532713 0.054119 0.101508
2 0.445159 0.445688 0.061141 0.089251
2 0.454169 0.765514 0.074752 0.089739
2 0.552364 0.824127 0.061261 0.141493
2 0.556361 0.487714 0.053359 0.094251
2 0.605544 0.671122 0.053270 0.120180
2 0.594291 0.469731 0.021895 0.126185
2 0.604310 0.820767 0.041534 0.145307
2 0.610774 0.446571 0.011662 0.114212
2 0.648607 0.468197 0.060444 0.073530
2 0.652601 0.671491 0.042929 0.123364
2 0.687670 0.563982 0.037304 0.104317
3 0.381641 0.333333 0.063281 0.055556
4 0.346787 0.758521 0.095137 0.122598
4 0.378125 0.462500 0.070312 0.069444
4 0.639978 0.403019 0.069019 0.075482
5 0.626692 0.600726 0.086197 0.093119
5 0.664990 0.510205 0.079980 0.095409
6 0.574609 0.746528 0.091406 0.109722
7 0.450781 0.675000 0.075000 0.091667
7 0.445312 0.373611 0.057813 0.055556
8 0.569141 0.415972 0.067969 0.062500