1 0.232813 0.478472 0.035937 0.056944
1 0.276172 0.584028 0.024219 0.043056
1 0.298438 0.770833 0.035937 0.061111
1 0.301172 0.554167 0.025781 0.041667
1 0.301953 0.851389 0.027344 0.055556
1 0.314063 0.682639 0.026562 0.048611
1 0.316016 0.619444 0.027344 0.050000
1 0.316406 0.486806 0.025000 0.045833
1 0.335156 0.659722 0.026562 0.041667
1 0.338672 0.394444 0.025781 0.044444
1 0.351953 0.860417 0.025781 0.045833
1 0.356250 0.559028 0.028125 0.048611
1 0.357031 0.761806 0.026562 0.045833
1 0.369141 0.731250 0.033594 0.045833
1 0.372266 0.611806 0.022656 0.037500
1 0.380469 0.571528 0.026562 0.043056
1 0.382031 0.777778 0.028125 0.050000
1 0.380078 0.450000 0.022656 0.041667
1 0.401562 0.828472 0.028125 0.048611
1 0.406250 0.356250 0.028125 0.045833
1 0.416406 0.452083 0.023438 0.043056
1 0.439453 0.545139 0.024219 0.045833
1 0.448437 0.831250 0.025000 0.051389
1 0.476953 0.479167 0.025781 0.047222
1 0.482422 0.585417 0.025781 0.051389
1 0.523438 0.674306 0.025000 0.048611
1 0.548828 0.570833 0.024219 0.047222
1 0.646094 0.646528 0.085938 0.115278
3 0.232813 0.478472 0.035937 0.056944
3 0.298438 0.770833 0.035937 0.061111
3 0.351953 0.860417 0.025781 0.045833
3 0.406250 0.356250 0.028125 0.045833
3 0.523438 0.674306 0.025000 0.048611
3 0.646094 0.646528 0.085938 0.115278
4 0.276172 0.584028 0.024219 0.043056
4 0.401562 0.828472 0.028125 0.048611
4 0.416406 0.452083 0.023438 0.043056
5 0.338672 0.394444 0.025781 0.044444
6 0.301172 0.554167 0.025781 0.041667
6 0.316406 0.486806 0.025000 0.045833
6 0.380469 0.571528 0.026562 0.043056
6 0.382031 0.777778 0.028125 0.050000
6 0.448437 0.831250 0.025000 0.051389
6 0.548828 0.570833 0.024219 0.047222
7 0.301953 0.851389 0.027344 0.055556
7 0.314063 0.682639 0.026562 0.048611
7 0.316016 0.619444 0.027344 0.050000
7 0.335156 0.659722 0.026562 0.041667
7 0.369141 0.731250 0.033594 0.045833
7 0.372266 0.611806 0.022656 0.037500
7 0.380078 0.450000 0.022656 0.041667
7 0.439453 0.545139 0.024219 0.045833
7 0.476953 0.479167 0.025781 0.047222
8 0.356250 0.559028 0.028125 0.048611
8 0.357031 0.761806 0.026562 0.045833
8 0.482422 0.585417 0.025781 0.051389