1 0.383594 0.415278 0.038281 0.052778
1 0.424219 0.248611 0.048438 0.058333
1 0.442969 0.186111 0.036719 0.043056
1 0.460156 0.469444 0.035937 0.044444
1 0.464844 0.412500 0.040625 0.055556
1 0.465625 0.266667 0.048438 0.059722
1 0.476562 0.211111 0.031250 0.040278
1 0.496094 0.175000 0.034375 0.043056
1 0.514844 0.226389 0.046094 0.055556
1 0.535937 0.162500 0.038281 0.044444
1 0.555469 0.231944 0.030469 0.034722
1 0.562500 0.194444 0.036719 0.044444
1 0.563281 0.134722 0.038281 0.045833
1 0.596875 0.279167 0.035156 0.041667
1 0.615625 0.450000 0.040625 0.054167
1 0.624219 0.401389 0.032813 0.044444
1 0.631250 0.190278 0.033594 0.041667
1 0.646094 0.354167 0.034375 0.047222
1 0.697656 0.222222 0.035156 0.044444
3 0.555469 0.231944 0.030469 0.034722
3 0.646094 0.354167 0.034375 0.047222
4 0.465625 0.266667 0.048438 0.059722
4 0.476562 0.211111 0.031250 0.040278
4 0.514844 0.226389 0.046094 0.055556
4 0.562500 0.194444 0.036719 0.044444
4 0.563281 0.134722 0.038281 0.045833
4 0.615625 0.450000 0.040625 0.054167
4 0.631250 0.190278 0.033594 0.041667
4 0.697656 0.222222 0.035156 0.044444
5 0.460156 0.469444 0.035937 0.044444
5 0.535937 0.162500 0.038281 0.044444
5 0.596875 0.279167 0.035156 0.041667
6 0.383594 0.415278 0.038281 0.052778
6 0.442969 0.186111 0.036719 0.043056
7 0.424219 0.248611 0.048438 0.058333
7 0.496094 0.175000 0.034375 0.043056
8 0.464844 0.412500 0.040625 0.055556
8 0.624219 0.401389 0.032813 0.044444