1 0.276562 0.441667 0.062500 0.052778
1 0.338119 0.440336 0.060612 0.052894
1 0.386328 0.463194 0.060156 0.054167
1 0.386719 0.320833 0.057813 0.047222
1 0.407422 0.409028 0.061719 0.048611
1 0.403516 0.263889 0.044531 0.036111
1 0.442188 0.346528 0.054688 0.040278
1 0.454025 0.449829 0.068988 0.057991
1 0.490828 0.305587 0.056656 0.050063
1 0.524609 0.263889 0.052344 0.036111
1 0.592995 0.550359 0.073490 0.061830
1 0.594922 0.370139 0.061719 0.048611
1 0.657813 0.452083 0.057813 0.056944
1 0.688672 0.275000 0.046094 0.036111
1 0.729688 0.427778 0.071875 0.050000
1 0.724219 0.320833 0.057813 0.044444
1 0.748047 0.204861 0.050781 0.037500
1 0.785547 0.334722 0.052344 0.036111
1 0.803125 0.249306 0.050000 0.043056
1 0.878833 0.331625 0.064208 0.053418
3 0.386328 0.463194 0.060156 0.054167
3 0.454025 0.449829 0.068988 0.057991
3 0.724219 0.320833 0.057813 0.044444
4 0.407422 0.409028 0.061719 0.048611
4 0.729688 0.427778 0.071875 0.050000
4 0.878833 0.331625 0.064208 0.053418
5 0.338119 0.440336 0.060612 0.052894
5 0.490828 0.305587 0.056656 0.050063
5 0.803125 0.249306 0.050000 0.043056
6 0.276562 0.441667 0.062500 0.052778
6 0.442188 0.346528 0.054688 0.040278
6 0.524609 0.263889 0.052344 0.036111
6 0.592995 0.550359 0.073490 0.061830
7 0.386719 0.320833 0.057813 0.047222
7 0.594922 0.370139 0.061719 0.048611
7 0.657813 0.452083 0.057813 0.056944
7 0.688672 0.275000 0.046094 0.036111
7 0.748047 0.204861 0.050781 0.037500
8 0.403516 0.263889 0.044531 0.036111
8 0.785547 0.334722 0.052344 0.036111