1 0.236328 0.404861 0.058594 0.059722
1 0.294141 0.497917 0.057031 0.065278
1 0.332813 0.316667 0.057813 0.055556
1 0.344922 0.392361 0.058594 0.059722
1 0.395706 0.827895 0.065104 0.101478
1 0.393750 0.377083 0.054688 0.059722
1 0.434900 0.334845 0.049923 0.055582
1 0.458203 0.377778 0.064844 0.075000
1 0.494141 0.522917 0.082031 0.095833
1 0.496094 0.294444 0.051562 0.055556
1 0.542578 0.275694 0.049219 0.051389
1 0.547266 0.368750 0.046094 0.054167
1 0.591797 0.265278 0.044531 0.052778
1 0.627734 0.368750 0.066406 0.068056
1 0.619260 0.215740 0.041748 0.048831
1 0.648684 0.284674 0.054870 0.061232
1 0.668747 0.230557 0.042829 0.044574
1 0.675000 0.366667 0.043750 0.052778
1 0.696425 0.312411 0.043908 0.057410
1 0.720874 0.370745 0.046986 0.056836
3 0.236328 0.404861 0.058594 0.059722
3 0.294141 0.497917 0.057031 0.065278
3 0.395706 0.827895 0.065104 0.101478
3 0.591797 0.265278 0.044531 0.052778
3 0.648684 0.284674 0.054870 0.061232
4 0.332813 0.316667 0.057813 0.055556
4 0.496094 0.294444 0.051562 0.055556
4 0.720874 0.370745 0.046986 0.056836
5 0.547266 0.368750 0.046094 0.054167
5 0.627734 0.368750 0.066406 0.068056
5 0.668747 0.230557 0.042829 0.044574
5 0.696425 0.312411 0.043908 0.057410
6 0.458203 0.377778 0.064844 0.075000
6 0.675000 0.366667 0.043750 0.052778
7 0.344922 0.392361 0.058594 0.059722
7 0.434900 0.334845 0.049923 0.055582
7 0.494141 0.522917 0.082031 0.095833
7 0.619377 0.216182 0.042906 0.049020
8 0.393750 0.377083 0.054688 0.059722
8 0.542578 0.275694 0.049219 0.051389