1 0.462500 0.459028 0.045312 0.076389
1 0.565943 0.467619 0.054980 0.095833
1 0.590164 0.651294 0.059448 0.102658
1 0.591016 0.254167 0.047656 0.086111
1 0.635156 0.424306 0.046875 0.087500
1 0.666797 0.333333 0.046094 0.083333
1 0.679688 0.609028 0.045312 0.076389
1 0.678084 0.704980 0.040152 0.068831
1 0.703516 0.395833 0.049219 0.086111
1 0.748047 0.514583 0.042969 0.073611
1 0.773598 0.445898 0.039462 0.066791
5 0.565943 0.467619 0.054980 0.095833
5 0.635156 0.424306 0.046875 0.087500
6 0.679688 0.609028 0.045312 0.076389
6 0.678084 0.704980 0.040152 0.068831
6 0.748047 0.514583 0.042969 0.073611
7 0.591016 0.254167 0.047656 0.086111
7 0.666797 0.333333 0.046094 0.083333
8 0.462500 0.459028 0.045312 0.076389
8 0.590164 0.651294 0.059448 0.102658
8 0.703516 0.395833 0.049219 0.086111
8 0.773598 0.445898 0.039462 0.066791