1 0.141901 0.431577 0.071302 0.065932
1 0.221542 0.526019 0.075897 0.088148
1 0.329530 0.336595 0.060623 0.070413
1 0.388820 0.730193 0.068265 0.093720
1 0.446719 0.477467 0.066876 0.085490
1 0.601131 0.496092 0.063199 0.069963
1 0.641384 0.378996 0.071371 0.091211
1 0.697504 0.523882 0.069977 0.074354
1 0.806407 0.422149 0.059903 0.071571
1 0.837932 0.658154 0.061240 0.092594
3 0.220783 0.526173 0.074378 0.088458
3 0.601131 0.496092 0.063199 0.069963
5 0.141374 0.431615 0.070249 0.066007
5 0.446719 0.477467 0.066876 0.085490
6 0.641384 0.378996 0.071371 0.091211
6 0.837932 0.658154 0.061240 0.092594
7 0.388820 0.730193 0.068265 0.093720
8 0.329530 0.336595 0.060623 0.070413
8 0.697504 0.523882 0.069977 0.074354
8 0.806407 0.422149 0.059903 0.071571