0 0.376829 0.607097 0.084691 0.147003
0 0.494141 0.593750 0.080469 0.143056
0 0.514298 0.487741 0.056722 0.119927
1 0.377724 0.577929 0.082277 0.082344
1 0.493596 0.563862 0.076280 0.076486
1 0.513970 0.462111 0.053370 0.071152
2 0.357185 0.643323 0.041084 0.081618
2 0.399687 0.626983 0.037692 0.102801
2 0.472706 0.613853 0.033058 0.088954
2 0.511709 0.625824 0.040143 0.078488
2 0.520348 0.526870 0.038883 0.050116
3 0.513970 0.462111 0.053370 0.071152
7 0.377724 0.577929 0.082277 0.082344
7 0.493596 0.563862 0.076280 0.076486