0 0.450781 0.603472 0.075000 0.131944
0 0.450000 0.400000 0.056250 0.127778
0 0.514062 0.556944 0.071875 0.136111
1 0.451335 0.578082 0.067286 0.082943
1 0.448904 0.364318 0.054058 0.056413
1 0.515234 0.527778 0.069531 0.077778
2 0.419662 0.615437 0.015736 0.088789
2 0.450352 0.429741 0.057109 0.068295
2 0.458282 0.639867 0.058435 0.059155
2 0.506479 0.588649 0.043717 0.075162
2 0.540855 0.565727 0.022941 0.080691
6 0.516222 0.522260 0.061396 0.076022
8 0.449981 0.581005 0.060994 0.079281
8 0.448995 0.364195 0.051670 0.054205