1 0.382031 0.270833 0.033594 0.038889
1 0.434375 0.211111 0.039844 0.045833
1 0.440625 0.256944 0.037500 0.041667
1 0.478125 0.238889 0.032813 0.040278
1 0.502344 0.109722 0.035937 0.040278
1 0.507812 0.388889 0.040625 0.051389
1 0.515625 0.311111 0.037500 0.050000
1 0.539844 0.194444 0.035937 0.044444
1 0.547656 0.125000 0.032813 0.041667
1 0.550000 0.261111 0.034375 0.041667
1 0.552344 0.319444 0.033594 0.044444
1 0.575000 0.165278 0.034375 0.041667
1 0.610938 0.108333 0.030469 0.036111
1 0.611719 0.168056 0.029687 0.036111
1 0.650781 0.134722 0.035937 0.040278
1 0.651563 0.187500 0.032813 0.041667
1 0.655469 0.330556 0.034375 0.044444
1 0.663281 0.243056 0.030469 0.038889
1 0.667188 0.509722 0.039844 0.052778
1 0.680469 0.283333 0.036719 0.047222
1 0.720313 0.305556 0.034375 0.043056
1 0.723437 0.244444 0.036719 0.047222
1 0.878125 0.343056 0.037500 0.051389
3 0.440625 0.256944 0.037500 0.041667
3 0.478125 0.238889 0.032813 0.040278
3 0.655469 0.330556 0.034375 0.044444
4 0.382031 0.270833 0.033594 0.038889
4 0.547656 0.125000 0.032813 0.041667
4 0.552344 0.319444 0.033594 0.044444
4 0.650781 0.134722 0.035937 0.040278
4 0.720313 0.305556 0.034375 0.043056
4 0.878125 0.343056 0.037500 0.051389
5 0.611719 0.168056 0.029687 0.036111
5 0.667188 0.509722 0.039844 0.052778
5 0.723437 0.244444 0.036719 0.047222
6 0.434375 0.211111 0.039844 0.045833
6 0.515625 0.311111 0.037500 0.050000
6 0.680469 0.283333 0.036719 0.047222
7 0.539844 0.194444 0.035937 0.044444
7 0.610938 0.108333 0.030469 0.036111
7 0.663281 0.243056 0.030469 0.038889
8 0.502344 0.109722 0.035937 0.040278
8 0.507812 0.388889 0.040625 0.051389
8 0.550000 0.261111 0.034375 0.041667
8 0.575000 0.165278 0.034375 0.041667
8 0.651563 0.187500 0.032813 0.041667