0 0.451562 0.384028 0.060937 0.126389
0 0.500781 0.532639 0.064062 0.140278
0 0.508594 0.422917 0.078125 0.112500
1 0.450209 0.350129 0.054214 0.061015
1 0.502101 0.501849 0.058529 0.072391
1 0.505369 0.405630 0.063424 0.076742
2 0.440400 0.410820 0.036408 0.070182
2 0.470471 0.402042 0.016985 0.079867
2 0.486466 0.443296 0.030899 0.043445
2 0.500070 0.568049 0.056960 0.056835
2 0.530451 0.457613 0.037428 0.052563
5 0.505369 0.405630 0.063424 0.076742
7 0.450209 0.350129 0.054214 0.061015
7 0.502101 0.501849 0.058529 0.072391