1 0.418750 0.446528 0.050000 0.087500
1 0.428906 0.605556 0.045312 0.080556
1 0.510938 0.580556 0.050000 0.086111
1 0.541406 0.518056 0.062500 0.113889
1 0.587500 0.389583 0.048438 0.081944
1 0.583984 0.722222 0.041406 0.075000
1 0.619922 0.670833 0.046094 0.080556
1 0.641016 0.347222 0.039844 0.069444
1 0.669531 0.501389 0.054688 0.091667
1 0.723628 0.615240 0.040402 0.071848
1 0.776563 0.275694 0.043750 0.079167
3 0.510938 0.580556 0.050000 0.086111
4 0.541406 0.518056 0.062500 0.113889
4 0.619922 0.670833 0.046094 0.080556
4 0.776563 0.275694 0.043750 0.079167
5 0.583984 0.722222 0.041406 0.075000
5 0.669531 0.501389 0.054688 0.091667
6 0.641016 0.347222 0.039844 0.069444
7 0.418750 0.446528 0.050000 0.087500
7 0.587500 0.389583 0.048438 0.081944
7 0.723628 0.615240 0.040402 0.071848
8 0.428906 0.605556 0.045312 0.080556