1 0.298438 0.184722 0.033594 0.043056
1 0.413281 0.254167 0.035156 0.044444
1 0.482031 0.316667 0.039062 0.051389
1 0.505469 0.220833 0.034375 0.041667
1 0.534375 0.176389 0.041406 0.051389
1 0.564063 0.136111 0.048438 0.059722
1 0.587500 0.300000 0.042969 0.058333
1 0.610938 0.119444 0.035937 0.041667
1 0.645312 0.283333 0.036719 0.052778
1 0.657031 0.240278 0.036719 0.047222
1 0.660937 0.386111 0.035156 0.044444
1 0.700000 0.258333 0.040625 0.052778
1 0.741406 0.245833 0.036719 0.045833
1 0.771094 0.200000 0.035937 0.048611
3 0.587500 0.300000 0.042969 0.058333
3 0.657031 0.240278 0.036719 0.047222
3 0.660937 0.386111 0.035156 0.044444
3 0.771094 0.200000 0.035937 0.048611
4 0.610938 0.119444 0.035937 0.041667
4 0.700000 0.258333 0.040625 0.052778
5 0.298438 0.184722 0.033594 0.043056
5 0.645312 0.283333 0.036719 0.052778
6 0.534375 0.176389 0.041406 0.051389
6 0.741406 0.245833 0.036719 0.045833
7 0.413281 0.254167 0.035156 0.044444
7 0.564063 0.136111 0.048438 0.059722
8 0.482031 0.316667 0.039062 0.051389
8 0.505469 0.220833 0.034375 0.041667