0 0.374744 0.488054 0.052790 0.123074
0 0.426926 0.540742 0.067839 0.132405
0 0.489892 0.514985 0.065240 0.137355
1 0.375748 0.460146 0.051983 0.072507
1 0.426044 0.515297 0.064015 0.081844
1 0.488155 0.487666 0.060599 0.084840
2 0.371092 0.519996 0.048780 0.066416
2 0.406484 0.566502 0.029783 0.083803
2 0.440453 0.563646 0.036721 0.085231
2 0.470926 0.550802 0.026113 0.087056
2 0.502412 0.542524 0.034489 0.081264
5 0.375748 0.460146 0.051983 0.072507
5 0.426044 0.515297 0.064015 0.081844
6 0.488155 0.487666 0.060599 0.084840