1 0.252734 0.106250 0.105469 0.115278
1 0.347266 0.745139 0.025781 0.045833
1 0.350391 0.663194 0.025781 0.045833
1 0.362109 0.694444 0.024219 0.044444
1 0.367578 0.452083 0.027344 0.045833
1 0.383203 0.544444 0.025781 0.047222
1 0.417187 0.706944 0.028125 0.052778
1 0.418750 0.545139 0.028125 0.048611
1 0.443359 0.393750 0.021094 0.037500
1 0.474609 0.538194 0.024219 0.040278
1 0.508203 0.504861 0.025781 0.045833
1 0.512109 0.395833 0.024219 0.038889
1 0.561719 0.662500 0.103125 0.077778
1 0.529687 0.477778 0.026562 0.044444
1 0.538281 0.543750 0.026562 0.048611
1 0.563281 0.727083 0.076563 0.081944
1 0.594922 0.611111 0.024219 0.044444
3 0.367578 0.452083 0.027344 0.045833
3 0.474609 0.538194 0.024219 0.040278
3 0.512109 0.395833 0.024219 0.038889
3 0.529687 0.477778 0.026562 0.044444
3 0.594922 0.611111 0.024219 0.044444
4 0.252734 0.106250 0.105469 0.115278
4 0.347266 0.745139 0.025781 0.045833
4 0.350391 0.663194 0.025781 0.045833
4 0.362109 0.694444 0.024219 0.044444
4 0.561719 0.662500 0.103125 0.077778
5 0.383203 0.544444 0.025781 0.047222
5 0.417187 0.706944 0.028125 0.052778
5 0.418750 0.545139 0.028125 0.048611
5 0.443359 0.393750 0.021094 0.037500
5 0.538281 0.543750 0.026562 0.048611
5 0.563281 0.727083 0.076563 0.081944
7 0.508203 0.504861 0.025781 0.045833