1 0.312140 0.572032 0.080469 0.054167
1 0.406692 0.398602 0.060259 0.047205
1 0.428201 0.468326 0.076714 0.047763
1 0.465234 0.403472 0.060156 0.031944
1 0.510156 0.425694 0.073438 0.040278
1 0.659298 0.489922 0.065472 0.052066
1 0.660887 0.434524 0.065524 0.057936
1 0.710547 0.361806 0.069531 0.037500
1 0.746875 0.457639 0.078125 0.065278
1 0.747656 0.405556 0.070312 0.050000
1 0.801681 0.445277 0.075237 0.059998
3 0.428201 0.468326 0.076714 0.047763
3 0.660887 0.434524 0.065524 0.057936
3 0.746875 0.457639 0.078125 0.065278
3 0.747656 0.405556 0.070312 0.050000
3 0.801681 0.445277 0.075237 0.059998
4 0.312140 0.572032 0.080469 0.054167
4 0.510156 0.425694 0.073438 0.040278
4 0.659298 0.489922 0.065472 0.052066
4 0.710547 0.361806 0.069531 0.037500
5 0.406692 0.398602 0.060259 0.047205
7 0.465234 0.403472 0.060156 0.031944