1 0.339062 0.365972 0.034375 0.043056
1 0.358984 0.219444 0.033594 0.036111
1 0.367969 0.411111 0.034375 0.047222
1 0.377734 0.477083 0.036719 0.045833
1 0.381641 0.150000 0.032031 0.038889
1 0.422266 0.481944 0.039844 0.050000
1 0.433594 0.427083 0.040625 0.051389
1 0.466797 0.615278 0.046094 0.063889
1 0.464062 0.481944 0.035937 0.047222
1 0.487891 0.295139 0.039844 0.051389
1 0.500781 0.379861 0.034375 0.043056
1 0.507031 0.129861 0.037500 0.040278
1 0.518750 0.601389 0.039062 0.052778
1 0.524219 0.427083 0.035937 0.045833
1 0.532031 0.284722 0.034375 0.044444
1 0.550781 0.325694 0.039062 0.048611
1 0.558594 0.600000 0.035937 0.052778
1 0.559766 0.257639 0.033594 0.037500
1 0.575391 0.433333 0.035156 0.047222
1 0.599219 0.374306 0.042188 0.051389
1 0.609375 0.306944 0.046875 0.058333
1 0.610938 0.254167 0.035937 0.041667
1 0.639062 0.224306 0.035937 0.043056
1 0.648047 0.412500 0.036719 0.050000
1 0.646875 0.336806 0.032813 0.043056
1 0.648438 0.272222 0.034375 0.041667
1 0.690234 0.193750 0.032031 0.037500
1 0.694531 0.284028 0.035937 0.045833
1 0.696875 0.347917 0.034375 0.043056
1 0.727734 0.136111 0.032031 0.038889
1 0.728125 0.293056 0.032813 0.044444
1 0.730078 0.241667 0.035156 0.044444
3 0.358984 0.219444 0.033594 0.036111
3 0.466797 0.615278 0.046094 0.063889
3 0.524219 0.427083 0.035937 0.045833
3 0.559766 0.257639 0.033594 0.037500
3 0.575391 0.433333 0.035156 0.047222
3 0.599219 0.374306 0.042188 0.051389
3 0.648438 0.272222 0.034375 0.041667
3 0.694531 0.284028 0.035937 0.045833
4 0.339062 0.365972 0.034375 0.043056
4 0.377734 0.477083 0.036719 0.045833
4 0.487891 0.295139 0.039844 0.051389
4 0.500781 0.379861 0.034375 0.043056
5 0.518750 0.601389 0.039062 0.052778
5 0.639062 0.224306 0.035937 0.043056
5 0.648047 0.412500 0.036719 0.050000
5 0.646875 0.336806 0.032813 0.043056
6 0.381641 0.150000 0.032031 0.038889
6 0.433594 0.427083 0.040625 0.051389
6 0.507031 0.129861 0.037500 0.040278
6 0.532031 0.284722 0.034375 0.044444
6 0.609375 0.306944 0.046875 0.058333
6 0.610938 0.254167 0.035937 0.041667
6 0.727734 0.136111 0.032031 0.038889
6 0.728125 0.293056 0.032813 0.044444
7 0.550781 0.325694 0.039062 0.048611
7 0.690234 0.193750 0.032031 0.037500
8 0.367969 0.411111 0.034375 0.047222
8 0.422266 0.481944 0.039844 0.050000
8 0.464062 0.481944 0.035937 0.047222
8 0.558594 0.600000 0.035937 0.052778
8 0.696875 0.347917 0.034375 0.043056
8 0.730078 0.241667 0.035156 0.044444