1 0.467969 0.527083 0.040625 0.073611
1 0.534766 0.468056 0.038281 0.072222
1 0.574609 0.679861 0.042969 0.076389
1 0.600553 0.259006 0.045496 0.086030
1 0.626592 0.661088 0.040565 0.072267
1 0.677344 0.331250 0.062500 0.106944
1 0.671771 0.652167 0.046735 0.085254
1 0.702734 0.703472 0.050781 0.090278
1 0.728516 0.626389 0.046094 0.088889
1 0.794505 0.275617 0.042240 0.076543
3 0.728516 0.626389 0.046094 0.088889
5 0.600553 0.259006 0.045496 0.086030
5 0.671771 0.652167 0.046735 0.085254
6 0.467969 0.527083 0.040625 0.073611
6 0.677344 0.331250 0.062500 0.106944
7 0.574609 0.679861 0.042969 0.076389
7 0.702734 0.703472 0.050781 0.090278
7 0.794495 0.275900 0.042260 0.075978
8 0.534766 0.468056 0.038281 0.072222
8 0.626416 0.660686 0.040917 0.073072