1 0.309766 0.320139 0.047656 0.054167
1 0.330859 0.492361 0.080469 0.093056
1 0.347266 0.266667 0.042969 0.044444
1 0.382031 0.340972 0.054688 0.054167
1 0.424219 0.479167 0.042188 0.050000
1 0.442860 0.574919 0.056641 0.077733
1 0.485321 0.451046 0.049596 0.057911
1 0.521433 0.557391 0.055571 0.068550
1 0.538672 0.490972 0.052344 0.068056
3 0.330859 0.492361 0.080469 0.093056
4 0.442885 0.574140 0.056295 0.077113
5 0.309766 0.320139 0.047656 0.054167
5 0.347266 0.266667 0.042969 0.044444
5 0.382031 0.340972 0.054688 0.054167
5 0.424219 0.479167 0.042188 0.050000
6 0.485321 0.451046 0.049596 0.057911
6 0.521212 0.556952 0.056014 0.069430
6 0.538672 0.490972 0.052344 0.068056