1 0.268750 0.185417 0.103125 0.118056
1 0.246875 0.699306 0.025000 0.045833
1 0.293750 0.627778 0.023438 0.041667
1 0.329688 0.847917 0.026562 0.051389
1 0.349609 0.395833 0.025781 0.047222
1 0.353125 0.636806 0.029687 0.051389
1 0.355859 0.685417 0.022656 0.040278
1 0.379688 0.653472 0.031250 0.054167
1 0.380469 0.469444 0.026562 0.044444
1 0.382812 0.522917 0.023438 0.043056
1 0.403906 0.673611 0.028125 0.050000
1 0.414453 0.405556 0.032031 0.058333
1 0.418359 0.622222 0.025781 0.047222
1 0.435547 0.814583 0.025781 0.048611
1 0.458594 0.437500 0.023438 0.041667
1 0.465625 0.388889 0.028125 0.050000
1 0.465234 0.508333 0.027344 0.044444
1 0.465625 0.809722 0.026562 0.050000
1 0.464453 0.731250 0.022656 0.048611
1 0.472656 0.575694 0.023438 0.040278
1 0.479297 0.537500 0.025781 0.036111
1 0.482031 0.763889 0.026562 0.047222
1 0.499219 0.486806 0.032813 0.056944
1 0.530859 0.497917 0.022656 0.040278
1 0.548828 0.741667 0.025781 0.052778
1 0.557813 0.623611 0.026562 0.050000
1 0.622656 0.560417 0.025000 0.045833
1 0.634766 0.505556 0.027344 0.044444
1 0.737500 0.502778 0.085938 0.102778
3 0.353125 0.636806 0.029687 0.051389
3 0.379688 0.653472 0.031250 0.054167
3 0.380469 0.469444 0.026562 0.044444
3 0.458594 0.437500 0.023438 0.041667
3 0.465234 0.508333 0.027344 0.044444
3 0.482031 0.763889 0.026562 0.047222
3 0.530859 0.497917 0.022656 0.040278
3 0.737500 0.502778 0.085938 0.102778
4 0.268750 0.185417 0.103125 0.118056
4 0.329688 0.847917 0.026562 0.051389
4 0.418359 0.622222 0.025781 0.047222
4 0.465625 0.388889 0.028125 0.050000
5 0.349609 0.395833 0.025781 0.047222
5 0.382812 0.522917 0.023438 0.043056
5 0.435547 0.814583 0.025781 0.048611
5 0.557813 0.623611 0.026562 0.050000
5 0.622656 0.560417 0.025000 0.045833
6 0.403906 0.673611 0.028125 0.050000
6 0.465625 0.809722 0.026562 0.050000
6 0.464453 0.731250 0.022656 0.048611
7 0.355859 0.685417 0.022656 0.040278
7 0.414453 0.405556 0.032031 0.058333
7 0.472656 0.575694 0.023438 0.040278
7 0.479297 0.537500 0.025781 0.036111
7 0.499219 0.486806 0.032813 0.056944
7 0.634766 0.505556 0.027344 0.044444
8 0.246875 0.699306 0.025000 0.045833
8 0.293750 0.627778 0.023438 0.041667
8 0.548828 0.741667 0.025781 0.052778