1 0.226953 0.471528 0.033594 0.054167
1 0.300391 0.519444 0.028906 0.047222
1 0.308984 0.830556 0.030469 0.047222
1 0.309375 0.609722 0.026562 0.041667
1 0.310156 0.738194 0.028125 0.054167
1 0.308594 0.472222 0.021875 0.041667
1 0.314844 0.652083 0.029687 0.045833
1 0.320312 0.558333 0.025000 0.044444
1 0.331250 0.384722 0.025000 0.044444
1 0.341797 0.672222 0.030469 0.044444
1 0.339453 0.764583 0.024219 0.043056
1 0.341016 0.718056 0.024219 0.041667
1 0.360938 0.792361 0.025000 0.043056
1 0.367578 0.750000 0.025781 0.041667
1 0.375391 0.584028 0.024219 0.043056
1 0.380859 0.656250 0.028906 0.048611
1 0.393750 0.768056 0.025000 0.050000
1 0.395313 0.826389 0.026562 0.047222
1 0.404297 0.570139 0.024219 0.043056
1 0.414844 0.791667 0.023438 0.041667
1 0.424609 0.742361 0.027344 0.051389
1 0.471484 0.472917 0.025781 0.048611
1 0.471875 0.706944 0.026562 0.050000
1 0.473828 0.556944 0.027344 0.044444
1 0.478516 0.599306 0.024219 0.040278
1 0.488281 0.640972 0.021875 0.040278
1 0.543359 0.564583 0.024219 0.045833
1 0.577344 0.372917 0.073438 0.073611
1 0.639844 0.634722 0.079687 0.102778
3 0.226953 0.471528 0.033594 0.054167
3 0.314844 0.652083 0.029687 0.045833
3 0.395313 0.826389 0.026562 0.047222
3 0.414844 0.791667 0.023438 0.041667
3 0.478516 0.599306 0.024219 0.040278
3 0.639844 0.634722 0.079687 0.102778
4 0.310156 0.738194 0.028125 0.054167
4 0.393750 0.768056 0.025000 0.050000
4 0.488281 0.640972 0.021875 0.040278
4 0.577344 0.372917 0.073438 0.073611
5 0.320312 0.558333 0.025000 0.044444
5 0.331250 0.384722 0.025000 0.044444
6 0.308594 0.472222 0.021875 0.041667
6 0.360938 0.792361 0.025000 0.043056
6 0.404297 0.570139 0.024219 0.043056
6 0.543359 0.564583 0.024219 0.045833
7 0.341797 0.672222 0.030469 0.044444
7 0.339453 0.764583 0.024219 0.043056
7 0.341016 0.718056 0.024219 0.041667
7 0.380859 0.656250 0.028906 0.048611
7 0.424609 0.742361 0.027344 0.051389
7 0.471484 0.472917 0.025781 0.048611
7 0.471875 0.706944 0.026562 0.050000
8 0.300391 0.519444 0.028906 0.047222
8 0.308984 0.830556 0.030469 0.047222
8 0.309375 0.609722 0.026562 0.041667
8 0.367578 0.750000 0.025781 0.041667
8 0.375391 0.584028 0.024219 0.043056
8 0.473828 0.556944 0.027344 0.044444