0 0.350781 0.547917 0.110937 0.187500
0 0.344922 0.688889 0.077344 0.175000
0 0.373437 0.409028 0.076563 0.140278
0 0.488281 0.496528 0.081250 0.151389
0 0.510938 0.416667 0.073438 0.141667
0 0.592187 0.429167 0.101562 0.194444
0 0.650391 0.396528 0.069531 0.143056
0 0.659766 0.576389 0.072656 0.155556
1 0.350706 0.513215 0.107662 0.115320
1 0.342969 0.643056 0.073438 0.083333
1 0.373437 0.365972 0.067187 0.054167
1 0.487109 0.453472 0.071094 0.065278
1 0.512109 0.384722 0.071094 0.077778
1 0.595703 0.377083 0.091406 0.090278
1 0.649609 0.356250 0.066406 0.059722
1 0.663281 0.541667 0.065625 0.086111
2 0.316588 0.565436 0.043558 0.116223
2 0.344602 0.731364 0.075430 0.091926
2 0.347162 0.412721 0.024153 0.092085
2 0.373791 0.579248 0.063012 0.124149
2 0.385870 0.429742 0.050291 0.097665
2 0.461783 0.512410 0.027175 0.118410
2 0.500215 0.430414 0.049596 0.075312
2 0.502403 0.518292 0.048624 0.101704
2 0.536998 0.431958 0.020393 0.112964
2 0.568917 0.450197 0.041755 0.149660
2 0.618573 0.457614 0.045640 0.131990
2 0.660939 0.604805 0.070437 0.092723
2 0.665782 0.417351 0.040628 0.095453
4 0.595703 0.377083 0.091406 0.090278
5 0.373437 0.365972 0.067187 0.054167
5 0.649609 0.356250 0.066406 0.059722
6 0.342969 0.643056 0.073438 0.083333
6 0.487109 0.453472 0.071094 0.065278
7 0.663281 0.541667 0.065625 0.086111
8 0.350816 0.513102 0.107882 0.115092
8 0.512109 0.384722 0.071094 0.077778