0 0.305859 0.356250 0.069531 0.143056
0 0.347656 0.573611 0.089063 0.172222
0 0.379297 0.384722 0.099219 0.197222
0 0.433984 0.788194 0.103906 0.201389
0 0.480469 0.352083 0.064062 0.143056
0 0.500391 0.540278 0.077344 0.166667
0 0.527344 0.422917 0.070312 0.148611
0 0.632422 0.554167 0.111719 0.225000
0 0.621484 0.434028 0.085156 0.120833
1 0.307422 0.317361 0.064844 0.065278
1 0.348438 0.527778 0.081250 0.083333
1 0.378906 0.330556 0.090625 0.091667
1 0.434766 0.743750 0.092969 0.112500
1 0.480469 0.311806 0.060937 0.059722
1 0.498828 0.495833 0.074219 0.075000
1 0.526172 0.380556 0.066406 0.063889
1 0.635547 0.499306 0.103906 0.115278
1 0.622656 0.405556 0.073438 0.063889
2 0.297819 0.378242 0.051509 0.089379
2 0.336676 0.608174 0.065805 0.103617
2 0.346813 0.402981 0.036710 0.150139
2 0.396130 0.411960 0.062959 0.142401
2 0.380332 0.593575 0.024505 0.134838
2 0.402691 0.812851 0.041333 0.136935
2 0.457069 0.827672 0.058140 0.117448
2 0.481993 0.380049 0.057074 0.079782
2 0.467326 0.553457 0.012993 0.126620
2 0.507498 0.577202 0.063495 0.085816
2 0.499301 0.417935 0.011155 0.067289
2 0.534829 0.453440 0.053492 0.080695
2 0.613975 0.588696 0.070265 0.152082
2 0.592985 0.451105 0.028183 0.083055
2 0.668272 0.580041 0.036116 0.172266
3 0.434766 0.743750 0.092969 0.112500
4 0.307422 0.317361 0.064844 0.065278
6 0.635547 0.499306 0.103906 0.115278
7 0.378906 0.330556 0.090625 0.091667
7 0.526172 0.380556 0.066406 0.063889
7 0.622656 0.405556 0.073438 0.063889
8 0.348438 0.527778 0.081250 0.083333
8 0.480469 0.311806 0.060937 0.059722
8 0.498828 0.495833 0.074219 0.075000