1 0.389062 0.559722 0.053125 0.061111
1 0.458545 0.650093 0.051465 0.069631
1 0.462360 0.536094 0.049721 0.061076
1 0.496809 0.702097 0.052993 0.068083
1 0.504683 0.572541 0.046867 0.061748
1 0.540827 0.773683 0.048841 0.072367
1 0.552269 0.551019 0.049850 0.063148
1 0.554713 0.695707 0.048489 0.069191
1 0.599933 0.493825 0.051429 0.062650
1 0.610255 0.667135 0.047072 0.070382
1 0.638738 0.552545 0.049921 0.065284
1 0.720716 0.483595 0.046561 0.058861
1 0.757934 0.543389 0.048194 0.063221
3 0.458545 0.650093 0.051465 0.069631
3 0.599814 0.494490 0.051190 0.063980
3 0.638795 0.551961 0.049808 0.066452
4 0.757934 0.543389 0.048194 0.063221
5 0.389062 0.559722 0.053125 0.061111
5 0.496809 0.702097 0.052993 0.068083
5 0.720716 0.483595 0.046561 0.058861
6 0.461852 0.536312 0.048704 0.061514
7 0.610255 0.667135 0.047072 0.070382
8 0.504683 0.572541 0.046867 0.061748
8 0.540827 0.773683 0.048841 0.072367
8 0.552269 0.551019 0.049850 0.063148
8 0.554713 0.695707 0.048489 0.069191