1 0.320703 0.275000 0.038281 0.050000
1 0.341406 0.159028 0.039062 0.045833
1 0.374219 0.238194 0.034375 0.043056
1 0.499219 0.127083 0.035937 0.045833
1 0.499219 0.318750 0.035937 0.043056
1 0.545703 0.247222 0.049219 0.061111
1 0.550000 0.459028 0.037500 0.056944
1 0.566084 0.216498 0.032700 0.046153
1 0.595703 0.137500 0.038281 0.044444
1 0.607422 0.300000 0.044531 0.058333
1 0.629297 0.391667 0.038281 0.052778
1 0.644129 0.456241 0.043266 0.069010
1 0.678125 0.345139 0.037500 0.054167
1 0.706250 0.429167 0.042188 0.058333
1 0.726953 0.321528 0.046094 0.065278
1 0.749219 0.458333 0.039062 0.058333
3 0.341406 0.159028 0.039062 0.045833
3 0.499219 0.318750 0.035937 0.043056
3 0.644129 0.456241 0.043266 0.069010
4 0.374219 0.238194 0.034375 0.043056
4 0.499219 0.127083 0.035937 0.045833
4 0.607422 0.300000 0.044531 0.058333
5 0.629297 0.391667 0.038281 0.052778
6 0.545703 0.247222 0.049219 0.061111
6 0.550000 0.459028 0.037500 0.056944
6 0.566084 0.216498 0.032700 0.046153
6 0.726953 0.321528 0.046094 0.065278
7 0.320703 0.275000 0.038281 0.050000
7 0.706250 0.429167 0.042188 0.058333
7 0.749219 0.458333 0.039062 0.058333
8 0.595703 0.137500 0.038281 0.044444
8 0.678125 0.345139 0.037500 0.054167