1 0.335938 0.380556 0.034375 0.058333
1 0.386328 0.437500 0.033594 0.061111
1 0.421179 0.422464 0.031567 0.047255
1 0.454297 0.364583 0.033594 0.062500
1 0.461719 0.680556 0.032813 0.066667
1 0.487109 0.493056 0.030469 0.052778
1 0.504602 0.587310 0.028778 0.049398
1 0.524219 0.400000 0.032813 0.063889
1 0.540234 0.793750 0.036719 0.068056
1 0.543750 0.720139 0.029687 0.059722
1 0.563281 0.363889 0.035937 0.066667
1 0.621484 0.338889 0.035156 0.063889
1 0.633203 0.570833 0.032031 0.055556
1 0.650843 0.411844 0.032660 0.055214
1 0.654297 0.498611 0.038281 0.066667
1 0.664844 0.325000 0.032813 0.055556
1 0.701562 0.605556 0.037500 0.063889
3 0.504602 0.587310 0.028778 0.049398
3 0.701562 0.605556 0.037500 0.063889
4 0.421179 0.422464 0.031567 0.047255
4 0.524219 0.400000 0.032813 0.063889
4 0.621484 0.338889 0.035156 0.063889
4 0.654297 0.498611 0.038281 0.066667
5 0.487109 0.493056 0.030469 0.052778
5 0.563281 0.363889 0.035937 0.066667
6 0.461719 0.680556 0.032813 0.066667
6 0.633203 0.570833 0.032031 0.055556
6 0.650843 0.411844 0.032660 0.055214
7 0.454297 0.364583 0.033594 0.062500
7 0.540234 0.793750 0.036719 0.068056
7 0.664844 0.325000 0.032813 0.055556
8 0.335938 0.380556 0.034375 0.058333
8 0.386328 0.437500 0.033594 0.061111
8 0.543750 0.720139 0.029687 0.059722