1 0.325000 0.213889 0.035156 0.040278
1 0.355469 0.287500 0.047656 0.062500
1 0.368750 0.159722 0.035156 0.040278
1 0.403125 0.179167 0.033594 0.041667
1 0.410156 0.227778 0.035156 0.044444
1 0.414062 0.347222 0.032813 0.047222
1 0.425000 0.129167 0.035937 0.044444
1 0.447656 0.162500 0.040625 0.050000
1 0.457031 0.223611 0.029687 0.040278
1 0.477344 0.130556 0.030469 0.037500
1 0.489063 0.225000 0.030469 0.040278
1 0.530469 0.209722 0.036719 0.045833
1 0.572656 0.059722 0.030469 0.033333
1 0.585938 0.106944 0.032813 0.040278
1 0.603125 0.325000 0.030469 0.040278
1 0.629687 0.515278 0.034375 0.043056
1 0.630469 0.288889 0.036719 0.044444
1 0.633594 0.475000 0.035937 0.047222
1 0.657813 0.245833 0.032031 0.038889
1 0.672656 0.194444 0.038281 0.048611
4 0.403125 0.179167 0.033594 0.041667
4 0.414062 0.347222 0.032813 0.047222
4 0.425000 0.129167 0.035937 0.044444
4 0.572656 0.059722 0.030469 0.033333
4 0.630469 0.288889 0.036719 0.044444
5 0.325000 0.213889 0.035156 0.040278
5 0.355469 0.287500 0.047656 0.062500
5 0.457031 0.223611 0.029687 0.040278
5 0.489063 0.225000 0.030469 0.040278
5 0.633594 0.475000 0.035937 0.047222
5 0.657813 0.245833 0.032031 0.038889
6 0.410156 0.227778 0.035156 0.044444
6 0.530469 0.209722 0.036719 0.045833
6 0.585938 0.106944 0.032813 0.040278
7 0.368750 0.159722 0.035156 0.040278
7 0.447656 0.162500 0.040625 0.050000
7 0.629687 0.515278 0.034375 0.043056
8 0.477344 0.130556 0.030469 0.037500
8 0.603125 0.325000 0.030469 0.040278
8 0.672656 0.194444 0.038281 0.048611