0 0.308203 0.538194 0.074219 0.156944
0 0.342578 0.670139 0.116406 0.231944
0 0.381641 0.443750 0.069531 0.154167
0 0.406641 0.560417 0.080469 0.159722
0 0.487957 0.674441 0.086585 0.181673
0 0.494141 0.511111 0.086719 0.152778
0 0.580469 0.466667 0.090625 0.188889
0 0.583984 0.674306 0.089844 0.179167
0 0.669531 0.646528 0.095312 0.176389
1 0.307422 0.496528 0.071094 0.073611
1 0.341385 0.619646 0.107771 0.130959
1 0.380078 0.398611 0.064844 0.063889
1 0.407031 0.524306 0.076563 0.084722
1 0.490784 0.629105 0.078443 0.091542
1 0.496291 0.473201 0.070153 0.078496
1 0.580078 0.412500 0.086719 0.080556
1 0.582812 0.628472 0.082812 0.090278
1 0.672165 0.602175 0.088080 0.087684
2 0.307028 0.567550 0.064505 0.083584
2 0.323143 0.717778 0.078043 0.138154
2 0.380984 0.475534 0.062716 0.088796
2 0.383610 0.684754 0.034515 0.194495
2 0.401032 0.593733 0.051486 0.083534
2 0.435847 0.571844 0.019423 0.128397
2 0.484897 0.709310 0.073935 0.100477
2 0.465325 0.526323 0.029799 0.116766
2 0.510473 0.534497 0.050521 0.097414
2 0.544388 0.471417 0.016425 0.173436
2 0.549002 0.687406 0.018949 0.151872
2 0.584901 0.504891 0.078240 0.103933
2 0.594634 0.713600 0.069310 0.096438
2 0.645480 0.668712 0.043696 0.129666
2 0.692605 0.676637 0.046427 0.113014
3 0.490784 0.629105 0.078443 0.091542
3 0.496291 0.473201 0.070153 0.078496
5 0.407031 0.524306 0.076563 0.084722
5 0.582812 0.628472 0.082812 0.090278
6 0.341385 0.619646 0.107771 0.130959
6 0.580078 0.412500 0.086719 0.080556
8 0.307422 0.496528 0.071094 0.073611
8 0.380078 0.398611 0.064844 0.063889
8 0.672165 0.602175 0.088080 0.087684