1 0.293317 0.665260 0.063367 0.055592
1 0.387888 0.604571 0.049302 0.040031
1 0.398438 0.646528 0.064062 0.043056
1 0.448695 0.584715 0.056165 0.054437
1 0.505859 0.543750 0.060156 0.045833
1 0.608233 0.566365 0.060096 0.036715
1 0.611328 0.525000 0.047656 0.036111
1 0.627734 0.484028 0.049219 0.040278
1 0.647148 0.397965 0.052108 0.045930
1 0.719141 0.575694 0.055469 0.043056
1 0.726212 0.732058 0.068238 0.075928
1 0.718359 0.488194 0.049219 0.031944
1 0.755078 0.631250 0.052344 0.031944
1 0.764453 0.547222 0.052344 0.036111
1 0.801172 0.753472 0.071094 0.076389
1 0.824219 0.545833 0.062500 0.058333
1 0.835156 0.593750 0.059375 0.040278
3 0.387888 0.604571 0.049302 0.040031
3 0.398438 0.646528 0.064062 0.043056
3 0.835156 0.593750 0.059375 0.040278
4 0.505859 0.543750 0.060156 0.045833
4 0.608233 0.566365 0.060096 0.036715
4 0.611328 0.525000 0.047656 0.036111
5 0.627734 0.484028 0.049219 0.040278
5 0.719141 0.575694 0.055469 0.043056
5 0.726212 0.732058 0.068238 0.075928
6 0.293317 0.665260 0.063367 0.055592
6 0.448695 0.584715 0.056165 0.054437
6 0.647148 0.397965 0.052108 0.045930
6 0.764453 0.547222 0.052344 0.036111
6 0.801172 0.753472 0.071094 0.076389
6 0.824219 0.545833 0.062500 0.058333
8 0.718359 0.488194 0.049219 0.031944
8 0.755078 0.631250 0.052344 0.031944