1 0.387109 0.407639 0.044531 0.054167
1 0.416406 0.448611 0.037500 0.050000
1 0.428516 0.380556 0.038281 0.044444
1 0.452734 0.261806 0.042969 0.045833
1 0.491406 0.681250 0.048438 0.065278
1 0.504687 0.340972 0.040625 0.045833
1 0.523047 0.551389 0.038281 0.052778
1 0.556250 0.347222 0.039062 0.044444
1 0.566016 0.729167 0.042969 0.063889
1 0.609375 0.604167 0.046875 0.058333
1 0.623437 0.458333 0.048438 0.058333
1 0.658984 0.501389 0.042969 0.055556
1 0.661328 0.586111 0.039844 0.055556
1 0.679297 0.438194 0.039844 0.048611
1 0.705859 0.515278 0.039844 0.052778
1 0.714844 0.614583 0.042188 0.062500
1 0.729688 0.363889 0.037500 0.047222
1 0.786328 0.455556 0.039844 0.047222
3 0.679297 0.438194 0.039844 0.048611
4 0.416406 0.448611 0.037500 0.050000
4 0.523047 0.551389 0.038281 0.052778
5 0.452734 0.261806 0.042969 0.045833
5 0.504687 0.340972 0.040625 0.045833
5 0.556250 0.347222 0.039062 0.044444
5 0.609375 0.604167 0.046875 0.058333
5 0.623437 0.458333 0.048438 0.058333
5 0.729688 0.363889 0.037500 0.047222
7 0.387109 0.407639 0.044531 0.054167
7 0.428516 0.380556 0.038281 0.044444
7 0.566016 0.729167 0.042969 0.063889
7 0.661328 0.586111 0.039844 0.055556
7 0.714844 0.614583 0.042188 0.062500
8 0.491406 0.681250 0.048438 0.065278
8 0.658984 0.501389 0.042969 0.055556
8 0.705859 0.515278 0.039844 0.052778
8 0.786328 0.455556 0.039844 0.047222