1 0.619141 0.526389 0.063281 0.113889
1 0.626172 0.360417 0.044531 0.081944
1 0.684375 0.659028 0.048438 0.090278
1 0.691016 0.235417 0.046094 0.087500
1 0.706641 0.488194 0.050781 0.095833
1 0.708203 0.752778 0.052344 0.094444
1 0.723842 0.365611 0.051028 0.097070
1 0.758203 0.625694 0.052344 0.093056
1 0.782813 0.407639 0.048438 0.079167
1 0.795703 0.206250 0.049219 0.081944
1 0.833203 0.561806 0.049219 0.090278
3 0.619141 0.526389 0.063281 0.113889
3 0.684375 0.659028 0.048438 0.090278
4 0.691016 0.235417 0.046094 0.087500
5 0.758203 0.625694 0.052344 0.093056
5 0.795703 0.206250 0.049219 0.081944
6 0.706641 0.488194 0.050781 0.095833
6 0.782813 0.407639 0.048438 0.079167
7 0.626172 0.360417 0.044531 0.081944
7 0.708203 0.752778 0.052344 0.094444
8 0.723842 0.365611 0.051028 0.097070
8 0.833203 0.561806 0.049219 0.090278