1 0.261328 0.497222 0.025781 0.047222
1 0.324219 0.524306 0.026562 0.045833
1 0.326172 0.418056 0.027344 0.050000
1 0.348438 0.405556 0.029687 0.055556
1 0.371875 0.377778 0.031250 0.052778
1 0.375000 0.431944 0.023438 0.047222
1 0.403906 0.800694 0.026562 0.051389
1 0.412891 0.608333 0.027344 0.050000
1 0.418750 0.305556 0.029687 0.055556
1 0.426172 0.793750 0.028906 0.059722
1 0.438672 0.604861 0.024219 0.048611
1 0.449609 0.360417 0.027344 0.048611
1 0.491406 0.451389 0.073438 0.077778
1 0.469922 0.713889 0.027344 0.052778
1 0.494922 0.656250 0.028906 0.051389
1 0.507812 0.740972 0.023438 0.051389
1 0.528516 0.654167 0.025781 0.050000
1 0.580078 0.543056 0.028906 0.052778
1 0.583594 0.597917 0.023438 0.043056
1 0.603125 0.572917 0.028125 0.043056
1 0.604297 0.616667 0.025781 0.044444
1 0.608984 0.409028 0.028906 0.043056
1 0.609766 0.454167 0.027344 0.047222
1 0.617969 0.535417 0.028125 0.051389
1 0.619141 0.367361 0.028906 0.043056
1 0.628516 0.613889 0.022656 0.044444
1 0.635938 0.397222 0.032813 0.058333
1 0.635156 0.654167 0.023438 0.044444
1 0.651172 0.543750 0.032031 0.059722
1 0.683594 0.304167 0.084375 0.113889
1 0.692969 0.502778 0.026562 0.047222
3 0.412891 0.608333 0.027344 0.050000
3 0.426172 0.793750 0.028906 0.059722
3 0.438672 0.604861 0.024219 0.048611
3 0.608984 0.409028 0.028906 0.043056
3 0.619141 0.367361 0.028906 0.043056
3 0.683594 0.304167 0.084375 0.113889
4 0.375000 0.431944 0.023438 0.047222
4 0.403906 0.800694 0.026562 0.051389
4 0.491406 0.451389 0.073438 0.077778
4 0.635156 0.654167 0.023438 0.044444
4 0.692969 0.502778 0.026562 0.047222
5 0.494922 0.656250 0.028906 0.051389
5 0.603125 0.572917 0.028125 0.043056
5 0.609766 0.454167 0.027344 0.047222
5 0.628516 0.613889 0.022656 0.044444
6 0.324219 0.524306 0.026562 0.045833
6 0.580078 0.543056 0.028906 0.052778
6 0.635938 0.397222 0.032813 0.058333
6 0.651172 0.543750 0.032031 0.059722
7 0.261328 0.497222 0.025781 0.047222
7 0.348438 0.405556 0.029687 0.055556
7 0.418750 0.305556 0.029687 0.055556
7 0.449609 0.360417 0.027344 0.048611
7 0.604297 0.616667 0.025781 0.044444
7 0.617969 0.535417 0.028125 0.051389
8 0.326172 0.418056 0.027344 0.050000
8 0.371875 0.377778 0.031250 0.052778
8 0.469922 0.713889 0.027344 0.052778
8 0.507812 0.740972 0.023438 0.051389
8 0.528516 0.654167 0.025781 0.050000
8 0.583594 0.597917 0.023438 0.043056