1 0.182422 0.606250 0.027344 0.037500
1 0.187109 0.645833 0.025781 0.044444
1 0.203906 0.558333 0.029687 0.052778
1 0.278516 0.190278 0.100781 0.116667
1 0.251563 0.634028 0.025000 0.043056
1 0.258594 0.683333 0.029687 0.052778
1 0.266016 0.494444 0.028906 0.047222
1 0.267578 0.538194 0.025781 0.037500
1 0.291797 0.648611 0.025781 0.047222
1 0.294141 0.571528 0.027344 0.048611
1 0.318359 0.636806 0.025781 0.045833
1 0.323437 0.434722 0.028125 0.050000
1 0.345703 0.383333 0.027344 0.047222
1 0.359375 0.714583 0.032813 0.056944
1 0.378125 0.543750 0.026562 0.037500
1 0.385156 0.795139 0.026562 0.054167
1 0.414844 0.302778 0.028125 0.050000
1 0.418750 0.470139 0.032813 0.054167
1 0.430469 0.659722 0.028125 0.052778
1 0.439453 0.722917 0.027344 0.054167
1 0.444922 0.329861 0.025781 0.043056
1 0.462500 0.447917 0.039062 0.062500
1 0.470703 0.774306 0.024219 0.048611
1 0.478125 0.633333 0.023438 0.047222
1 0.494141 0.661806 0.025781 0.051389
1 0.535156 0.667361 0.029687 0.054167
1 0.571875 0.385417 0.026562 0.048611
1 0.672266 0.263194 0.080469 0.104167
3 0.251563 0.634028 0.025000 0.043056
3 0.291797 0.648611 0.025781 0.047222
3 0.571875 0.385417 0.026562 0.048611
3 0.672266 0.263194 0.080469 0.104167
4 0.278516 0.190278 0.100781 0.116667
4 0.266016 0.494444 0.028906 0.047222
4 0.267578 0.538194 0.025781 0.037500
4 0.318359 0.636806 0.025781 0.045833
4 0.323437 0.434722 0.028125 0.050000
4 0.345703 0.383333 0.027344 0.047222
4 0.462500 0.447917 0.039062 0.062500
4 0.535156 0.667361 0.029687 0.054167
5 0.385156 0.795139 0.026562 0.054167
5 0.430469 0.659722 0.028125 0.052778
5 0.470703 0.774306 0.024219 0.048611
6 0.294141 0.571528 0.027344 0.048611
6 0.359375 0.714583 0.032813 0.056944
7 0.378125 0.543750 0.026562 0.037500
7 0.414844 0.302778 0.028125 0.050000
7 0.439453 0.722917 0.027344 0.054167
7 0.444922 0.329861 0.025781 0.043056
7 0.478125 0.633333 0.023438 0.047222
8 0.182422 0.606250 0.027344 0.037500
8 0.187109 0.645833 0.025781 0.044444
8 0.203906 0.558333 0.029687 0.052778
8 0.258594 0.683333 0.029687 0.052778
8 0.418750 0.470139 0.032813 0.054167
8 0.494141 0.661806 0.025781 0.051389