1 0.124211 0.313371 0.067270 0.086100
1 0.222319 0.704142 0.079044 0.107834
1 0.225011 0.289666 0.060959 0.079332
1 0.230762 0.499098 0.069336 0.081529
1 0.293262 0.361989 0.052149 0.065644
1 0.351894 0.321035 0.070975 0.089293
1 0.437822 0.619481 0.069394 0.100073
1 0.491826 0.297085 0.086777 0.108059
1 0.501093 0.493490 0.060120 0.083784
3 0.437822 0.619481 0.069394 0.100073
3 0.491826 0.297085 0.086777 0.108059
4 0.230762 0.499098 0.069336 0.081529
5 0.225011 0.289666 0.060959 0.079332
5 0.293262 0.361989 0.052149 0.065644
7 0.124211 0.313371 0.067270 0.086100
7 0.501093 0.493490 0.060120 0.083784
8 0.222319 0.704142 0.079044 0.107834
8 0.351894 0.321035 0.070975 0.089293