1 0.260156 0.497222 0.027344 0.048611
1 0.272656 0.827778 0.087500 0.126389
1 0.283594 0.600000 0.026562 0.045833
1 0.302344 0.498611 0.025000 0.043056
1 0.318750 0.579167 0.031250 0.054167
1 0.322656 0.700000 0.023438 0.045833
1 0.325000 0.418056 0.026562 0.048611
1 0.325000 0.630556 0.033594 0.056944
1 0.347656 0.404167 0.031250 0.054167
1 0.371094 0.377778 0.028906 0.052778
1 0.373437 0.536111 0.025000 0.045833
1 0.375000 0.431944 0.025000 0.047222
1 0.406250 0.584722 0.025000 0.041667
1 0.406250 0.627778 0.025000 0.043056
1 0.417187 0.305556 0.028906 0.054167
1 0.431250 0.598611 0.025000 0.047222
1 0.441406 0.675000 0.026562 0.048611
1 0.448437 0.361111 0.027344 0.048611
1 0.492188 0.458333 0.081250 0.094444
1 0.546875 0.650000 0.025781 0.047222
1 0.560156 0.684722 0.022656 0.043056
1 0.561719 0.550000 0.031250 0.055556
1 0.569531 0.725000 0.025781 0.041667
1 0.571875 0.612500 0.026562 0.052778
1 0.608594 0.408333 0.028125 0.043056
1 0.609375 0.454167 0.026562 0.045833
1 0.619531 0.366667 0.028125 0.043056
1 0.625000 0.613889 0.026562 0.050000
1 0.635938 0.395833 0.032813 0.056944
1 0.684375 0.304167 0.084375 0.113889
1 0.692969 0.501389 0.025000 0.045833
3 0.325000 0.630556 0.033594 0.056944
3 0.406250 0.584722 0.025000 0.041667
3 0.406250 0.627778 0.025000 0.043056
3 0.431250 0.598611 0.025000 0.047222
3 0.492188 0.458333 0.081250 0.094444
3 0.608594 0.408333 0.028125 0.043056
3 0.619531 0.366667 0.028125 0.043056
3 0.684375 0.304167 0.084375 0.113889
4 0.272656 0.827778 0.087500 0.126389
4 0.375000 0.431944 0.025000 0.047222
4 0.441406 0.675000 0.026562 0.048611
4 0.569531 0.725000 0.025781 0.041667
4 0.692969 0.501389 0.025000 0.045833
5 0.283594 0.600000 0.026562 0.045833
5 0.318750 0.579167 0.031250 0.054167
5 0.560156 0.684722 0.022656 0.043056
5 0.609375 0.454167 0.026562 0.045833
6 0.561719 0.550000 0.031250 0.055556
6 0.625000 0.613889 0.026562 0.050000
6 0.635938 0.395833 0.032813 0.056944
7 0.260156 0.497222 0.027344 0.048611
7 0.347656 0.404167 0.031250 0.054167
7 0.373437 0.536111 0.025000 0.045833
7 0.417187 0.305556 0.028906 0.054167
7 0.448437 0.361111 0.027344 0.048611
7 0.546875 0.650000 0.025781 0.047222
8 0.302344 0.498611 0.025000 0.043056
8 0.322656 0.700000 0.023438 0.045833
8 0.325000 0.418056 0.026562 0.048611
8 0.371094 0.377778 0.028906 0.052778
8 0.571875 0.612500 0.026562 0.052778