1 0.347341 0.747364 0.025630 0.041383
1 0.348389 0.666000 0.020694 0.041354
1 0.360802 0.698494 0.019297 0.034246
1 0.367578 0.452083 0.027344 0.045833
1 0.383203 0.544444 0.025781 0.047222
1 0.417165 0.709033 0.028169 0.048601
1 0.418750 0.545139 0.028125 0.048611
1 0.429640 0.622789 0.022381 0.040439
1 0.432918 0.586229 0.022009 0.040170
1 0.443359 0.393750 0.021094 0.037500
1 0.455139 0.586233 0.021341 0.038680
1 0.475328 0.538729 0.022781 0.039208
1 0.478785 0.601888 0.021764 0.035459
1 0.507855 0.507948 0.026477 0.039659
1 0.512109 0.395833 0.024219 0.038889
1 0.530387 0.478358 0.025164 0.043284
1 0.538281 0.543750 0.026562 0.048611
1 0.561148 0.812835 0.025697 0.049054
1 0.570192 0.726772 0.026787 0.049256
1 0.594939 0.613000 0.024184 0.040666
3 0.367578 0.452083 0.027344 0.045833
3 0.475234 0.538967 0.022970 0.038732
3 0.512109 0.395833 0.024219 0.038889
3 0.530298 0.477706 0.025341 0.044588
3 0.561148 0.812835 0.025697 0.049054
3 0.594939 0.613155 0.024184 0.040358
4 0.347109 0.747438 0.026094 0.041235
4 0.348498 0.665663 0.021906 0.040569
4 0.360759 0.699063 0.019061 0.034215
4 0.429640 0.622789 0.022381 0.040439
5 0.383203 0.544444 0.025781 0.047222
5 0.417468 0.708548 0.027564 0.049571
5 0.418750 0.545139 0.028125 0.048611
5 0.443359 0.393750 0.021094 0.037500
5 0.455139 0.586233 0.021341 0.038680
5 0.478907 0.601566 0.021910 0.034815
5 0.538281 0.543750 0.026562 0.048611
6 0.570192 0.726772 0.026787 0.049256
7 0.507967 0.507500 0.026253 0.040557
8 0.432918 0.586229 0.022009 0.040170