1 0.086328 0.391667 0.055469 0.063889
1 0.109136 0.295455 0.062022 0.060355
1 0.161453 0.359346 0.066656 0.060358
1 0.168750 0.659028 0.071875 0.073611
1 0.343750 0.199697 0.057203 0.058878
1 0.417969 0.670139 0.087500 0.123611
1 0.428910 0.531122 0.065632 0.092799
1 0.529548 0.759317 0.068470 0.093634
1 0.528125 0.470833 0.050000 0.069444
1 0.604297 0.496528 0.072656 0.098611
1 0.728516 0.453472 0.074219 0.090278
1 0.755675 0.782960 0.060525 0.095191
3 0.343750 0.199697 0.057203 0.058878
3 0.728516 0.453472 0.074219 0.090278
3 0.755448 0.782748 0.060980 0.095616
4 0.161453 0.359346 0.066656 0.060358
4 0.428910 0.531122 0.065632 0.092799
5 0.604297 0.496528 0.072656 0.098611
6 0.168750 0.659028 0.071875 0.073611
6 0.417969 0.670139 0.087500 0.123611
6 0.528125 0.470833 0.050000 0.069444
7 0.109136 0.295455 0.062022 0.060355
8 0.086328 0.391667 0.055469 0.063889
8 0.529548 0.759317 0.068470 0.093634