1 0.373437 0.279167 0.036719 0.038889
1 0.402344 0.301389 0.035156 0.044444
1 0.475000 0.127778 0.034375 0.038889
1 0.514062 0.163889 0.035156 0.040278
1 0.544531 0.244444 0.038281 0.050000
1 0.545312 0.173611 0.035156 0.037500
1 0.551562 0.119444 0.032813 0.034722
1 0.571875 0.201389 0.039062 0.050000
1 0.583594 0.281944 0.040625 0.054167
1 0.603125 0.216667 0.034375 0.045833
1 0.607031 0.065278 0.027344 0.029167
1 0.610938 0.326389 0.039844 0.051389
1 0.617969 0.022222 0.038281 0.041667
1 0.626563 0.251389 0.040625 0.047222
1 0.637500 0.145833 0.035937 0.043056
1 0.642188 0.204167 0.033594 0.040278
1 0.646875 0.288889 0.040625 0.054167
1 0.655469 0.023611 0.035156 0.040278
1 0.665625 0.409722 0.039062 0.052778
1 0.671875 0.350000 0.037500 0.047222
1 0.696875 0.138889 0.034375 0.040278
1 0.710938 0.388889 0.041406 0.055556
1 0.712500 0.020833 0.031250 0.037500
1 0.762500 0.302778 0.034375 0.047222
3 0.402344 0.301389 0.035156 0.044444
3 0.610938 0.326389 0.039844 0.051389
3 0.626563 0.251389 0.040625 0.047222
3 0.665625 0.409722 0.039062 0.052778
3 0.712500 0.020833 0.031250 0.037500
4 0.373437 0.279167 0.036719 0.038889
4 0.551562 0.119444 0.032813 0.034722
4 0.571875 0.201389 0.039062 0.050000
4 0.617969 0.022222 0.038281 0.041667
4 0.655469 0.023611 0.035156 0.040278
4 0.671875 0.350000 0.037500 0.047222
5 0.475000 0.127778 0.034375 0.038889
5 0.514062 0.163889 0.035156 0.040278
5 0.603125 0.216667 0.034375 0.045833
5 0.642188 0.204167 0.033594 0.040278
5 0.696875 0.138889 0.034375 0.040278
6 0.544531 0.244444 0.038281 0.050000
6 0.545312 0.173611 0.035156 0.037500
6 0.710938 0.388889 0.041406 0.055556
6 0.762500 0.302778 0.034375 0.047222
7 0.607031 0.065278 0.027344 0.029167
7 0.637500 0.145833 0.035937 0.043056
7 0.646875 0.288889 0.040625 0.054167
8 0.583594 0.281944 0.040625 0.054167