1 0.406250 0.127778 0.035937 0.043056
1 0.491406 0.300000 0.042188 0.052778
1 0.506250 0.254167 0.036719 0.045833
1 0.531250 0.426389 0.037500 0.048611
1 0.538281 0.304167 0.036719 0.048611
1 0.545312 0.256944 0.035937 0.043056
1 0.545312 0.370833 0.035156 0.045833
1 0.566406 0.100000 0.035937 0.041667
1 0.582812 0.288889 0.034375 0.044444
1 0.592187 0.337500 0.037500 0.045833
1 0.601562 0.395833 0.034375 0.044444
1 0.617188 0.262500 0.040625 0.048611
1 0.626563 0.211111 0.038281 0.050000
1 0.639844 0.316667 0.036719 0.047222
1 0.657813 0.277778 0.038281 0.051389
1 0.672656 0.344444 0.035937 0.045833
1 0.700781 0.380556 0.032031 0.038889
1 0.741406 0.368056 0.038281 0.051389
1 0.846094 0.455556 0.040625 0.055556
1 0.850000 0.219444 0.035937 0.041667
1 0.864844 0.354167 0.038281 0.045833
1 0.875000 0.275000 0.037500 0.044444
3 0.545312 0.256944 0.035937 0.043056
3 0.850000 0.219444 0.035937 0.041667
3 0.864844 0.354167 0.038281 0.045833
4 0.406250 0.127778 0.035937 0.043056
4 0.491406 0.300000 0.042188 0.052778
4 0.846094 0.455556 0.040625 0.055556
4 0.875000 0.275000 0.037500 0.044444
5 0.506250 0.254167 0.036719 0.045833
5 0.545312 0.370833 0.035156 0.045833
5 0.672656 0.344444 0.035937 0.045833
6 0.601562 0.395833 0.034375 0.044444
6 0.626563 0.211111 0.038281 0.050000
6 0.639844 0.316667 0.036719 0.047222
6 0.657813 0.277778 0.038281 0.051389
7 0.531250 0.426389 0.037500 0.048611
7 0.592187 0.337500 0.037500 0.045833
7 0.617188 0.262500 0.040625 0.048611
7 0.700781 0.380556 0.032031 0.038889
8 0.538281 0.304167 0.036719 0.048611
8 0.566406 0.100000 0.035937 0.041667
8 0.582812 0.288889 0.034375 0.044444
8 0.741406 0.368056 0.038281 0.051389