1 0.264844 0.588889 0.053125 0.069444
1 0.304688 0.365972 0.048438 0.051389
1 0.330469 0.584028 0.056250 0.070833
1 0.352344 0.301389 0.046875 0.052778
1 0.361719 0.365972 0.059375 0.062500
1 0.432373 0.325676 0.045729 0.058411
1 0.441016 0.390972 0.057031 0.056944
1 0.468978 0.506977 0.049654 0.071610
1 0.537294 0.565641 0.055100 0.074273
4 0.264844 0.588889 0.053125 0.069444
5 0.330469 0.584028 0.056250 0.070833
5 0.361719 0.365972 0.059375 0.062500
5 0.432373 0.325676 0.045729 0.058411
5 0.441016 0.390972 0.057031 0.056944
5 0.468978 0.506977 0.049654 0.071610
6 0.352344 0.301389 0.046875 0.052778
7 0.304688 0.365972 0.048438 0.051389
7 0.537050 0.565830 0.055588 0.073895