1 0.269531 0.186111 0.103125 0.119444
1 0.416406 0.736111 0.025000 0.044444
1 0.417578 0.786806 0.022656 0.040278
1 0.432031 0.698611 0.023438 0.041667
1 0.435937 0.619444 0.028125 0.047222
1 0.435352 0.830722 0.020120 0.035526
1 0.454499 0.762444 0.021948 0.036819
1 0.456641 0.719444 0.024219 0.041667
1 0.466406 0.615972 0.028125 0.048611
1 0.464062 0.672222 0.021875 0.041667
1 0.487109 0.670139 0.027344 0.048611
1 0.487891 0.576389 0.027344 0.047222
1 0.492578 0.788889 0.027344 0.047222
1 0.489308 0.844221 0.019720 0.035233
1 0.508984 0.613194 0.028906 0.045833
1 0.511719 0.563889 0.028125 0.050000
1 0.508662 0.833398 0.021565 0.038064
1 0.526953 0.531250 0.027344 0.045833
1 0.537109 0.590278 0.024219 0.041667
1 0.550781 0.676389 0.023438 0.041667
1 0.555078 0.500694 0.024219 0.040278
1 0.564453 0.543056 0.022656 0.038889
1 0.604612 0.563313 0.022027 0.040040
1 0.688857 0.901003 0.020265 0.036069
1 0.787649 0.168675 0.026098 0.047599
1 0.786506 0.231636 0.023156 0.040818
1 0.809215 0.202649 0.026039 0.048994
3 0.417578 0.786806 0.022656 0.040278
3 0.555078 0.500694 0.024219 0.040278
3 0.809215 0.202649 0.026039 0.048994
4 0.269531 0.186111 0.103125 0.119444
4 0.435937 0.619444 0.028125 0.047222
4 0.487891 0.576389 0.027344 0.047222
4 0.492578 0.788889 0.027344 0.047222
4 0.604726 0.563116 0.021799 0.040436
4 0.688857 0.901003 0.020265 0.036069
5 0.464062 0.672222 0.021875 0.041667
5 0.508662 0.833398 0.021565 0.038064
5 0.537109 0.590278 0.024219 0.041667
5 0.787649 0.168675 0.026098 0.047599
6 0.456641 0.719444 0.024219 0.041667
6 0.550781 0.676501 0.023438 0.041667
6 0.564453 0.543056 0.022656 0.038889
6 0.786506 0.231636 0.023156 0.040818
7 0.435352 0.830722 0.020120 0.035526
7 0.487109 0.670139 0.027344 0.048611
7 0.489308 0.844221 0.019720 0.035233
7 0.511719 0.563889 0.028125 0.050000
7 0.526953 0.531250 0.027344 0.045833
8 0.416406 0.736111 0.025000 0.044444
8 0.432031 0.698611 0.023438 0.041667
8 0.454499 0.762444 0.021948 0.036819
8 0.466406 0.615972 0.028125 0.048611
8 0.508984 0.613194 0.028906 0.045833