1 0.216797 0.364583 0.057031 0.059722
1 0.227344 0.436806 0.062500 0.065278
1 0.263663 0.392454 0.051239 0.063507
1 0.286345 0.715398 0.068002 0.091907
1 0.320698 0.782793 0.095911 0.130583
1 0.317969 0.404167 0.053125 0.055556
1 0.385547 0.631250 0.055469 0.068056
1 0.448437 0.355556 0.048438 0.052778
1 0.477495 0.671143 0.072527 0.108350
1 0.519400 0.469768 0.050263 0.066019
1 0.541016 0.568056 0.060156 0.069444
1 0.555078 0.154167 0.042969 0.041667
1 0.563715 0.366560 0.045463 0.051789
1 0.598487 0.431711 0.046776 0.053244
1 0.616513 0.339965 0.051776 0.063264
1 0.616280 0.142565 0.037923 0.033481
1 0.628380 0.491625 0.050496 0.059637
1 0.653632 0.626908 0.077644 0.099097
1 0.658984 0.425000 0.074219 0.083333
1 0.731375 0.469154 0.048188 0.064470
3 0.385547 0.631250 0.055469 0.068056
3 0.448437 0.355556 0.048438 0.052778
3 0.563715 0.366560 0.045463 0.051789
3 0.628380 0.491625 0.050496 0.059637
3 0.653459 0.626886 0.077444 0.098841
4 0.616513 0.339807 0.051776 0.062947
5 0.216797 0.364583 0.057031 0.059722
5 0.320698 0.782793 0.095911 0.130583
5 0.519645 0.470112 0.049773 0.065331
5 0.658984 0.425000 0.074219 0.083333
6 0.317969 0.404167 0.053125 0.055556
6 0.598445 0.430892 0.046860 0.054883
7 0.286227 0.715507 0.067766 0.092124
7 0.555078 0.154167 0.042969 0.041667
7 0.616395 0.143528 0.038145 0.034298
7 0.731078 0.469555 0.048781 0.063667
8 0.227344 0.436806 0.062500 0.065278
8 0.263663 0.392454 0.051239 0.063507
8 0.476917 0.670899 0.072312 0.108282
8 0.541016 0.568056 0.060156 0.069444