1 0.304688 0.270833 0.039062 0.048611
1 0.399219 0.022222 0.031250 0.038889
1 0.403125 0.061111 0.030469 0.045833
1 0.409375 0.362500 0.040625 0.048611
1 0.437500 0.291667 0.050781 0.066667
1 0.447656 0.486111 0.050000 0.069444
1 0.457813 0.350000 0.052344 0.062500
1 0.528906 0.080556 0.035156 0.038889
1 0.559375 0.244444 0.035937 0.041667
1 0.560156 0.362500 0.038281 0.048611
1 0.603906 0.252778 0.041406 0.050000
1 0.627344 0.213889 0.036719 0.045833
1 0.644531 0.255556 0.036719 0.047222
1 0.648438 0.308333 0.038281 0.045833
1 0.664062 0.438889 0.037500 0.051389
1 0.671094 0.363889 0.044531 0.058333
1 0.673438 0.113889 0.041406 0.050000
1 0.681250 0.276389 0.039062 0.052778
3 0.447656 0.486111 0.050000 0.069444
3 0.457813 0.350000 0.052344 0.062500
3 0.559375 0.244444 0.035937 0.041667
4 0.409375 0.362500 0.040625 0.048611
4 0.673438 0.113889 0.041406 0.050000
5 0.560156 0.362500 0.038281 0.048611
5 0.664062 0.438889 0.037500 0.051389
5 0.681250 0.276389 0.039062 0.052778
6 0.304688 0.270833 0.039062 0.048611
6 0.399219 0.022222 0.031250 0.038889
7 0.437500 0.291667 0.050781 0.066667
7 0.528906 0.080556 0.035156 0.038889
7 0.603906 0.252778 0.041406 0.050000
7 0.627344 0.213889 0.036719 0.045833
7 0.644531 0.255556 0.036719 0.047222
7 0.648438 0.308333 0.038281 0.045833
8 0.403125 0.061111 0.030469 0.045833
8 0.671094 0.363889 0.044531 0.058333