1 0.427344 0.309722 0.043750 0.050000
1 0.435547 0.524306 0.060156 0.076389
1 0.466016 0.391667 0.046094 0.058333
1 0.524609 0.338194 0.042969 0.051389
1 0.544141 0.217361 0.035156 0.040278
1 0.585547 0.370833 0.042969 0.052778
1 0.609766 0.332639 0.042969 0.054167
1 0.609375 0.427083 0.042188 0.054167
1 0.634375 0.376389 0.043750 0.050000
1 0.665234 0.432639 0.042969 0.054167
1 0.670312 0.297917 0.040625 0.045833
1 0.681885 0.872938 0.051271 0.076431
3 0.634375 0.376389 0.043750 0.050000
4 0.585547 0.370833 0.042969 0.052778
4 0.682238 0.874497 0.051976 0.079550
5 0.524609 0.338194 0.042969 0.051389
5 0.609766 0.332639 0.042969 0.054167
5 0.609375 0.427083 0.042188 0.054167
6 0.435547 0.524306 0.060156 0.076389
6 0.665234 0.432639 0.042969 0.054167
7 0.466016 0.391667 0.046094 0.058333
8 0.427344 0.309722 0.043750 0.050000
8 0.544141 0.217361 0.035156 0.040278
8 0.670312 0.297917 0.040625 0.045833