1 0.414453 0.284028 0.057031 0.048611
1 0.439640 0.222620 0.048306 0.037126
1 0.458206 0.175002 0.044537 0.036115
1 0.469922 0.284722 0.049219 0.050000
1 0.486014 0.132310 0.043732 0.033887
1 0.507812 0.189583 0.050000 0.040278
1 0.524609 0.245139 0.058594 0.043056
1 0.546750 0.164821 0.051313 0.037974
1 0.560188 0.197743 0.054751 0.042709
1 0.595898 0.141342 0.043044 0.036268
1 0.608173 0.088311 0.044520 0.034851
1 0.633232 0.192714 0.050839 0.035428
1 0.672585 0.243626 0.049900 0.039348
1 0.682813 0.301389 0.057813 0.038889
1 0.732518 0.260537 0.057224 0.046073
1 0.777734 0.199306 0.049219 0.037500
1 0.827344 0.301389 0.060937 0.047222
1 0.831250 0.219444 0.056250 0.041667
1 0.872450 0.268125 0.058594 0.048611
1 0.957031 0.367361 0.060937 0.048611
3 0.486014 0.132310 0.043732 0.033887
3 0.777734 0.199306 0.049219 0.037500
4 0.414453 0.284028 0.057031 0.048611
4 0.469922 0.284722 0.049219 0.050000
4 0.507812 0.189583 0.050000 0.040278
4 0.546750 0.164821 0.051313 0.037974
4 0.732518 0.260537 0.057224 0.046073
4 0.827344 0.301389 0.060937 0.047222
4 0.831250 0.219444 0.056250 0.041667
5 0.595898 0.141342 0.043044 0.036268
5 0.608173 0.088311 0.044520 0.034851
5 0.872450 0.268125 0.058594 0.048611
6 0.439640 0.222620 0.048306 0.037126
6 0.560188 0.197743 0.054751 0.042709
6 0.633232 0.192714 0.050839 0.035428
6 0.672585 0.243626 0.049900 0.039348
7 0.524609 0.245139 0.058594 0.043056
8 0.458206 0.175002 0.044537 0.036115
8 0.682813 0.301389 0.057813 0.038889
8 0.957031 0.367361 0.060937 0.048611