1 0.202249 0.563668 0.099811 0.144002
1 0.209816 0.232438 0.066403 0.082547
1 0.278380 0.471486 0.075510 0.095749
1 0.278803 0.207766 0.061877 0.067589
1 0.363565 0.256123 0.053113 0.057509
1 0.380429 0.501550 0.065546 0.097545
1 0.449884 0.391660 0.074768 0.102764
1 0.500885 0.817131 0.084924 0.124447
1 0.495641 0.237394 0.059433 0.076931
3 0.380429 0.501550 0.065546 0.097545
3 0.449884 0.391660 0.074768 0.102764
5 0.278380 0.471486 0.075510 0.095749
5 0.278803 0.207766 0.061877 0.067589
5 0.363565 0.256123 0.053113 0.057509
7 0.209816 0.232438 0.066403 0.082547
7 0.500885 0.817131 0.084924 0.124447
7 0.495641 0.237394 0.059433 0.076931
8 0.202249 0.563668 0.099811 0.144002