1 0.078915 0.321951 0.054706 0.060569
1 0.087809 0.660391 0.061649 0.082601
1 0.114844 0.520139 0.075000 0.084722
1 0.227510 0.558004 0.053592 0.071277
1 0.264245 0.482323 0.060751 0.079036
1 0.260156 0.184028 0.048438 0.045833
1 0.305033 0.043581 0.040268 0.040365
1 0.403030 0.875395 0.070122 0.106346
1 0.405962 0.670459 0.060744 0.095274
1 0.400539 0.165503 0.043040 0.044175
1 0.414453 0.359722 0.058594 0.069444
1 0.484274 0.823623 0.065828 0.097199
1 0.488883 0.690588 0.070764 0.099023
1 0.493424 0.416123 0.062962 0.085964
1 0.553260 0.723874 0.059645 0.083860
1 0.647149 0.417280 0.046327 0.062661
1 0.723825 0.374633 0.047838 0.053565
1 0.764981 0.452991 0.051045 0.067184
1 0.787488 0.410041 0.045336 0.066030
3 0.114844 0.520139 0.075000 0.084722
3 0.227233 0.558509 0.053390 0.071270
3 0.264245 0.482323 0.060751 0.079036
3 0.400539 0.165503 0.043040 0.044175
3 0.787487 0.410498 0.045338 0.065115
4 0.087679 0.660389 0.062489 0.083822
4 0.414453 0.359722 0.058594 0.069444
4 0.488883 0.690588 0.070764 0.099023
4 0.647257 0.417451 0.046112 0.062321
5 0.305033 0.043581 0.040268 0.040365
5 0.764981 0.452991 0.051045 0.067184
6 0.403252 0.875312 0.070566 0.106179
6 0.723825 0.374633 0.047838 0.053565
7 0.078449 0.321430 0.053773 0.059526
8 0.260156 0.184028 0.048438 0.045833
8 0.406113 0.670836 0.061559 0.095180
8 0.484159 0.822946 0.066057 0.098551
8 0.493586 0.416549 0.062641 0.086816
8 0.553608 0.723372 0.060341 0.082854