1 0.349609 0.715278 0.032031 0.058333
1 0.377741 0.714872 0.027231 0.051720
1 0.389453 0.560417 0.030469 0.048611
1 0.398828 0.620139 0.036719 0.062500
1 0.448828 0.529167 0.035156 0.063889
1 0.501172 0.694444 0.028906 0.055556
1 0.506641 0.779167 0.036719 0.066667
1 0.521094 0.604861 0.032813 0.059722
1 0.574609 0.603472 0.036719 0.062500
1 0.573828 0.669444 0.033594 0.058333
1 0.628516 0.556250 0.035156 0.062500
1 0.629234 0.485167 0.027469 0.051889
1 0.633335 0.631708 0.033330 0.061583
1 0.643359 0.738889 0.036719 0.066667
4 0.506641 0.779167 0.036719 0.066667
4 0.628516 0.556250 0.035156 0.062500
4 0.629291 0.485133 0.027355 0.051957
5 0.377741 0.714872 0.027231 0.051720
5 0.398828 0.620139 0.036719 0.062500
5 0.573828 0.669444 0.033594 0.058333
6 0.501172 0.694444 0.028906 0.055556
6 0.643359 0.738889 0.036719 0.066667
7 0.521094 0.604861 0.032813 0.059722
7 0.633315 0.631964 0.033369 0.061072
8 0.349609 0.715278 0.032031 0.058333
8 0.389453 0.560417 0.030469 0.048611
8 0.448828 0.529167 0.035156 0.063889
8 0.574609 0.603472 0.036719 0.062500