1 0.241016 0.422222 0.024219 0.038889
1 0.289206 0.541876 0.024239 0.042470
1 0.301896 0.694272 0.025112 0.042211
1 0.307945 0.651479 0.026593 0.043820
1 0.316016 0.531944 0.024219 0.044444
1 0.330078 0.673611 0.030469 0.058333
1 0.333165 0.589216 0.030545 0.049345
1 0.355469 0.386806 0.026562 0.051389
1 0.360547 0.510417 0.022656 0.043056
1 0.374219 0.564583 0.028125 0.043056
1 0.383984 0.520833 0.028906 0.047222
1 0.385302 0.596256 0.025354 0.045015
1 0.401758 0.747264 0.025570 0.044534
1 0.402438 0.625220 0.023289 0.038778
1 0.405469 0.702778 0.025000 0.038889
1 0.407294 0.663466 0.023001 0.034299
1 0.406213 0.423952 0.020802 0.038163
1 0.408984 0.552778 0.025781 0.041667
1 0.408688 0.592833 0.023063 0.038797
1 0.434766 0.525694 0.024219 0.040278
1 0.436110 0.566133 0.021206 0.038273
1 0.473056 0.788505 0.023029 0.039450
1 0.474224 0.844917 0.022436 0.036676
1 0.496322 0.857852 0.022825 0.039480
1 0.500294 0.773727 0.022902 0.036429
3 0.288249 0.541061 0.024124 0.042455
3 0.307419 0.651314 0.026105 0.043339
3 0.401758 0.747264 0.025570 0.044534
3 0.406213 0.423952 0.020802 0.038163
3 0.496322 0.857852 0.022825 0.039480
4 0.333175 0.589564 0.030526 0.048650
4 0.355469 0.386806 0.026562 0.051389
4 0.385302 0.596256 0.025354 0.045015
4 0.407294 0.663466 0.023001 0.034299
4 0.434766 0.525694 0.024219 0.040278
5 0.330078 0.673611 0.030469 0.058333
5 0.405469 0.702778 0.025000 0.038889
5 0.408688 0.592833 0.023063 0.038797
5 0.474224 0.844917 0.022436 0.036676
6 0.473056 0.788505 0.023029 0.039450
7 0.241016 0.422222 0.024219 0.038889
7 0.316016 0.531944 0.024219 0.044444
7 0.374219 0.564583 0.028125 0.043056
7 0.383984 0.520833 0.028906 0.047222
7 0.436110 0.566133 0.021206 0.038273
8 0.301896 0.694272 0.025112 0.042211
8 0.360547 0.510417 0.022656 0.043056
8 0.402535 0.626336 0.022078 0.038829
8 0.408984 0.552778 0.025781 0.041667