1 0.167306 0.391432 0.023877 0.042953
1 0.170526 0.439404 0.022118 0.040771
1 0.205766 0.471582 0.027040 0.046338
1 0.210607 0.397562 0.027511 0.045650
1 0.317188 0.309028 0.028125 0.048611
1 0.316797 0.512500 0.025781 0.044444
1 0.328906 0.598611 0.026562 0.050000
1 0.344531 0.469444 0.028125 0.050000
1 0.345929 0.539599 0.026232 0.051421
1 0.358203 0.611806 0.027344 0.051389
1 0.373437 0.704167 0.025000 0.044444
1 0.388281 0.561111 0.023438 0.038889
1 0.398828 0.427778 0.030469 0.052778
1 0.412891 0.758333 0.028906 0.052778
1 0.413281 0.477083 0.023438 0.037500
1 0.416797 0.577778 0.030469 0.055556
1 0.441016 0.450694 0.027344 0.045833
1 0.444922 0.654861 0.027344 0.051389
1 0.450000 0.554167 0.023438 0.038889
1 0.460156 0.599306 0.023438 0.040278
1 0.471875 0.688194 0.025000 0.048611
1 0.482031 0.488194 0.026562 0.045833
1 0.486642 0.769666 0.023150 0.042998
1 0.490129 0.596431 0.020597 0.038058
1 0.540625 0.550694 0.026562 0.045833
3 0.316797 0.512500 0.025781 0.044444
3 0.346191 0.540045 0.024040 0.048821
3 0.412891 0.758333 0.028906 0.052778
3 0.450000 0.554167 0.023438 0.038889
3 0.471875 0.688194 0.025000 0.048611
3 0.540625 0.550694 0.026562 0.045833
4 0.398828 0.427778 0.030469 0.052778
4 0.444922 0.654861 0.027344 0.051389
4 0.482031 0.488194 0.026562 0.045833
5 0.210607 0.397562 0.027511 0.045650
5 0.358203 0.611806 0.027344 0.051389
5 0.416797 0.577778 0.030469 0.055556
5 0.486642 0.769666 0.023150 0.042998
6 0.328906 0.598611 0.026562 0.050000
6 0.490129 0.596431 0.020597 0.038058
7 0.167306 0.391432 0.023877 0.042953
7 0.317188 0.309028 0.028125 0.048611
7 0.373437 0.704167 0.025000 0.044444
7 0.388281 0.561111 0.023438 0.038889
7 0.441016 0.450694 0.027344 0.045833
7 0.460156 0.599306 0.023438 0.040278
8 0.170526 0.439404 0.022118 0.040771
8 0.205766 0.471582 0.027040 0.046338
8 0.344531 0.469444 0.028125 0.050000
8 0.413281 0.477083 0.023438 0.037500