1 0.337500 0.463889 0.057813 0.066667
1 0.342969 0.545833 0.060937 0.069444
1 0.351953 0.375000 0.060156 0.069444
1 0.413281 0.482639 0.054688 0.065278
1 0.417578 0.392361 0.053906 0.056944
1 0.488672 0.391667 0.046094 0.055556
1 0.498222 0.485086 0.057381 0.064616
1 0.533203 0.554167 0.047656 0.058333
1 0.549609 0.434722 0.053906 0.063889
3 0.498286 0.485086 0.057509 0.064616
4 0.337500 0.463889 0.057813 0.066667
5 0.351953 0.375000 0.060156 0.069444
5 0.549609 0.434722 0.053906 0.063889
6 0.342969 0.545833 0.060937 0.069444
6 0.413281 0.482639 0.054688 0.065278
7 0.417578 0.392361 0.053906 0.056944
7 0.488672 0.391667 0.046094 0.055556
7 0.533203 0.554167 0.047656 0.058333