1 0.340299 0.752812 0.107161 0.163957
1 0.423681 0.540453 0.061424 0.086461
1 0.521654 0.724261 0.077684 0.120744
1 0.576549 0.634604 0.076536 0.105319
1 0.589085 0.497888 0.071919 0.095776
1 0.684395 0.828442 0.081738 0.120497
1 0.721609 0.555246 0.057529 0.080930
3 0.340299 0.752812 0.107161 0.163957
4 0.423681 0.540453 0.061424 0.086461
4 0.684395 0.828442 0.081738 0.120497
5 0.589085 0.497888 0.071919 0.095776
7 0.521654 0.724261 0.077684 0.120744
7 0.576549 0.634604 0.076536 0.105319
7 0.721609 0.555246 0.057529 0.080930