1 0.149796 0.480947 0.025661 0.044224
1 0.169928 0.678639 0.022643 0.039944
1 0.194922 0.500694 0.025781 0.043056
1 0.207422 0.421528 0.028906 0.045833
1 0.213742 0.552837 0.024297 0.038142
1 0.226332 0.588677 0.023907 0.039794
1 0.235547 0.447222 0.024219 0.044444
1 0.239453 0.540278 0.028906 0.047222
1 0.255078 0.464583 0.022656 0.040278
1 0.337891 0.390278 0.027344 0.044444
1 0.347266 0.509028 0.027344 0.048611
1 0.347202 0.728052 0.025908 0.043897
1 0.360938 0.434028 0.026562 0.045833
1 0.369837 0.518920 0.021987 0.037345
1 0.376755 0.722347 0.026178 0.044194
1 0.395608 0.646742 0.021139 0.036852
1 0.400391 0.689583 0.028906 0.045833
1 0.405094 0.830935 0.025749 0.043686
1 0.408594 0.748611 0.031250 0.055556
1 0.415425 0.467720 0.033975 0.052106
1 0.414844 0.302778 0.029687 0.050000
1 0.423438 0.610417 0.025000 0.045833
1 0.431641 0.647917 0.025781 0.043056
1 0.435547 0.704167 0.024219 0.047222
1 0.440008 0.497198 0.032975 0.061964
1 0.444141 0.332639 0.027344 0.045833
1 0.452024 0.442354 0.033275 0.058148
1 0.452595 0.761421 0.026059 0.043825
1 0.452193 0.612617 0.023096 0.041226
1 0.471875 0.726389 0.026562 0.050000
1 0.495142 0.621763 0.026904 0.045363
1 0.533320 0.622884 0.027109 0.043122
1 0.571875 0.385417 0.026562 0.048611
3 0.226332 0.588677 0.023907 0.039794
3 0.235547 0.447222 0.024219 0.044444
3 0.255078 0.464583 0.022656 0.040278
3 0.347266 0.509028 0.027344 0.048611
3 0.400391 0.689583 0.028906 0.045833
3 0.423438 0.610417 0.025000 0.045833
3 0.571875 0.385417 0.026562 0.048611
4 0.207422 0.421528 0.028906 0.045833
4 0.337891 0.390278 0.027344 0.044444
4 0.360938 0.434028 0.026562 0.045833
4 0.452427 0.761419 0.026396 0.043828
5 0.414802 0.467604 0.032729 0.051875
5 0.440008 0.497198 0.032975 0.061964
5 0.471875 0.726389 0.026562 0.050000
6 0.239453 0.540278 0.028906 0.047222
6 0.408594 0.748611 0.031250 0.055556
6 0.452246 0.443216 0.033314 0.058267
6 0.495023 0.622853 0.027142 0.043184
6 0.533237 0.622462 0.027277 0.043965
7 0.369837 0.518920 0.021987 0.037345
7 0.414844 0.302778 0.029687 0.050000
7 0.431641 0.647917 0.025781 0.043056
7 0.435547 0.704167 0.024219 0.047222
7 0.444141 0.332639 0.027344 0.045833
8 0.149140 0.481400 0.026212 0.044045
8 0.169928 0.679531 0.022643 0.038161
8 0.194922 0.500694 0.025781 0.043056
8 0.213742 0.552837 0.024297 0.038142
8 0.347202 0.728791 0.025908 0.042418
8 0.376628 0.722112 0.026431 0.044665
8 0.395593 0.647180 0.021441 0.036895
8 0.405165 0.831457 0.025608 0.042641
8 0.451962 0.613305 0.022791 0.041412