1 0.307422 0.628472 0.055469 0.076389
1 0.338672 0.762500 0.072656 0.102778
1 0.421484 0.337500 0.041406 0.052778
1 0.541797 0.397917 0.046094 0.056944
1 0.561719 0.509028 0.045312 0.065278
1 0.560547 0.131944 0.039844 0.044444
1 0.628906 0.459722 0.045312 0.052778
1 0.646484 0.374306 0.046094 0.062500
1 0.659766 0.661806 0.044531 0.068056
1 0.688672 0.481944 0.049219 0.061111
1 0.698828 0.340972 0.042969 0.056944
1 0.728516 0.546528 0.050781 0.065278
3 0.698828 0.340972 0.042969 0.056944
3 0.728516 0.546528 0.050781 0.065278
4 0.560547 0.131944 0.039844 0.044444
4 0.646484 0.374306 0.046094 0.062500
5 0.541797 0.397917 0.046094 0.056944
6 0.659766 0.661806 0.044531 0.068056
7 0.421484 0.337500 0.041406 0.052778
7 0.561719 0.509028 0.045312 0.065278
8 0.307422 0.628472 0.055469 0.076389
8 0.338672 0.762500 0.072656 0.102778
8 0.628906 0.459722 0.045312 0.052778
8 0.688672 0.481944 0.049219 0.061111