1 0.156250 0.782639 0.068750 0.068056
1 0.168359 0.713889 0.064844 0.055556
1 0.233984 0.756250 0.064844 0.056944
1 0.305078 0.660417 0.058594 0.054167
1 0.310156 0.716667 0.057813 0.047222
1 0.329688 0.755556 0.062500 0.041667
1 0.381250 0.653472 0.060937 0.062500
1 0.386749 0.710025 0.059435 0.047829
1 0.495703 0.588889 0.053906 0.055556
1 0.548047 0.615972 0.060156 0.048611
1 0.575413 0.371714 0.035201 0.021206
1 0.644531 0.515278 0.046875 0.038889
1 0.658166 0.670634 0.056957 0.046824
1 0.687109 0.545139 0.044531 0.037500
1 0.702734 0.745833 0.067969 0.055556
1 0.728504 0.630486 0.060306 0.051438
1 0.729699 0.705657 0.056750 0.037001
1 0.768750 0.668056 0.059375 0.038889
1 0.827424 0.728417 0.061099 0.065168
3 0.156250 0.782639 0.068750 0.068056
3 0.687109 0.545139 0.044531 0.037500
3 0.729699 0.705657 0.056750 0.037001
4 0.385919 0.710402 0.057775 0.048583
4 0.575413 0.371714 0.035201 0.021206
4 0.727624 0.631279 0.061713 0.051600
5 0.305078 0.660417 0.058594 0.054167
5 0.548047 0.615972 0.060156 0.048611
5 0.768750 0.668056 0.059375 0.038889
6 0.644531 0.515278 0.046875 0.038889
7 0.168359 0.713889 0.064844 0.055556
7 0.310156 0.716667 0.057813 0.047222
7 0.329688 0.755556 0.062500 0.041667
7 0.657929 0.670356 0.056484 0.046268
7 0.702734 0.745833 0.067969 0.055556
8 0.233984 0.756250 0.064844 0.056944
8 0.381250 0.653472 0.060937 0.062500
8 0.495703 0.588889 0.053906 0.055556
8 0.827424 0.728417 0.061099 0.065168