0 0.358493 0.717917 0.084172 0.198266
0 0.396094 0.417361 0.100000 0.209722
0 0.387109 0.284028 0.064844 0.098611
0 0.437899 0.706117 0.083640 0.193109
0 0.503906 0.462500 0.082812 0.141667
0 0.516191 0.569056 0.098401 0.153759
0 0.522203 0.715671 0.088250 0.196667
0 0.519531 0.352083 0.075000 0.137500
0 0.576953 0.304167 0.050781 0.097222
0 0.597266 0.377083 0.085156 0.181944
0 0.609375 0.477778 0.078125 0.158333
0 0.672266 0.397917 0.066406 0.154167
1 0.356984 0.669030 0.078031 0.104726
1 0.394922 0.367361 0.099219 0.106944
1 0.387500 0.265972 0.062500 0.059722
1 0.435937 0.659028 0.079687 0.101389
1 0.503797 0.425973 0.076345 0.068613
1 0.519531 0.673611 0.085938 0.111111
1 0.521094 0.537500 0.081250 0.088889
1 0.519531 0.331250 0.070312 0.095833
1 0.577344 0.279167 0.051562 0.044444
1 0.600000 0.331944 0.079687 0.091667
1 0.610156 0.436111 0.073438 0.075000
1 0.673150 0.355829 0.065051 0.069991
2 0.357867 0.765653 0.082857 0.097913
2 0.357927 0.431478 0.027600 0.176968
2 0.386936 0.314086 0.064066 0.040522
2 0.408482 0.457198 0.074203 0.128762
2 0.439595 0.753215 0.076630 0.100195
2 0.489980 0.497803 0.056449 0.077651
2 0.500244 0.597290 0.060362 0.082424
2 0.489975 0.347205 0.015279 0.093824
2 0.523098 0.766245 0.081443 0.101855
2 0.527008 0.384673 0.053466 0.078854
2 0.531420 0.482534 0.027593 0.107030
2 0.548064 0.593570 0.034400 0.099066
2 0.599165 0.416435 0.078415 0.087660
2 0.577423 0.490724 0.008747 0.127474
2 0.614896 0.511357 0.066596 0.089320
2 0.673574 0.428552 0.064643 0.085713
3 0.519531 0.331250 0.070312 0.095833
3 0.577344 0.279167 0.051562 0.044444
3 0.600000 0.331944 0.079687 0.091667
4 0.394922 0.367361 0.099219 0.106944
4 0.435937 0.659028 0.079687 0.101389
4 0.503802 0.426750 0.076355 0.070166
4 0.610156 0.436111 0.073438 0.075000
5 0.521094 0.537500 0.081250 0.088889
6 0.387500 0.265972 0.062500 0.059722
6 0.673145 0.356158 0.065040 0.070649
8 0.357434 0.669849 0.078930 0.106366
8 0.519531 0.673611 0.085938 0.111111