1 0.252734 0.627778 0.082031 0.075000
1 0.349609 0.609028 0.066406 0.065278
1 0.380078 0.544444 0.069531 0.061111
1 0.454688 0.663194 0.076563 0.073611
1 0.487981 0.591077 0.072931 0.076036
1 0.511207 0.223060 0.053664 0.037786
1 0.528516 0.691667 0.078906 0.080556
1 0.577592 0.399901 0.065335 0.059776
1 0.574969 0.341519 0.057422 0.049924
1 0.573805 0.291948 0.050735 0.039452
1 0.652734 0.647917 0.069531 0.076389
1 0.699219 0.540278 0.071875 0.058333
1 0.738281 0.492361 0.076563 0.065278
1 0.738467 0.419809 0.068079 0.053608
1 0.747410 0.361292 0.061722 0.055811
1 0.807813 0.465278 0.062500 0.055556
1 0.834766 0.585417 0.066406 0.068056
1 0.848437 0.530556 0.071875 0.069444
1 0.909766 0.600694 0.069531 0.065278
3 0.528516 0.691667 0.078906 0.080556
3 0.738281 0.492361 0.076563 0.065278
3 0.834766 0.585417 0.066406 0.068056
3 0.848437 0.530556 0.071875 0.069444
4 0.380078 0.544444 0.069531 0.061111
4 0.454688 0.663194 0.076563 0.073611
4 0.487981 0.591077 0.072931 0.076036
5 0.252734 0.627778 0.082031 0.075000
5 0.652734 0.647917 0.069531 0.076389
5 0.807813 0.465278 0.062500 0.055556
5 0.909766 0.600515 0.069531 0.065278
6 0.349609 0.609028 0.066406 0.065278
6 0.574969 0.341519 0.057422 0.049924
6 0.573805 0.291948 0.050735 0.039452
6 0.747410 0.361292 0.061722 0.055811
7 0.511207 0.223060 0.053664 0.037786
7 0.577592 0.399901 0.065335 0.059776
7 0.699219 0.540278 0.071875 0.058333
7 0.738467 0.419809 0.068079 0.053608