1 0.461467 0.763723 0.081647 0.120080
1 0.464818 0.578578 0.067137 0.087712
1 0.564195 0.665186 0.067452 0.091484
1 0.603147 0.587549 0.062456 0.083235
1 0.616192 0.888140 0.063605 0.102189
1 0.649374 0.752588 0.066068 0.094073
1 0.678018 0.576525 0.058026 0.077506
1 0.720284 0.661894 0.064120 0.084546
3 0.616684 0.888783 0.062620 0.100903
4 0.649505 0.752095 0.065805 0.095057
5 0.464932 0.578239 0.067363 0.087034
5 0.563759 0.665350 0.066581 0.091812
5 0.602933 0.586467 0.062884 0.085400
5 0.678245 0.576125 0.057573 0.078306
5 0.720170 0.662056 0.064347 0.084222
8 0.461528 0.762467 0.081524 0.122591