0 0.380577 0.401366 0.059853 0.133915
0 0.467608 0.555379 0.074841 0.130832
0 0.495852 0.399504 0.055744 0.127323
1 0.378127 0.367627 0.055239 0.070418
1 0.469362 0.537666 0.065304 0.091519
1 0.494344 0.364361 0.053030 0.057966
2 0.357624 0.422824 0.014736 0.092787
2 0.386189 0.424979 0.041214 0.087928
2 0.442231 0.570838 0.017389 0.101339
2 0.480921 0.592039 0.047497 0.060042
2 0.489770 0.421760 0.042341 0.081455
2 0.518794 0.413264 0.009840 0.097822
4 0.378127 0.367627 0.055239 0.070418
5 0.469362 0.537666 0.065304 0.091519
8 0.494344 0.364361 0.053030 0.057966