1 0.339844 0.163194 0.032813 0.040278
1 0.350000 0.308333 0.037500 0.052778
1 0.363672 0.487500 0.039844 0.052778
1 0.391797 0.300694 0.041406 0.051389
1 0.400391 0.238194 0.044531 0.059722
1 0.411719 0.344444 0.037500 0.047222
1 0.434375 0.218750 0.037500 0.045833
1 0.452734 0.269444 0.044531 0.055556
1 0.517578 0.247222 0.033594 0.038889
1 0.552344 0.333333 0.043750 0.055556
1 0.591406 0.287500 0.046875 0.063889
1 0.632144 0.279134 0.036164 0.047157
1 0.640809 0.392549 0.034743 0.051764
1 0.654687 0.144444 0.029687 0.038889
1 0.712109 0.238889 0.039844 0.050000
1 0.757031 0.150694 0.032813 0.043056
1 0.853516 0.472222 0.039844 0.052778
3 0.363672 0.487500 0.039844 0.052778
3 0.632460 0.279229 0.036795 0.047346
3 0.853516 0.472222 0.039844 0.052778
4 0.517578 0.247222 0.033594 0.038889
4 0.552344 0.333333 0.043750 0.055556
5 0.391797 0.300694 0.041406 0.051389
5 0.400391 0.238194 0.044531 0.059722
5 0.411719 0.344444 0.037500 0.047222
5 0.591406 0.287500 0.046875 0.063889
5 0.640977 0.392478 0.035079 0.051623
5 0.654687 0.144444 0.029687 0.038889
5 0.712109 0.238889 0.039844 0.050000
7 0.339844 0.163194 0.032813 0.040278
7 0.350000 0.308333 0.037500 0.052778
7 0.434375 0.218750 0.037500 0.045833
7 0.757031 0.150694 0.032813 0.043056
8 0.452734 0.269444 0.044531 0.055556