1 0.414844 0.676389 0.028125 0.050000
1 0.420703 0.752778 0.022656 0.047222
1 0.424609 0.568750 0.028906 0.048611
1 0.427344 0.705556 0.026562 0.047222
1 0.432031 0.431250 0.023438 0.043056
1 0.445703 0.591667 0.027344 0.052778
1 0.447535 0.732603 0.023751 0.042335
1 0.457031 0.438889 0.025000 0.047222
1 0.453975 0.537008 0.018107 0.033123
1 0.527535 0.584545 0.018820 0.035547
1 0.538606 0.545797 0.022889 0.038594
1 0.541425 0.626283 0.022238 0.040776
1 0.548371 0.486786 0.021081 0.038413
1 0.550616 0.581966 0.023327 0.043995
1 0.562500 0.519444 0.026562 0.047222
1 0.562795 0.625863 0.022560 0.037647
1 0.599609 0.569444 0.027344 0.047222
1 0.611309 0.634699 0.019096 0.034287
1 0.618750 0.539583 0.025000 0.040278
1 0.623370 0.590470 0.025135 0.041282
3 0.538448 0.545963 0.022927 0.039362
3 0.548335 0.486508 0.020982 0.039118
4 0.420703 0.752778 0.022656 0.047222
4 0.427344 0.705556 0.026562 0.047222
4 0.454153 0.537028 0.018831 0.031845
4 0.541294 0.625642 0.022494 0.041890
4 0.562500 0.519444 0.026562 0.047222
4 0.623326 0.590908 0.025222 0.040407
5 0.527535 0.584545 0.018820 0.035547
5 0.611092 0.635255 0.018710 0.034115
5 0.618750 0.539583 0.025000 0.040278
6 0.447587 0.732481 0.023856 0.042093
6 0.457031 0.438889 0.025000 0.047222
7 0.424609 0.568750 0.028906 0.048611
7 0.445703 0.591667 0.027344 0.052778
7 0.550616 0.581966 0.023327 0.043995
7 0.562547 0.625566 0.022063 0.037053
7 0.599609 0.569444 0.027344 0.047222
8 0.414844 0.676389 0.028125 0.050000
8 0.432031 0.431250 0.023438 0.043056