1 0.383351 0.462895 0.066703 0.084124
1 0.432197 0.725141 0.064394 0.091948
1 0.549068 0.507398 0.051260 0.081462
1 0.563496 0.914462 0.073866 0.126147
1 0.588948 0.435060 0.054981 0.078007
1 0.618768 0.622713 0.060973 0.089870
1 0.693497 0.620673 0.069491 0.092603
1 0.743566 0.577156 0.066819 0.084868
3 0.549068 0.507398 0.051260 0.081462
5 0.383351 0.462895 0.066703 0.084124
6 0.432197 0.725141 0.064394 0.091948
6 0.563496 0.914462 0.073866 0.126147
7 0.588948 0.435060 0.054981 0.078007
7 0.618768 0.622713 0.060973 0.089870
8 0.693497 0.620673 0.069491 0.092603
8 0.743566 0.577156 0.066819 0.084868