1 0.059375 0.733333 0.028906 0.051389
1 0.122656 0.426389 0.030469 0.052778
1 0.171094 0.629167 0.027344 0.043056
1 0.182031 0.668056 0.025000 0.043056
1 0.237500 0.701389 0.025781 0.047222
1 0.246094 0.790278 0.026562 0.052778
1 0.259375 0.616667 0.025000 0.045833
1 0.283594 0.526389 0.025781 0.041667
1 0.285156 0.334722 0.087500 0.123611
1 0.287500 0.480556 0.028906 0.045833
1 0.307812 0.551389 0.025000 0.040278
1 0.335156 0.416667 0.025000 0.037500
1 0.341406 0.798611 0.028125 0.050000
1 0.364063 0.615278 0.026562 0.047222
1 0.371875 0.816667 0.025781 0.045833
1 0.378906 0.769444 0.026562 0.045833
1 0.381250 0.547222 0.023438 0.044444
1 0.401562 0.738889 0.022656 0.043056
1 0.409375 0.186111 0.084375 0.143056
1 0.417187 0.825000 0.026562 0.047222
1 0.417969 0.340278 0.026562 0.047222
1 0.425000 0.390278 0.023438 0.041667
1 0.439844 0.598611 0.025781 0.041667
1 0.439844 0.665278 0.022656 0.041667
1 0.440625 0.554167 0.021875 0.037500
1 0.446094 0.833333 0.025000 0.044444
1 0.462500 0.631944 0.025781 0.047222
1 0.492188 0.808333 0.027344 0.050000
1 0.493750 0.552778 0.026562 0.048611
1 0.525000 0.843056 0.026562 0.051389
1 0.532813 0.638889 0.022656 0.036111
1 0.552344 0.690278 0.028906 0.050000
1 0.646094 0.669444 0.079687 0.104167
1 0.797656 0.888889 0.026562 0.045833
3 0.259375 0.616667 0.025000 0.045833
3 0.285156 0.334722 0.087500 0.123611
3 0.371875 0.816667 0.025781 0.045833
3 0.401562 0.738889 0.022656 0.043056
3 0.409375 0.186111 0.084375 0.143056
3 0.417969 0.340278 0.026562 0.047222
3 0.646094 0.669444 0.079687 0.104167
3 0.797656 0.888889 0.026562 0.045833
4 0.059375 0.733333 0.028906 0.051389
4 0.122656 0.426389 0.030469 0.052778
4 0.378906 0.769444 0.026562 0.045833
4 0.425000 0.390278 0.023438 0.041667
5 0.283594 0.526389 0.025781 0.041667
5 0.335156 0.416667 0.025000 0.037500
5 0.417187 0.825000 0.026562 0.047222
5 0.439844 0.665278 0.022656 0.041667
5 0.440625 0.554167 0.021875 0.037500
5 0.525000 0.843056 0.026562 0.051389
6 0.171094 0.629167 0.027344 0.043056
6 0.237500 0.701389 0.025781 0.047222
6 0.246094 0.790278 0.026562 0.052778
6 0.307812 0.551389 0.025000 0.040278
6 0.446094 0.833333 0.025000 0.044444
6 0.532813 0.638889 0.022656 0.036111
7 0.287500 0.480556 0.028906 0.045833
7 0.341406 0.798611 0.028125 0.050000
7 0.364063 0.615278 0.026562 0.047222
7 0.492188 0.808333 0.027344 0.050000
7 0.552344 0.690278 0.028906 0.050000
8 0.182031 0.668056 0.025000 0.043056
8 0.381250 0.547222 0.023438 0.044444
8 0.439844 0.598611 0.025781 0.041667
8 0.462500 0.631944 0.025781 0.047222
8 0.493750 0.552778 0.026562 0.048611