1 0.559375 0.572917 0.042188 0.079167
1 0.721875 0.440278 0.054688 0.094444
1 0.747708 0.049599 0.041919 0.069960
1 0.782422 0.886806 0.042969 0.076389
1 0.797731 0.568070 0.054837 0.094474
1 0.801172 0.428472 0.042969 0.076389
1 0.820312 0.751389 0.053125 0.097222
1 0.820703 0.752778 0.052344 0.091667
1 0.858203 0.190278 0.064844 0.108333
1 0.875781 0.443750 0.043750 0.076389
1 0.969078 0.352072 0.043210 0.072325
3 0.748046 0.051462 0.041245 0.071593
3 0.820312 0.751389 0.053125 0.097222
3 0.820703 0.752778 0.052344 0.091667
3 0.969078 0.352072 0.043210 0.072325
6 0.721875 0.440278 0.054688 0.094444
6 0.858203 0.190278 0.064844 0.108333
6 0.875781 0.443750 0.043750 0.076389
7 0.559375 0.572917 0.042188 0.079167
7 0.782422 0.886806 0.042969 0.076389
7 0.801172 0.428472 0.042969 0.076389
8 0.797075 0.568420 0.053525 0.095174