1 0.210547 0.268056 0.035156 0.044444
1 0.265625 0.290278 0.045312 0.052778
1 0.271875 0.356944 0.035937 0.041667
1 0.338672 0.186111 0.036719 0.036111
1 0.374609 0.398611 0.033594 0.047222
1 0.405078 0.434722 0.038281 0.050000
1 0.435937 0.390972 0.039062 0.048611
1 0.435937 0.213889 0.032813 0.038889
1 0.457422 0.459722 0.041406 0.055556
1 0.471875 0.518750 0.040625 0.054167
1 0.503516 0.259028 0.039844 0.045833
1 0.503125 0.359028 0.034375 0.043056
1 0.510156 0.459028 0.037500 0.051389
1 0.552734 0.388889 0.036719 0.047222
1 0.557059 0.225504 0.032123 0.041326
1 0.596484 0.272917 0.038281 0.045833
1 0.637891 0.285417 0.047656 0.056944
1 0.633594 0.366667 0.037500 0.047222
1 0.652344 0.234722 0.037500 0.047222
1 0.677734 0.261806 0.041406 0.045833
1 0.691797 0.301389 0.046094 0.055556
1 0.691406 0.426389 0.035937 0.047222
1 0.703125 0.059028 0.032813 0.034722
1 0.719531 0.532639 0.039062 0.054167
1 0.723828 0.354167 0.035156 0.044444
1 0.744141 0.277083 0.041406 0.051389
1 0.757812 0.575694 0.040625 0.059722
1 0.770703 0.312500 0.035156 0.044444
1 0.774609 0.476389 0.035156 0.050000
1 0.800982 0.381016 0.036427 0.045850
1 0.838672 0.366667 0.038281 0.047222
1 0.850391 0.478472 0.039844 0.056944
3 0.271875 0.356944 0.035937 0.041667
3 0.552734 0.388889 0.036719 0.047222
3 0.691406 0.426389 0.035937 0.047222
3 0.723828 0.354167 0.035156 0.044444
3 0.744141 0.277083 0.041406 0.051389
4 0.265625 0.290278 0.045312 0.052778
4 0.435937 0.213889 0.032813 0.038889
4 0.596484 0.272917 0.038281 0.045833
4 0.774609 0.476389 0.035156 0.050000
5 0.503125 0.359028 0.034375 0.043056
5 0.510156 0.459028 0.037500 0.051389
5 0.677734 0.261806 0.041406 0.045833
6 0.210547 0.268056 0.035156 0.044444
6 0.374609 0.398611 0.033594 0.047222
6 0.503516 0.259028 0.039844 0.045833
6 0.637891 0.285417 0.047656 0.056944
6 0.691797 0.301389 0.046094 0.055556
6 0.719531 0.532639 0.039062 0.054167
6 0.838672 0.366667 0.038281 0.047222
6 0.850391 0.478472 0.039844 0.056944
7 0.405078 0.434722 0.038281 0.050000
7 0.703125 0.059028 0.032813 0.034722
7 0.770703 0.312500 0.035156 0.044444
8 0.338672 0.186111 0.036719 0.036111
8 0.435937 0.390972 0.039062 0.048611
8 0.457422 0.459722 0.041406 0.055556
8 0.471875 0.518750 0.040625 0.054167
8 0.557059 0.225504 0.032123 0.041326
8 0.633594 0.366667 0.037500 0.047222
8 0.652344 0.234722 0.037500 0.047222
8 0.757812 0.575694 0.040625 0.059722
8 0.801430 0.380746 0.036688 0.046538