1 0.698604 0.398697 0.048105 0.055384
1 0.712823 0.302439 0.061329 0.072951
1 0.733779 0.383159 0.047740 0.054588
1 0.748982 0.177381 0.038841 0.042911
1 0.777376 0.343697 0.046811 0.057050
1 0.792154 0.409532 0.043817 0.058713
1 0.800233 0.210069 0.043146 0.046613
1 0.837283 0.378692 0.037053 0.046344
1 0.899008 0.424617 0.047297 0.061878
4 0.698394 0.399130 0.048524 0.054517
4 0.837121 0.377798 0.036526 0.045124
6 0.777543 0.342892 0.046476 0.058660
7 0.713041 0.302084 0.061731 0.073737
7 0.748330 0.177703 0.038929 0.039968
8 0.733779 0.383159 0.047740 0.054588
8 0.791573 0.410340 0.044978 0.057099
8 0.799998 0.210067 0.042681 0.044947
8 0.899320 0.424989 0.046672 0.061134