1 0.345313 0.232639 0.035937 0.040278
1 0.347266 0.295139 0.036719 0.040278
1 0.416406 0.084722 0.031250 0.033333
1 0.425000 0.597222 0.037500 0.047222
1 0.429688 0.542361 0.037500 0.054167
1 0.438672 0.314583 0.036719 0.043056
1 0.469531 0.553472 0.039062 0.051389
1 0.479297 0.362500 0.044531 0.052778
1 0.481250 0.097917 0.045312 0.051389
1 0.488672 0.435417 0.036719 0.034722
1 0.494922 0.293056 0.036719 0.047222
1 0.508594 0.488889 0.040625 0.055556
1 0.510547 0.337500 0.038281 0.044444
1 0.511719 0.176389 0.031250 0.038889
1 0.535937 0.102778 0.032813 0.041667
1 0.546875 0.155556 0.040625 0.047222
1 0.549609 0.370833 0.038281 0.044444
1 0.560937 0.424306 0.039062 0.054167
1 0.561328 0.534028 0.038281 0.054167
1 0.587109 0.018056 0.032031 0.036111
1 0.596484 0.177778 0.042969 0.052778
1 0.604688 0.516667 0.039062 0.052778
1 0.611328 0.444444 0.038281 0.050000
1 0.630078 0.281250 0.033594 0.040278
1 0.650391 0.566667 0.041406 0.055556
1 0.666016 0.319444 0.039844 0.047222
1 0.666797 0.369444 0.033594 0.044444
1 0.667969 0.429861 0.034375 0.045833
1 0.671875 0.264583 0.035937 0.045833
1 0.712520 0.569815 0.043791 0.050741
1 0.720313 0.331944 0.043750 0.052778
1 0.817187 0.418056 0.043750 0.055556
3 0.347266 0.295139 0.036719 0.040278
3 0.425000 0.597222 0.037500 0.047222
3 0.611328 0.444444 0.038281 0.050000
4 0.416406 0.084722 0.031250 0.033333
4 0.481250 0.097917 0.045312 0.051389
4 0.535937 0.102778 0.032813 0.041667
4 0.549609 0.370833 0.038281 0.044444
4 0.667969 0.429861 0.034375 0.045833
5 0.469531 0.553472 0.039062 0.051389
5 0.479297 0.362500 0.044531 0.052778
5 0.488672 0.435417 0.036719 0.034722
5 0.510547 0.337500 0.038281 0.044444
5 0.666016 0.319444 0.039844 0.047222
5 0.720313 0.331944 0.043750 0.052778
6 0.508594 0.488889 0.040625 0.055556
6 0.546875 0.155556 0.040625 0.047222
6 0.560937 0.424306 0.039062 0.054167
6 0.561328 0.534028 0.038281 0.054167
6 0.596484 0.177778 0.042969 0.052778
6 0.604688 0.516667 0.039062 0.052778
6 0.817187 0.418056 0.043750 0.055556
7 0.438672 0.314583 0.036719 0.043056
7 0.587109 0.018056 0.032031 0.036111
7 0.666797 0.369444 0.033594 0.044444
8 0.345313 0.232639 0.035937 0.040278
8 0.429688 0.542361 0.037500 0.054167
8 0.494922 0.293056 0.036719 0.047222
8 0.511719 0.176389 0.031250 0.038889
8 0.630078 0.281250 0.033594 0.040278
8 0.650391 0.566667 0.041406 0.055556
8 0.671875 0.264583 0.035937 0.045833
8 0.712230 0.569834 0.043210 0.050779