1 0.409375 0.463889 0.040625 0.063889
1 0.431250 0.277778 0.032031 0.037500
1 0.505469 0.394444 0.039844 0.047222
1 0.540625 0.444444 0.037500 0.054167
1 0.563281 0.351389 0.049219 0.058333
1 0.624219 0.390278 0.043750 0.051389
1 0.696875 0.419444 0.045312 0.052778
1 0.743750 0.262500 0.034375 0.044444
1 0.756250 0.555556 0.047656 0.066667
1 0.792969 0.625000 0.044531 0.059722
3 0.431250 0.277778 0.032031 0.037500
3 0.624219 0.390278 0.043750 0.051389
4 0.563281 0.351389 0.049219 0.058333
4 0.743750 0.262500 0.034375 0.044444
5 0.409375 0.463889 0.040625 0.063889
5 0.505469 0.394444 0.039844 0.047222
5 0.792969 0.625000 0.044531 0.059722
6 0.540625 0.444444 0.037500 0.054167
8 0.696875 0.419444 0.045312 0.052778
8 0.756250 0.555556 0.047656 0.066667