1 0.271094 0.184722 0.103125 0.119444
1 0.264453 0.561806 0.025781 0.045833
1 0.275391 0.497917 0.028906 0.048611
1 0.308984 0.675000 0.028906 0.047222
1 0.315234 0.410417 0.022656 0.043056
1 0.325781 0.625000 0.025000 0.044444
1 0.335938 0.331944 0.026562 0.041667
1 0.339453 0.793750 0.028906 0.056944
1 0.344141 0.725694 0.022656 0.043056
1 0.362500 0.668056 0.025000 0.047222
1 0.382422 0.399306 0.022656 0.037500
1 0.385156 0.679861 0.021875 0.043056
1 0.389844 0.306250 0.026562 0.045833
1 0.390234 0.441667 0.025781 0.041667
1 0.399219 0.520833 0.025000 0.041667
1 0.398828 0.562500 0.022656 0.041667
1 0.416406 0.275694 0.032813 0.054167
1 0.422266 0.572917 0.027344 0.051389
1 0.435937 0.490972 0.034375 0.059722
1 0.441016 0.590972 0.024219 0.048611
1 0.446094 0.267361 0.026562 0.048611
1 0.462109 0.611806 0.025781 0.051389
1 0.483203 0.530556 0.024219 0.047222
1 0.573828 0.486111 0.032031 0.058333
1 0.587109 0.605556 0.028906 0.058333
1 0.607422 0.504861 0.025781 0.045833
1 0.630078 0.527778 0.024219 0.044444
1 0.676172 0.264583 0.074219 0.106944
3 0.275391 0.497917 0.028906 0.048611
3 0.308984 0.675000 0.028906 0.047222
3 0.398828 0.562500 0.022656 0.041667
3 0.441016 0.590972 0.024219 0.048611
3 0.676172 0.264583 0.074219 0.106944
4 0.271094 0.184722 0.103125 0.119444
4 0.335938 0.331944 0.026562 0.041667
4 0.339453 0.793750 0.028906 0.056944
4 0.389844 0.306250 0.026562 0.045833
4 0.573828 0.486111 0.032031 0.058333
5 0.325781 0.625000 0.025000 0.044444
5 0.344141 0.725694 0.022656 0.043056
5 0.399219 0.520833 0.025000 0.041667
5 0.483203 0.530556 0.024219 0.047222
6 0.390234 0.441667 0.025781 0.041667
6 0.422266 0.572917 0.027344 0.051389
6 0.607422 0.504861 0.025781 0.045833
6 0.630078 0.527778 0.024219 0.044444
7 0.264453 0.561806 0.025781 0.045833
7 0.362500 0.668056 0.025000 0.047222
7 0.416406 0.275694 0.032813 0.054167
7 0.435937 0.490972 0.034375 0.059722
7 0.446094 0.267361 0.026562 0.048611
7 0.462109 0.611806 0.025781 0.051389
8 0.315234 0.410417 0.022656 0.043056
8 0.382422 0.399306 0.022656 0.037500
8 0.385156 0.679861 0.021875 0.043056
8 0.587109 0.605556 0.028906 0.058333