1 0.350781 0.250000 0.076563 0.058333
1 0.426563 0.302778 0.078125 0.066667
1 0.474219 0.240972 0.071875 0.062500
1 0.483203 0.123611 0.063281 0.047222
1 0.544859 0.258509 0.070968 0.061462
1 0.549219 0.315278 0.076563 0.069444
1 0.578125 0.374306 0.082812 0.070833
1 0.625000 0.216667 0.071875 0.058333
1 0.657813 0.272222 0.073438 0.058333
1 0.671875 0.332639 0.076563 0.062500
1 0.894922 0.197222 0.085156 0.063889
1 0.913281 0.325694 0.084375 0.065278
3 0.426563 0.302778 0.078125 0.066667
3 0.549219 0.315278 0.076563 0.069444
4 0.578125 0.374306 0.082812 0.070833
5 0.483203 0.123611 0.063281 0.047222
5 0.544461 0.258189 0.070171 0.060822
5 0.625000 0.216667 0.071875 0.058333
5 0.657813 0.272222 0.073438 0.058333
7 0.474219 0.240972 0.071875 0.062500
7 0.894922 0.197222 0.085156 0.063889
8 0.350781 0.250000 0.076563 0.058333
8 0.671875 0.332639 0.076563 0.062500
8 0.913281 0.325694 0.084375 0.065278