1 0.562109 0.238194 0.036719 0.068056
1 0.580078 0.331944 0.036719 0.066667
1 0.609562 0.741205 0.030875 0.056479
1 0.613281 0.514583 0.034375 0.059722
1 0.624219 0.456250 0.032813 0.056944
1 0.633376 0.684849 0.031685 0.060858
1 0.648807 0.268692 0.036761 0.070950
1 0.686719 0.421528 0.040625 0.070833
1 0.694558 0.819981 0.041455 0.072163
1 0.693031 0.282789 0.037375 0.064977
1 0.727307 0.309540 0.037574 0.072586
1 0.729656 0.543730 0.032876 0.056985
1 0.747273 0.127377 0.034660 0.064522
1 0.818816 0.258967 0.038931 0.070955
1 0.855891 0.379859 0.036655 0.062504
3 0.580078 0.331944 0.036719 0.066667
3 0.613281 0.514583 0.034375 0.059722
3 0.624219 0.456250 0.032813 0.056944
3 0.633538 0.685024 0.031361 0.060507
3 0.694843 0.820622 0.041886 0.072173
4 0.609092 0.741624 0.031816 0.055641
4 0.693031 0.282789 0.037375 0.064977
4 0.747075 0.125898 0.035056 0.067479
4 0.856130 0.379447 0.036177 0.063329
5 0.562109 0.238194 0.036719 0.068056
6 0.648807 0.268692 0.036761 0.070950
6 0.727253 0.309606 0.037681 0.072456
7 0.686719 0.421528 0.040625 0.070833
7 0.729785 0.544026 0.032617 0.056393
8 0.818816 0.258967 0.038931 0.070955