0 0.411328 0.361111 0.083594 0.133333
0 0.429688 0.463194 0.085938 0.162500
0 0.489453 0.560417 0.082031 0.170833
0 0.556641 0.629167 0.092969 0.177778
0 0.561719 0.335417 0.067187 0.143056
0 0.572656 0.410417 0.065625 0.145833
0 0.584766 0.543056 0.082031 0.147222
0 0.636719 0.301389 0.079687 0.102778
0 0.647266 0.409028 0.083594 0.162500
0 0.653906 0.590972 0.076563 0.129167
0 0.660156 0.495833 0.073438 0.119444
0 0.674219 0.729167 0.090625 0.188889
1 0.410134 0.330988 0.071831 0.073086
1 0.431250 0.426389 0.079687 0.088889
1 0.491406 0.513889 0.073438 0.077778
1 0.559375 0.584028 0.078125 0.087500
1 0.563083 0.296470 0.062103 0.062384
1 0.572656 0.370139 0.062500 0.065278
1 0.584766 0.519444 0.080469 0.097222
1 0.636706 0.288563 0.078100 0.074348
1 0.646875 0.370833 0.082812 0.086111
1 0.657813 0.563194 0.067187 0.073611
1 0.659479 0.469712 0.068959 0.061645
1 0.673828 0.679861 0.086719 0.087500
2 0.383681 0.377481 0.030219 0.081538
2 0.405342 0.486060 0.036860 0.115604
2 0.447020 0.484995 0.042953 0.105681
2 0.480044 0.593645 0.063114 0.105021
2 0.537985 0.660027 0.055486 0.112928
2 0.541243 0.363489 0.020758 0.061977
2 0.571346 0.441180 0.060782 0.068924
2 0.585076 0.653036 0.034130 0.121381
2 0.613438 0.569352 0.024208 0.082821
2 0.647516 0.432400 0.075966 0.050676
2 0.645918 0.619857 0.059936 0.068220
2 0.637542 0.730453 0.013615 0.147584
2 0.668010 0.525130 0.056381 0.052663
2 0.681938 0.774173 0.072149 0.096538
2 0.684696 0.607271 0.014453 0.072109
3 0.559375 0.584028 0.078125 0.087500
3 0.584766 0.519444 0.080469 0.097222
3 0.657813 0.563194 0.067187 0.073611
4 0.410134 0.330988 0.071831 0.073086
4 0.636706 0.288563 0.078100 0.074348
4 0.659519 0.469274 0.069037 0.060770
5 0.491406 0.513889 0.073438 0.077778
5 0.572656 0.370139 0.062500 0.065278
6 0.431250 0.426389 0.079687 0.088889
8 0.563083 0.296470 0.062103 0.062384
8 0.646875 0.370833 0.082812 0.086111
8 0.673828 0.679861 0.086719 0.087500