1 0.641016 0.128472 0.046094 0.084722
1 0.646875 0.514583 0.048438 0.081944
1 0.649488 0.406833 0.053265 0.089084
1 0.643359 0.313194 0.039844 0.070833
1 0.703906 0.580556 0.067187 0.111111
1 0.730859 0.679861 0.052344 0.090278
1 0.739453 0.272917 0.044531 0.076389
1 0.755496 0.168349 0.039032 0.066629
1 0.811719 0.602083 0.046875 0.076389
3 0.649488 0.406833 0.053265 0.089084
3 0.730859 0.679861 0.052344 0.090278
4 0.646875 0.514583 0.048438 0.081944
4 0.643359 0.313194 0.039844 0.070833
5 0.641016 0.128472 0.046094 0.084722
6 0.811719 0.602083 0.046875 0.076389
7 0.739453 0.272917 0.044531 0.076389
7 0.755496 0.168349 0.039032 0.066629
8 0.703906 0.580556 0.067187 0.111111