0 0.399735 0.399370 0.061969 0.134850
0 0.449219 0.575000 0.070312 0.136111
0 0.500391 0.424306 0.074219 0.143056
1 0.395348 0.363845 0.054039 0.069443
1 0.449062 0.546054 0.069147 0.076474
1 0.498569 0.391569 0.063376 0.075973
2 0.379016 0.427887 0.020188 0.082772
2 0.409160 0.427347 0.038389 0.073721
2 0.442326 0.614713 0.056840 0.066349
2 0.481185 0.450229 0.030614 0.087141
2 0.480359 0.600500 0.014215 0.094263
2 0.517725 0.454034 0.034112 0.087819
4 0.395348 0.363845 0.054039 0.069443
4 0.498569 0.391569 0.063376 0.075973
8 0.449062 0.546054 0.069147 0.076474