1 0.389062 0.505556 0.071875 0.094444
1 0.471870 0.466418 0.060927 0.082837
1 0.502036 0.558831 0.093135 0.128773
1 0.545356 0.472592 0.067274 0.084074
1 0.612891 0.537500 0.058594 0.075000
1 0.645042 0.441789 0.066589 0.085634
1 0.665003 0.583758 0.072194 0.092516
3 0.665003 0.583758 0.072194 0.092516
4 0.645042 0.441789 0.066589 0.085634
6 0.389062 0.505556 0.071875 0.094444
7 0.502036 0.558831 0.093135 0.128773
7 0.545356 0.472592 0.067274 0.084074
7 0.612891 0.537500 0.058594 0.075000
8 0.471870 0.466418 0.060927 0.082837