1 0.108203 0.677778 0.075781 0.088889
1 0.270703 0.355556 0.069531 0.086111
1 0.285547 0.431944 0.066406 0.063889
1 0.321484 0.577083 0.064844 0.070833
1 0.340931 0.477520 0.063924 0.070748
1 0.414453 0.400000 0.057031 0.066667
1 0.422656 0.556944 0.059375 0.066667
1 0.642969 0.422917 0.056250 0.068056
5 0.321484 0.577083 0.064844 0.070833
5 0.642969 0.422917 0.056250 0.068056
6 0.285547 0.431944 0.066406 0.063889
6 0.414453 0.400000 0.057031 0.066667
7 0.108203 0.677778 0.075781 0.088889
7 0.270703 0.355556 0.069531 0.086111
7 0.340931 0.477520 0.063924 0.070748
7 0.422656 0.556944 0.059375 0.066667