1 0.080469 0.382639 0.028125 0.051389
1 0.148438 0.612500 0.025000 0.041667
1 0.162500 0.522222 0.026562 0.041667
1 0.214844 0.615972 0.029687 0.054167
1 0.224609 0.703472 0.024219 0.045833
1 0.269141 0.826389 0.092969 0.125000
1 0.271484 0.461806 0.027344 0.048611
1 0.287109 0.606944 0.032031 0.058333
1 0.298438 0.434722 0.032813 0.055556
1 0.316406 0.725694 0.023438 0.048611
1 0.339844 0.391667 0.026562 0.044444
1 0.385937 0.595139 0.025000 0.045833
1 0.433594 0.468056 0.081250 0.091667
1 0.416406 0.304167 0.029687 0.052778
1 0.414062 0.659722 0.025000 0.044444
1 0.426172 0.702778 0.028906 0.050000
1 0.444531 0.346528 0.025000 0.040278
1 0.502344 0.598611 0.028125 0.052778
1 0.516406 0.436111 0.029687 0.050000
1 0.517188 0.497917 0.028125 0.051389
1 0.523828 0.636111 0.025781 0.050000
1 0.550781 0.650000 0.026562 0.052778
1 0.562500 0.327083 0.023438 0.043056
1 0.564844 0.593056 0.025000 0.044444
1 0.606641 0.418750 0.024219 0.045833
1 0.617578 0.627778 0.032031 0.058333
1 0.673438 0.265972 0.082812 0.106944
3 0.162500 0.522222 0.026562 0.041667
3 0.287109 0.606944 0.032031 0.058333
3 0.385937 0.595139 0.025000 0.045833
3 0.433594 0.468056 0.081250 0.091667
3 0.562500 0.327083 0.023438 0.043056
3 0.606641 0.418750 0.024219 0.045833
3 0.673438 0.265972 0.082812 0.106944
4 0.269141 0.826389 0.092969 0.125000
4 0.339844 0.391667 0.026562 0.044444
4 0.414062 0.659722 0.025000 0.044444
4 0.523828 0.636111 0.025781 0.050000
4 0.564844 0.593056 0.025000 0.044444
5 0.426172 0.702778 0.028906 0.050000
5 0.502344 0.598611 0.028125 0.052778
6 0.148438 0.612500 0.025000 0.041667
6 0.516406 0.436111 0.029687 0.050000
6 0.617578 0.627778 0.032031 0.058333
7 0.080469 0.382639 0.028125 0.051389
7 0.214844 0.615972 0.029687 0.054167
7 0.298438 0.434722 0.032813 0.055556
7 0.416406 0.304167 0.029687 0.052778
7 0.444531 0.346528 0.025000 0.040278
7 0.550781 0.650000 0.026562 0.052778
8 0.224609 0.703472 0.024219 0.045833
8 0.271484 0.461806 0.027344 0.048611
8 0.316406 0.725694 0.023438 0.048611
8 0.517188 0.497917 0.028125 0.051389