1 0.416406 0.554861 0.065625 0.068056
1 0.428125 0.427083 0.062500 0.056944
1 0.437422 0.372263 0.059219 0.052858
1 0.484375 0.475694 0.064062 0.059722
1 0.489686 0.406033 0.057498 0.056511
1 0.509375 0.329167 0.056250 0.038889
1 0.571094 0.347222 0.057813 0.036111
1 0.592187 0.523611 0.067187 0.061111
1 0.656536 0.537036 0.064895 0.071516
1 0.706074 0.412953 0.067540 0.068539
1 0.721094 0.564583 0.076563 0.070833
1 0.729688 0.247917 0.051562 0.045833
1 0.752734 0.296528 0.057031 0.045833
1 0.785902 0.612390 0.080174 0.094541
1 0.816406 0.709722 0.079687 0.094444
1 0.815833 0.398611 0.072292 0.052778
1 0.815625 0.302778 0.064062 0.047222
1 0.881533 0.486277 0.077560 0.069113
1 0.906203 0.421616 0.075247 0.057672
1 0.948047 0.483333 0.075781 0.069444
3 0.592187 0.523611 0.067187 0.061111
3 0.729688 0.247917 0.051562 0.045833
3 0.881533 0.486277 0.077560 0.069113
4 0.489686 0.406033 0.057498 0.056511
4 0.721094 0.564583 0.076563 0.070833
4 0.785902 0.612390 0.080174 0.094541
4 0.816406 0.709722 0.079687 0.094444
5 0.815625 0.302778 0.064062 0.047222
5 0.906203 0.421616 0.075247 0.057672
6 0.948047 0.483333 0.075781 0.069444
7 0.428125 0.427083 0.062500 0.056944
7 0.484375 0.475694 0.064062 0.059722
7 0.509375 0.329167 0.056250 0.038889
7 0.656536 0.537036 0.064895 0.071516
7 0.752734 0.296528 0.057031 0.045833
8 0.416406 0.554861 0.065625 0.068056
8 0.437422 0.372263 0.059219 0.052858
8 0.571094 0.347222 0.057813 0.036111
8 0.706074 0.412953 0.067540 0.068539
8 0.815833 0.398611 0.072292 0.052778