1 0.425000 0.459722 0.054688 0.073611
1 0.519531 0.423611 0.041406 0.048611
1 0.528125 0.343056 0.031250 0.033333
1 0.584375 0.529167 0.037500 0.050000
1 0.588281 0.463889 0.050000 0.058333
1 0.592969 0.384722 0.042969 0.054167
1 0.625000 0.537500 0.038281 0.051389
1 0.644531 0.276389 0.037500 0.044444
1 0.657813 0.365278 0.037500 0.048611
1 0.767188 0.397222 0.045312 0.061111
3 0.588281 0.463889 0.050000 0.058333
4 0.644531 0.276389 0.037500 0.044444
4 0.657813 0.365278 0.037500 0.048611
5 0.519531 0.423611 0.041406 0.048611
6 0.425000 0.459722 0.054688 0.073611
6 0.528125 0.343056 0.031250 0.033333
6 0.592969 0.384722 0.042969 0.054167
7 0.584375 0.529167 0.037500 0.050000
7 0.625000 0.537500 0.038281 0.051389
8 0.767188 0.397222 0.045312 0.061111