1 0.277803 0.604999 0.033731 0.043331
1 0.410156 0.364583 0.025000 0.026389
1 0.435042 0.546291 0.029458 0.037026
1 0.441791 0.376246 0.025928 0.031073
1 0.461732 0.512767 0.026590 0.031089
1 0.514415 0.435833 0.028830 0.030000
1 0.573945 0.492989 0.024936 0.030462
1 0.575339 0.447463 0.025679 0.031038
1 0.641009 0.588056 0.027358 0.032221
1 0.700391 0.449306 0.027344 0.029167
3 0.641009 0.588056 0.027358 0.032221
4 0.278251 0.605092 0.034628 0.043518
4 0.575339 0.447463 0.025679 0.031038
5 0.435042 0.546291 0.029458 0.037026
5 0.441791 0.376246 0.025928 0.031073
6 0.410156 0.364583 0.025000 0.026389
6 0.573945 0.492989 0.024936 0.030462
7 0.700391 0.449306 0.027344 0.029167
8 0.461732 0.512767 0.026590 0.031089
8 0.514415 0.435833 0.028830 0.030000