1 0.303125 0.176389 0.038281 0.045833
1 0.338281 0.148611 0.039062 0.038889
1 0.351562 0.248611 0.039062 0.052778
1 0.360156 0.393056 0.040625 0.055556
1 0.374219 0.329167 0.040625 0.055556
1 0.417969 0.136111 0.032813 0.037500
1 0.421094 0.240278 0.037500 0.050000
1 0.443750 0.156944 0.039062 0.048611
1 0.446094 0.325000 0.055469 0.070833
1 0.479687 0.384722 0.046875 0.058333
1 0.485156 0.484722 0.038281 0.050000
1 0.527344 0.079167 0.035156 0.037500
1 0.553125 0.193056 0.040625 0.044444
1 0.566406 0.237500 0.037500 0.045833
1 0.605469 0.230556 0.031250 0.043056
3 0.303125 0.176389 0.038281 0.045833
3 0.338281 0.148611 0.039062 0.038889
3 0.374219 0.329167 0.040625 0.055556
3 0.446094 0.325000 0.055469 0.070833
3 0.485156 0.484722 0.038281 0.050000
3 0.605469 0.230556 0.031250 0.043056
4 0.417969 0.136111 0.032813 0.037500
4 0.479687 0.384722 0.046875 0.058333
4 0.527344 0.079167 0.035156 0.037500
5 0.360156 0.393056 0.040625 0.055556
6 0.351562 0.248611 0.039062 0.052778
6 0.566406 0.237500 0.037500 0.045833
7 0.421094 0.240278 0.037500 0.050000
7 0.443750 0.156944 0.039062 0.048611
8 0.553125 0.193056 0.040625 0.044444