1 0.414062 0.201389 0.036719 0.041667
1 0.417187 0.344444 0.051562 0.061111
1 0.503125 0.469444 0.039844 0.054167
1 0.523438 0.402778 0.049219 0.058333
1 0.545312 0.336111 0.036719 0.047222
1 0.558594 0.458333 0.046875 0.056944
1 0.560156 0.127778 0.039062 0.045833
1 0.585156 0.412500 0.046094 0.056944
1 0.682813 0.447222 0.042188 0.058333
1 0.826562 0.545833 0.042188 0.059722
1 0.845313 0.491667 0.049219 0.062500
4 0.414062 0.201389 0.036719 0.041667
4 0.545312 0.336111 0.036719 0.047222
4 0.560156 0.127778 0.039062 0.045833
5 0.417187 0.344444 0.051562 0.061111
5 0.523438 0.402778 0.049219 0.058333
6 0.826562 0.545833 0.042188 0.059722
7 0.558594 0.458333 0.046875 0.056944
7 0.682813 0.447222 0.042188 0.058333
8 0.503125 0.469444 0.039844 0.054167
8 0.585156 0.412500 0.046094 0.056944
8 0.845313 0.491667 0.049219 0.062500