1 0.256250 0.630556 0.023438 0.045833
1 0.277344 0.641667 0.023438 0.041667
1 0.284375 0.790278 0.100000 0.122222
1 0.311719 0.544444 0.027344 0.052778
1 0.375781 0.569444 0.026562 0.050000
1 0.378125 0.430556 0.024219 0.045833
1 0.385937 0.515278 0.028906 0.048611
1 0.390625 0.297222 0.022656 0.038889
1 0.404687 0.800000 0.025781 0.051389
1 0.411719 0.420833 0.025781 0.048611
1 0.427344 0.794444 0.028125 0.059722
1 0.430469 0.581944 0.026562 0.048611
1 0.469531 0.713889 0.027344 0.054167
1 0.492969 0.481944 0.077344 0.095833
1 0.496875 0.654167 0.028125 0.052778
1 0.544531 0.681944 0.022656 0.044444
1 0.553125 0.637500 0.025781 0.044444
1 0.566406 0.600000 0.025781 0.045833
1 0.575000 0.444444 0.031250 0.052778
1 0.576562 0.738889 0.028125 0.051389
1 0.579688 0.534722 0.033594 0.055556
1 0.603906 0.594444 0.025781 0.044444
1 0.614844 0.636111 0.028125 0.047222
1 0.623437 0.386111 0.028906 0.047222
1 0.631250 0.491667 0.025781 0.041667
1 0.632031 0.450000 0.025000 0.038889
1 0.644531 0.406944 0.034375 0.055556
1 0.653125 0.513889 0.030469 0.048611
1 0.688281 0.309722 0.089844 0.111111
3 0.277344 0.641667 0.023438 0.041667
3 0.427344 0.794444 0.028125 0.059722
3 0.430469 0.581944 0.026562 0.048611
3 0.553125 0.637500 0.025781 0.044444
3 0.623437 0.386111 0.028906 0.047222
3 0.632031 0.450000 0.025000 0.038889
3 0.688281 0.309722 0.089844 0.111111
4 0.284375 0.790278 0.100000 0.122222
4 0.378125 0.430556 0.024219 0.045833
4 0.404687 0.800000 0.025781 0.051389
5 0.496875 0.654167 0.028125 0.052778
5 0.603906 0.594444 0.025781 0.044444
6 0.575000 0.444444 0.031250 0.052778
6 0.576562 0.738889 0.028125 0.051389
6 0.644531 0.406944 0.034375 0.055556
7 0.311719 0.544444 0.027344 0.052778
7 0.375781 0.569444 0.026562 0.050000
7 0.385937 0.515278 0.028906 0.048611
7 0.390625 0.297222 0.022656 0.038889
7 0.614844 0.636111 0.028125 0.047222
7 0.631250 0.491667 0.025781 0.041667
8 0.256250 0.630556 0.023438 0.045833
8 0.411719 0.420833 0.025781 0.048611
8 0.469531 0.713889 0.027344 0.054167
8 0.492969 0.481944 0.077344 0.095833
8 0.544531 0.681944 0.022656 0.044444
8 0.566406 0.600000 0.025781 0.045833
8 0.579688 0.534722 0.033594 0.055556
8 0.653125 0.513889 0.030469 0.048611