1 0.260547 0.497917 0.027344 0.048611
1 0.283594 0.600694 0.026562 0.045833
1 0.302344 0.499306 0.025000 0.043056
1 0.318750 0.579861 0.031250 0.054167
1 0.325391 0.631250 0.033594 0.056944
1 0.322656 0.700694 0.023438 0.045833
1 0.325000 0.418750 0.026562 0.048611
1 0.347656 0.404861 0.031250 0.054167
1 0.371484 0.377778 0.028906 0.052778
1 0.373437 0.536806 0.025000 0.045833
1 0.375000 0.431944 0.025000 0.047222
1 0.406250 0.584722 0.025000 0.041667
1 0.406250 0.628472 0.025000 0.043056
1 0.417578 0.306250 0.028906 0.054167
1 0.431250 0.598611 0.025000 0.047222
1 0.441406 0.675694 0.026562 0.048611
1 0.448828 0.361806 0.027344 0.048611
1 0.466107 0.475005 0.027734 0.049490
1 0.480358 0.528719 0.021621 0.037428
1 0.493253 0.445306 0.025387 0.043916
1 0.524472 0.638860 0.023162 0.037342
1 0.524472 0.638860 0.023162 0.037342
1 0.547266 0.650000 0.025781 0.047222
1 0.561719 0.550000 0.031250 0.055556
1 0.560547 0.685417 0.022656 0.043056
1 0.569922 0.725000 0.025781 0.041667
1 0.571872 0.614089 0.025285 0.044263
1 0.608594 0.409028 0.028125 0.043056
1 0.609375 0.454861 0.026562 0.045833
1 0.619531 0.367361 0.028125 0.043056
1 0.625000 0.613889 0.026562 0.050000
1 0.635938 0.396528 0.032813 0.056944
1 0.695356 0.504262 0.020225 0.041477
3 0.325391 0.631250 0.033594 0.056944
3 0.406250 0.584722 0.025000 0.041667
3 0.406250 0.628472 0.025000 0.043056
3 0.431250 0.598611 0.025000 0.047222
3 0.608594 0.409028 0.028125 0.043056
3 0.619531 0.367361 0.028125 0.043056
4 0.375000 0.431944 0.025000 0.047222
4 0.441406 0.675694 0.026562 0.048611
4 0.493253 0.445306 0.025387 0.043916
4 0.569922 0.725000 0.025781 0.041667
4 0.695271 0.504207 0.020395 0.041586
5 0.283594 0.600694 0.026562 0.045833
5 0.318750 0.579861 0.031250 0.054167
5 0.466107 0.475005 0.027734 0.049490
5 0.560547 0.685417 0.022656 0.043056
5 0.609375 0.454861 0.026562 0.045833
6 0.302344 0.499306 0.025000 0.043056
6 0.480358 0.528719 0.021621 0.037428
6 0.561719 0.550000 0.031250 0.055556
6 0.625000 0.613889 0.026562 0.050000
6 0.635938 0.396528 0.032813 0.056944
7 0.260547 0.497917 0.027344 0.048611
7 0.347656 0.404861 0.031250 0.054167
7 0.373437 0.536806 0.025000 0.045833
7 0.417578 0.306250 0.028906 0.054167
7 0.448828 0.361806 0.027344 0.048611
7 0.547266 0.650000 0.025781 0.047222
8 0.322656 0.700694 0.023438 0.045833
8 0.325000 0.418750 0.026562 0.048611
8 0.371484 0.377778 0.028906 0.052778
8 0.571824 0.614077 0.025192 0.045146