1 0.241406 0.622917 0.062500 0.048611
1 0.267969 0.563889 0.057813 0.038889
1 0.269141 0.661806 0.057031 0.054167
1 0.326562 0.549306 0.053125 0.051389
1 0.328125 0.599306 0.053125 0.037500
1 0.330859 0.505967 0.053906 0.048611
1 0.383594 0.575694 0.054688 0.054167
1 0.382422 0.522222 0.049219 0.050000
1 0.404687 0.614583 0.056250 0.051389
1 0.466797 0.752778 0.067969 0.066667
1 0.468359 0.625694 0.064844 0.059722
1 0.537109 0.423611 0.049219 0.033333
1 0.566797 0.495833 0.057031 0.047222
1 0.575781 0.554167 0.059375 0.038889
1 0.585156 0.642361 0.059375 0.059722
1 0.610547 0.522917 0.058594 0.037500
1 0.618359 0.595833 0.069531 0.055556
1 0.665234 0.556944 0.055469 0.041667
1 0.755469 0.585417 0.062500 0.048611
3 0.241406 0.622917 0.062500 0.048611
3 0.575781 0.554167 0.059375 0.038889
4 0.326562 0.549306 0.053125 0.051389
4 0.330859 0.506250 0.053906 0.048611
4 0.618359 0.595833 0.069531 0.055556
5 0.267969 0.563889 0.057813 0.038889
5 0.269141 0.661806 0.057031 0.054167
5 0.328125 0.599306 0.053125 0.037500
5 0.383594 0.575694 0.054688 0.054167
5 0.382422 0.522222 0.049219 0.050000
5 0.537109 0.423611 0.049219 0.033333
5 0.665234 0.556944 0.055469 0.041667
6 0.468359 0.625694 0.064844 0.059722
6 0.566797 0.495833 0.057031 0.047222
6 0.610547 0.522917 0.058594 0.037500
7 0.404687 0.614583 0.056250 0.051389
7 0.466797 0.752778 0.067969 0.066667
7 0.755469 0.585417 0.062500 0.048611
8 0.585156 0.642361 0.059375 0.059722