1 0.253516 0.160417 0.103906 0.118056
1 0.262109 0.696528 0.025781 0.045833
1 0.273047 0.552778 0.025781 0.044444
1 0.289844 0.597222 0.021875 0.036111
1 0.303906 0.548611 0.034375 0.055556
1 0.318750 0.604861 0.031250 0.054167
1 0.339844 0.534028 0.025000 0.045833
1 0.353125 0.584722 0.025000 0.047222
1 0.358984 0.497917 0.028906 0.048611
1 0.375000 0.607639 0.028125 0.054167
1 0.394531 0.629861 0.025000 0.045833
1 0.404297 0.403472 0.022656 0.037500
1 0.415234 0.586111 0.027344 0.047222
1 0.423438 0.350000 0.026562 0.044444
1 0.425000 0.488194 0.026562 0.045833
1 0.424219 0.534028 0.021875 0.037500
1 0.446094 0.563889 0.028125 0.047222
1 0.462500 0.358333 0.023438 0.041667
1 0.470313 0.633333 0.025000 0.047222
1 0.478516 0.561806 0.027344 0.045833
1 0.489063 0.498611 0.025000 0.047222
1 0.492188 0.450000 0.025000 0.041667
1 0.509375 0.387500 0.023438 0.038889
1 0.633594 0.460417 0.085938 0.143056
1 0.837891 0.364583 0.089844 0.098611
3 0.425000 0.488194 0.026562 0.045833
3 0.492188 0.450000 0.025000 0.041667
3 0.837891 0.364583 0.089844 0.098611
4 0.253516 0.160417 0.103906 0.118056
4 0.415234 0.586111 0.027344 0.047222
4 0.462500 0.358333 0.023438 0.041667
4 0.470313 0.633333 0.025000 0.047222
4 0.478516 0.561806 0.027344 0.045833
5 0.303906 0.548611 0.034375 0.055556
5 0.509375 0.387500 0.023438 0.038889
6 0.318750 0.604861 0.031250 0.054167
6 0.339844 0.534028 0.025000 0.045833
6 0.353125 0.584722 0.025000 0.047222
6 0.375000 0.607639 0.028125 0.054167
6 0.446094 0.563889 0.028125 0.047222
7 0.262109 0.696528 0.025781 0.045833
7 0.273047 0.552778 0.025781 0.044444
7 0.394531 0.629861 0.025000 0.045833
7 0.404297 0.403472 0.022656 0.037500
8 0.289844 0.597222 0.021875 0.036111
8 0.358984 0.497917 0.028906 0.048611
8 0.423438 0.350000 0.026562 0.044444
8 0.424219 0.534028 0.021875 0.037500
8 0.489063 0.498611 0.025000 0.047222
8 0.633594 0.460417 0.085938 0.143056