1 0.328516 0.296528 0.082031 0.076389
1 0.375000 0.185417 0.071875 0.059722
1 0.452344 0.245139 0.068750 0.059722
1 0.478125 0.308333 0.081250 0.072222
1 0.512500 0.189583 0.075000 0.062500
1 0.557031 0.391667 0.092188 0.091667
1 0.602734 0.234028 0.075781 0.059722
1 0.668359 0.369444 0.083594 0.086111
1 0.753516 0.190972 0.078906 0.059722
1 0.822656 0.341667 0.092188 0.086111
1 0.907813 0.369444 0.092188 0.083333
3 0.328516 0.296528 0.082031 0.076389
4 0.478125 0.308333 0.081250 0.072222
4 0.822656 0.341667 0.092188 0.086111
5 0.557031 0.391667 0.092188 0.091667
6 0.512500 0.189583 0.075000 0.062500
6 0.753516 0.190972 0.078906 0.059722
7 0.375000 0.185417 0.071875 0.059722
7 0.602734 0.234028 0.075781 0.059722
7 0.668359 0.369444 0.083594 0.086111
8 0.452344 0.245139 0.068750 0.059722
8 0.907813 0.369444 0.092188 0.083333