1 0.182422 0.682639 0.030469 0.048611
1 0.184766 0.732639 0.025781 0.045833
1 0.251563 0.159028 0.104688 0.118056
1 0.221484 0.632639 0.027344 0.045833
1 0.247656 0.578472 0.028125 0.045833
1 0.262891 0.617361 0.032031 0.054167
1 0.283203 0.656944 0.032031 0.052778
1 0.280859 0.445139 0.024219 0.040278
1 0.315234 0.542361 0.028906 0.054167
1 0.326562 0.684028 0.023438 0.045833
1 0.350781 0.685417 0.026562 0.048611
1 0.371094 0.643056 0.026562 0.050000
1 0.381641 0.478472 0.025781 0.043056
1 0.396875 0.579861 0.021875 0.043056
1 0.401953 0.402083 0.022656 0.037500
1 0.417187 0.475000 0.026562 0.047222
1 0.421484 0.348611 0.025781 0.044444
1 0.446094 0.647917 0.023438 0.048611
1 0.460156 0.356944 0.021875 0.041667
1 0.486719 0.497917 0.023438 0.045833
1 0.489844 0.447917 0.023438 0.043056
1 0.507422 0.386806 0.024219 0.040278
1 0.631641 0.458333 0.088281 0.147222
1 0.835547 0.365972 0.092969 0.104167
3 0.417187 0.475000 0.026562 0.047222
3 0.489844 0.447917 0.023438 0.043056
4 0.184766 0.732639 0.025781 0.045833
4 0.251563 0.159028 0.104688 0.118056
4 0.247656 0.578472 0.028125 0.045833
4 0.283203 0.656944 0.032031 0.052778
4 0.315234 0.542361 0.028906 0.054167
4 0.396875 0.579861 0.021875 0.043056
4 0.460156 0.356944 0.021875 0.041667
4 0.835547 0.365972 0.092969 0.104167
5 0.182422 0.682639 0.030469 0.048611
5 0.326562 0.684028 0.023438 0.045833
5 0.507422 0.386806 0.024219 0.040278
5 0.631641 0.458333 0.088281 0.147222
6 0.262891 0.617361 0.032031 0.054167
6 0.381641 0.478472 0.025781 0.043056
6 0.446094 0.647917 0.023438 0.048611
7 0.280859 0.445139 0.024219 0.040278
7 0.350781 0.685417 0.026562 0.048611
7 0.371094 0.643056 0.026562 0.050000
7 0.401953 0.402083 0.022656 0.037500
8 0.221484 0.632639 0.027344 0.045833
8 0.421484 0.348611 0.025781 0.044444
8 0.486719 0.497917 0.023438 0.045833