0 0.347656 0.511806 0.071875 0.131944
0 0.433203 0.429861 0.055469 0.126389
0 0.487891 0.587500 0.071094 0.141667
1 0.347186 0.483206 0.066246 0.074745
1 0.432812 0.393750 0.053125 0.054167
1 0.489961 0.552007 0.063828 0.076541
2 0.335828 0.549414 0.044520 0.072257
2 0.373920 0.533126 0.020205 0.086098
2 0.432951 0.457592 0.051712 0.071109
2 0.478906 0.621528 0.051562 0.076389
2 0.515575 0.609401 0.018324 0.097748
5 0.432812 0.393750 0.053125 0.054167
8 0.347186 0.483206 0.066246 0.074745
8 0.489348 0.551801 0.066090 0.070357