1 0.437109 0.323611 0.060156 0.105556
1 0.438281 0.143750 0.042188 0.076389
1 0.503125 0.567361 0.039062 0.073611
1 0.539062 0.650000 0.059375 0.113889
1 0.545621 0.230722 0.036883 0.071890
1 0.548810 0.304826 0.041956 0.074023
1 0.627734 0.263194 0.046094 0.081944
1 0.643401 0.632976 0.042885 0.072937
1 0.640670 0.447778 0.037410 0.068332
1 0.675000 0.382639 0.045312 0.081944
1 0.738283 0.496979 0.043746 0.083820
3 0.548810 0.304826 0.041956 0.074023
4 0.545225 0.230403 0.037676 0.072527
4 0.643241 0.633342 0.043206 0.072204
5 0.437109 0.323611 0.060156 0.105556
5 0.539062 0.650000 0.059375 0.113889
5 0.640736 0.447139 0.037279 0.069611
5 0.738503 0.496388 0.043307 0.085003
7 0.503125 0.567361 0.039062 0.073611
7 0.675000 0.382639 0.045312 0.081944
8 0.438281 0.143750 0.042188 0.076389
8 0.627734 0.263194 0.046094 0.081944