0 0.313281 0.818056 0.090625 0.194444
0 0.324609 0.459028 0.085156 0.151389
0 0.382812 0.550694 0.081250 0.159722
0 0.408984 0.381250 0.060156 0.140278
0 0.416797 0.684722 0.074219 0.172222
0 0.508594 0.559722 0.082812 0.161111
0 0.601953 0.720833 0.103906 0.238889
0 0.621484 0.427778 0.085156 0.177778
0 0.651563 0.554167 0.073438 0.158333
1 0.312891 0.772222 0.085156 0.105556
1 0.324219 0.415972 0.078125 0.065278
1 0.380859 0.506944 0.077344 0.072222
1 0.416016 0.640278 0.072656 0.083333
1 0.408984 0.338889 0.057031 0.055556
1 0.507356 0.522924 0.077771 0.097339
1 0.604688 0.666667 0.098437 0.130556
1 0.622266 0.376389 0.080469 0.075000
1 0.653906 0.510417 0.067187 0.070833
2 0.308170 0.868951 0.074024 0.085883
2 0.302287 0.480396 0.041159 0.108302
2 0.344365 0.479004 0.041246 0.110685
2 0.350965 0.843927 0.014374 0.145454
2 0.352605 0.564282 0.014475 0.134006
2 0.389950 0.575945 0.060878 0.101901
2 0.416341 0.723174 0.073099 0.086455
2 0.409715 0.406982 0.059293 0.088537
2 0.493784 0.588003 0.055833 0.103658
2 0.535169 0.580713 0.027224 0.107781
2 0.598615 0.770654 0.095288 0.129657
2 0.585327 0.432884 0.010066 0.163695
2 0.622180 0.458855 0.077700 0.114199
2 0.653781 0.588406 0.066566 0.093420
3 0.380859 0.506944 0.077344 0.072222
3 0.416016 0.640278 0.072656 0.083333
3 0.507356 0.522924 0.077771 0.097339
4 0.312891 0.772222 0.085156 0.105556
4 0.324219 0.415972 0.078125 0.065278
4 0.653906 0.510417 0.067187 0.070833
5 0.408984 0.338889 0.057031 0.055556
5 0.604688 0.666667 0.098437 0.130556
7 0.622266 0.376389 0.080469 0.075000