1 0.135323 0.458165 0.055021 0.063552
1 0.174969 0.257256 0.065010 0.073135
1 0.190234 0.342361 0.058594 0.065278
1 0.202734 0.461806 0.053906 0.059722
1 0.234375 0.243056 0.051562 0.052778
1 0.255509 0.427233 0.050814 0.063668
1 0.289844 0.350000 0.068750 0.072222
1 0.300000 0.253472 0.046875 0.048611
1 0.306641 0.456250 0.055469 0.062500
5 0.255509 0.427233 0.050814 0.063668
5 0.289844 0.350000 0.068750 0.072222
7 0.135250 0.457877 0.054875 0.062977
7 0.190234 0.342361 0.058594 0.065278
8 0.174969 0.257256 0.065010 0.073135
8 0.202734 0.461806 0.053906 0.059722
8 0.234375 0.243056 0.051562 0.052778
8 0.300000 0.253472 0.046875 0.048611
8 0.306641 0.456250 0.055469 0.062500