1 0.279546 0.637556 0.025283 0.041555
1 0.306215 0.535840 0.025404 0.053172
1 0.343750 0.508333 0.031250 0.058333
1 0.351562 0.625694 0.031250 0.059722
1 0.356152 0.825628 0.022821 0.038970
1 0.405588 0.781402 0.027886 0.048307
1 0.410938 0.565972 0.026562 0.051389
1 0.415234 0.419444 0.024219 0.047222
1 0.430859 0.670139 0.027344 0.051389
1 0.467549 0.524576 0.026301 0.045867
1 0.486053 0.751031 0.032581 0.059048
1 0.484904 0.571229 0.021561 0.040359
1 0.505258 0.517642 0.022343 0.039238
1 0.505720 0.730831 0.020436 0.041415
1 0.538281 0.723611 0.028125 0.047222
1 0.545312 0.671528 0.032813 0.059722
1 0.567187 0.740972 0.028125 0.051389
1 0.576562 0.445833 0.031250 0.055556
1 0.587891 0.700000 0.025781 0.047222
1 0.584617 0.500439 0.017946 0.031695
1 0.599609 0.778472 0.027344 0.051389
1 0.609375 0.562500 0.031250 0.055556
1 0.607031 0.661806 0.026562 0.045833
1 0.624013 0.601459 0.026151 0.044585
1 0.627344 0.702778 0.026562 0.047222
1 0.632102 0.415907 0.021318 0.036194
1 0.632435 0.660538 0.020986 0.037137
1 0.639054 0.547083 0.020488 0.035847
1 0.649219 0.737500 0.026562 0.050000
1 0.660581 0.585694 0.022588 0.042501
1 0.669272 0.642818 0.027080 0.047698
1 0.707812 0.551389 0.028125 0.050000
3 0.484904 0.571229 0.021561 0.040359
3 0.631494 0.415480 0.021669 0.035963
3 0.632435 0.660538 0.020986 0.037137
3 0.649219 0.737500 0.026562 0.050000
3 0.660218 0.585333 0.023314 0.043222
4 0.279707 0.637367 0.025356 0.041984
4 0.355401 0.825510 0.022131 0.038497
4 0.405588 0.781576 0.027886 0.047960
4 0.505258 0.517642 0.022343 0.039238
4 0.545312 0.671528 0.032813 0.059722
4 0.584617 0.500439 0.017946 0.031695
4 0.627344 0.702778 0.026562 0.047222
4 0.707710 0.552099 0.028331 0.048580
5 0.410938 0.565972 0.026562 0.051389
5 0.430859 0.670139 0.027344 0.051389
5 0.567187 0.740972 0.028125 0.051389
5 0.609375 0.562500 0.031250 0.055556
6 0.305980 0.535112 0.025250 0.049784
6 0.351562 0.625694 0.031250 0.059722
6 0.505720 0.730831 0.020436 0.041415
6 0.576562 0.445833 0.031250 0.055556
6 0.607031 0.661806 0.026562 0.045833
7 0.343750 0.508333 0.031250 0.058333
7 0.538281 0.723611 0.028125 0.047222
7 0.639054 0.547083 0.020488 0.035847
7 0.669310 0.643112 0.027006 0.047109
8 0.415234 0.419444 0.024219 0.047222
8 0.467549 0.524576 0.026301 0.045867
8 0.486361 0.751632 0.031965 0.057847
8 0.587891 0.700000 0.025781 0.047222
8 0.599609 0.778472 0.027344 0.051389
8 0.623943 0.602490 0.026012 0.046646