1 0.501953 0.616667 0.049219 0.088889
1 0.511328 0.244444 0.046094 0.088889
1 0.536719 0.368056 0.046875 0.083333
1 0.558203 0.638194 0.036719 0.070833
1 0.578906 0.406944 0.043750 0.072222
1 0.578906 0.481250 0.043750 0.079167
1 0.603906 0.640278 0.046875 0.088889
1 0.638281 0.396528 0.048438 0.087500
1 0.643750 0.717361 0.046875 0.084722
1 0.680469 0.329861 0.048438 0.090278
1 0.763281 0.495833 0.048438 0.091667
3 0.603906 0.640278 0.046875 0.088889
3 0.763281 0.495833 0.048438 0.091667
4 0.501953 0.616667 0.049219 0.088889
4 0.578906 0.481250 0.043750 0.079167
5 0.558203 0.638194 0.036719 0.070833
5 0.638281 0.396528 0.048438 0.087500
6 0.578906 0.406944 0.043750 0.072222
6 0.680469 0.329861 0.048438 0.090278
7 0.511328 0.244444 0.046094 0.088889
7 0.643750 0.717361 0.046875 0.084722
8 0.536719 0.368056 0.046875 0.083333