1 0.335547 0.445139 0.030469 0.031944
1 0.339062 0.602083 0.029687 0.034722
1 0.406250 0.541667 0.028125 0.033333
1 0.427734 0.352778 0.025781 0.027778
1 0.441406 0.478472 0.026562 0.031944
1 0.460938 0.545833 0.031250 0.036111
1 0.501172 0.308333 0.024219 0.027778
1 0.535156 0.811806 0.037500 0.056944
1 0.550000 0.464583 0.028125 0.031944
1 0.629297 0.502778 0.024219 0.030556
3 0.427734 0.352778 0.025781 0.027778
5 0.335547 0.445139 0.030469 0.031944
5 0.460938 0.545833 0.031250 0.036111
5 0.501172 0.308333 0.024219 0.027778
6 0.535156 0.811806 0.037500 0.056944
7 0.550000 0.464583 0.028125 0.031944
8 0.339062 0.602083 0.029687 0.034722
8 0.406250 0.541667 0.028125 0.033333
8 0.441406 0.478472 0.026562 0.031944
8 0.629297 0.502778 0.024219 0.030556