1 0.050391 0.452778 0.067969 0.066667
1 0.178906 0.385417 0.065625 0.081944
1 0.228906 0.509028 0.093750 0.109722
1 0.221094 0.433333 0.057813 0.063889
1 0.273047 0.376389 0.072656 0.097222
1 0.304688 0.502778 0.064062 0.080556
1 0.342564 0.384285 0.055497 0.064762
1 0.434200 0.453018 0.071524 0.097702
1 0.451172 0.385417 0.053906 0.065278
1 0.503516 0.450000 0.064844 0.077778
1 0.532335 0.252261 0.056858 0.060078
1 0.609570 0.662609 0.064453 0.083552
4 0.050391 0.452778 0.067969 0.066667
4 0.273047 0.376389 0.072656 0.097222
4 0.304688 0.502778 0.064062 0.080556
5 0.228906 0.509028 0.093750 0.109722
5 0.434343 0.453474 0.071811 0.098614
6 0.342700 0.384038 0.055224 0.065258
6 0.451172 0.385417 0.053906 0.065278
6 0.503516 0.450000 0.064844 0.077778
8 0.178906 0.385417 0.065625 0.081944
8 0.221094 0.433333 0.057813 0.063889
8 0.532335 0.251876 0.056858 0.059307
8 0.610436 0.662275 0.066185 0.082883