1 0.577226 0.346163 0.045547 0.088230
1 0.598142 0.534333 0.039654 0.075779
1 0.656305 0.610513 0.060827 0.112307
1 0.648485 0.737371 0.043655 0.080813
1 0.676302 0.483365 0.039584 0.074938
1 0.712735 0.570886 0.044842 0.091561
1 0.758377 0.736457 0.037933 0.071530
1 0.811490 0.437070 0.048895 0.084193
3 0.656305 0.610513 0.060827 0.112307
3 0.811490 0.437070 0.048895 0.084193
4 0.712735 0.570886 0.044842 0.091561
5 0.577226 0.346163 0.045547 0.088230
5 0.676302 0.483365 0.039584 0.074938
5 0.758377 0.736457 0.037933 0.071530
6 0.598142 0.534333 0.039654 0.075779
6 0.648485 0.737371 0.043655 0.080813