1 0.568359 0.511111 0.063281 0.113889
1 0.599219 0.404167 0.048438 0.088889
1 0.621875 0.259028 0.040625 0.073611
1 0.663471 0.243728 0.040631 0.077393
1 0.667578 0.581250 0.041406 0.076389
1 0.684347 0.884119 0.053182 0.084540
1 0.702747 0.756695 0.042480 0.073551
1 0.723047 0.375694 0.046094 0.090278
1 0.724835 0.272401 0.049146 0.092605
1 0.782256 0.420555 0.044864 0.078334
1 0.863672 0.440278 0.050781 0.091667
3 0.568359 0.511111 0.063281 0.113889
4 0.621875 0.259028 0.040625 0.073611
4 0.684477 0.883775 0.052920 0.085228
4 0.724835 0.272401 0.049146 0.092605
5 0.599219 0.404167 0.048438 0.088889
5 0.723047 0.375694 0.046094 0.090278
7 0.663471 0.243728 0.040631 0.077393
7 0.667578 0.581250 0.041406 0.076389
7 0.702747 0.756695 0.042480 0.073551
8 0.782155 0.419973 0.045066 0.079499
8 0.863672 0.440278 0.050781 0.091667