1 0.365625 0.451389 0.026562 0.047222
1 0.376095 0.539889 0.027360 0.042653
1 0.378192 0.649944 0.023304 0.041779
1 0.389844 0.574306 0.023438 0.043056
1 0.417187 0.537500 0.028125 0.050000
1 0.434203 0.564517 0.024328 0.045105
1 0.442188 0.392361 0.021875 0.037500
1 0.444702 0.635512 0.026210 0.045749
1 0.457031 0.579167 0.023438 0.038889
1 0.460093 0.683553 0.023563 0.041228
1 0.473438 0.538194 0.023438 0.040278
1 0.482812 0.597917 0.026562 0.048611
1 0.500509 0.639662 0.019561 0.038829
1 0.507031 0.504861 0.026562 0.045833
1 0.510156 0.395139 0.025000 0.040278
1 0.528516 0.477778 0.025781 0.044444
1 0.537500 0.543056 0.026562 0.047222
1 0.578109 0.790072 0.024252 0.044651
1 0.585069 0.740497 0.021667 0.038771
1 0.593359 0.611111 0.024219 0.044444
3 0.365625 0.451389 0.026562 0.047222
3 0.473438 0.538194 0.023438 0.040278
3 0.510156 0.395139 0.025000 0.040278
3 0.528516 0.477778 0.025781 0.044444
3 0.585069 0.740497 0.021667 0.038771
3 0.593359 0.611111 0.024219 0.044444
4 0.500257 0.639955 0.018849 0.037936
5 0.376182 0.540021 0.027076 0.043107
5 0.417187 0.537500 0.028125 0.050000
5 0.442188 0.392361 0.021875 0.037500
5 0.457031 0.579167 0.023438 0.038889
5 0.482812 0.597917 0.026562 0.048611
5 0.537500 0.543056 0.026562 0.047222
6 0.378276 0.649985 0.023136 0.041697
6 0.389844 0.574306 0.023438 0.043056
6 0.445060 0.635160 0.026659 0.045857
7 0.507031 0.504861 0.026562 0.045833
8 0.434203 0.564517 0.024328 0.045105
8 0.459914 0.683685 0.023922 0.040963
8 0.578109 0.790072 0.024252 0.044651