0 0.274609 0.593750 0.078906 0.173611
0 0.302734 0.392361 0.077344 0.154167
0 0.360547 0.600000 0.094531 0.177778
0 0.376563 0.447917 0.082812 0.137500
0 0.418750 0.665972 0.101562 0.190278
0 0.428125 0.513889 0.085938 0.158333
0 0.460938 0.392361 0.064062 0.131944
0 0.514062 0.544444 0.092188 0.208333
0 0.562500 0.668056 0.098437 0.222222
0 0.625000 0.459028 0.085938 0.159722
0 0.649609 0.681250 0.082031 0.181944
0 0.879770 0.918103 0.105119 0.163793
1 0.273828 0.547917 0.074219 0.081944
1 0.301172 0.350694 0.072656 0.070833
1 0.362891 0.553472 0.086719 0.084722
1 0.377344 0.415972 0.078125 0.073611
1 0.418750 0.627778 0.093750 0.113889
1 0.427734 0.472917 0.075781 0.076389
1 0.460156 0.353472 0.057813 0.054167
1 0.515234 0.496528 0.088281 0.112500
1 0.563281 0.616667 0.093750 0.119444
1 0.627344 0.420139 0.078125 0.081944
1 0.649609 0.636111 0.077344 0.091667
1 0.888293 0.904622 0.086112 0.135249
2 0.273658 0.633534 0.077674 0.090303
2 0.297563 0.424967 0.066790 0.083550
2 0.339715 0.632196 0.054480 0.109872
2 0.335382 0.391293 0.011982 0.142761
2 0.348595 0.459905 0.026934 0.101668
2 0.388954 0.472900 0.049553 0.075449
2 0.394652 0.699590 0.053705 0.121305
2 0.398829 0.520419 0.023002 0.081991
2 0.445236 0.545897 0.045107 0.084964
2 0.447617 0.688955 0.041944 0.140833
2 0.433265 0.396272 0.009729 0.078922
2 0.465360 0.415229 0.052187 0.081868
2 0.494624 0.595956 0.046933 0.115015
2 0.562151 0.727302 0.090684 0.100432
2 0.594712 0.475627 0.025301 0.125802
2 0.639240 0.493014 0.057298 0.091480
2 0.651862 0.726403 0.075279 0.091477
2 0.836072 0.904443 0.017013 0.130437
2 0.880206 0.973057 0.097830 0.041150
3 0.515234 0.496528 0.088281 0.112500
3 0.627344 0.420139 0.078125 0.081944
4 0.362891 0.553472 0.086719 0.084722
5 0.273828 0.547917 0.074219 0.081944
5 0.301172 0.350694 0.072656 0.070833
6 0.418750 0.627778 0.093750 0.113889
7 0.377344 0.415972 0.078125 0.073611
7 0.427734 0.472917 0.075781 0.076389
7 0.888485 0.904735 0.085726 0.135277
8 0.460156 0.353472 0.057813 0.054167
8 0.563281 0.616667 0.093750 0.119444
8 0.649609 0.636111 0.077344 0.091667