1 0.114844 0.216667 0.050000 0.055556
1 0.446875 0.488889 0.043750 0.054167
1 0.484375 0.348611 0.044531 0.055556
1 0.489063 0.220833 0.032031 0.033333
1 0.493750 0.462500 0.049219 0.061111
1 0.517188 0.538889 0.040625 0.051389
1 0.561719 0.355556 0.038281 0.043056
1 0.580469 0.411111 0.042188 0.048611
1 0.674219 0.273611 0.039062 0.040278
1 0.714844 0.233333 0.044531 0.044444
1 0.850781 0.504167 0.045312 0.058333
3 0.114844 0.216667 0.050000 0.055556
3 0.493750 0.462500 0.049219 0.061111
3 0.517188 0.538889 0.040625 0.051389
3 0.850781 0.504167 0.045312 0.058333
4 0.489063 0.220833 0.032031 0.033333
5 0.484375 0.348611 0.044531 0.055556
5 0.714844 0.233333 0.044531 0.044444
7 0.446875 0.488889 0.043750 0.054167
7 0.580469 0.411111 0.042188 0.048611
7 0.674219 0.273611 0.039062 0.040278
8 0.561719 0.355556 0.038281 0.043056