1 0.298047 0.695833 0.072656 0.097222
1 0.309766 0.552083 0.055469 0.065278
1 0.337500 0.631944 0.050000 0.055556
1 0.376563 0.511806 0.056250 0.059722
1 0.463672 0.563194 0.052344 0.065278
1 0.463281 0.563194 0.051562 0.065278
1 0.476953 0.438889 0.046094 0.055556
1 0.526563 0.540972 0.056250 0.070833
1 0.526953 0.540972 0.057031 0.070833
1 0.530078 0.710417 0.063281 0.076389
4 0.476953 0.438889 0.046094 0.055556
5 0.298047 0.695833 0.072656 0.097222
5 0.376563 0.511806 0.056250 0.059722
6 0.309766 0.552083 0.055469 0.065278
6 0.337500 0.631944 0.050000 0.055556
6 0.463672 0.563194 0.052344 0.065278
6 0.463281 0.563194 0.051562 0.065278
6 0.526563 0.540972 0.056250 0.070833
6 0.526953 0.540972 0.057031 0.070833
8 0.530078 0.710417 0.063281 0.076389