1 0.326320 0.403335 0.057328 0.067782
1 0.379434 0.582730 0.069806 0.087682
1 0.473665 0.643294 0.068820 0.092931
1 0.482335 0.265808 0.050608 0.062172
1 0.513178 0.431685 0.060730 0.074482
1 0.551578 0.364086 0.057843 0.069838
1 0.613213 0.347294 0.068613 0.080699
1 0.651461 0.617323 0.063364 0.086659
1 0.760828 0.419675 0.069513 0.082107
1 0.825754 0.602330 0.071985 0.099132
4 0.473665 0.643294 0.068820 0.092931
5 0.326320 0.403335 0.057328 0.067782
5 0.379434 0.582730 0.069806 0.087682
5 0.760828 0.419675 0.069513 0.082107
6 0.482335 0.265808 0.050608 0.062172
6 0.613213 0.347294 0.068613 0.080699
6 0.651461 0.617323 0.063364 0.086659
7 0.551578 0.364086 0.057843 0.069838
7 0.825754 0.602330 0.071985 0.099132
8 0.513178 0.431685 0.060730 0.074482