0 0.343359 0.734722 0.102344 0.197222
0 0.354297 0.590972 0.089844 0.148611
0 0.380078 0.407639 0.080469 0.148611
0 0.464844 0.458333 0.081250 0.152778
0 0.496875 0.725000 0.095312 0.186111
0 0.568359 0.396528 0.067969 0.143056
0 0.611719 0.540278 0.084375 0.158333
0 0.632422 0.790972 0.088281 0.195833
0 0.697656 0.701389 0.098437 0.180556
0 0.691016 0.520139 0.077344 0.154167
1 0.341823 0.688576 0.086772 0.104929
1 0.354687 0.557639 0.082812 0.081944
1 0.379297 0.363194 0.072656 0.059722
1 0.467578 0.413889 0.072656 0.063889
1 0.495312 0.677083 0.084375 0.090278
1 0.570866 0.355882 0.062045 0.058986
1 0.613431 0.503244 0.073737 0.084266
1 0.635938 0.743056 0.079687 0.100000
1 0.698969 0.658362 0.090126 0.094501
1 0.693359 0.477083 0.069531 0.068056
2 0.317095 0.768144 0.051112 0.126715
2 0.341642 0.618763 0.062538 0.073939
2 0.356674 0.426668 0.031365 0.111140
2 0.371032 0.762883 0.046098 0.136001
2 0.396696 0.424719 0.045607 0.108895
2 0.386930 0.608597 0.025733 0.105732
2 0.448087 0.478217 0.047856 0.109880
2 0.463847 0.744126 0.030562 0.142816
2 0.489655 0.474221 0.033480 0.118648
2 0.512430 0.761702 0.062519 0.103925
2 0.563468 0.421272 0.057629 0.088187
2 0.584386 0.556501 0.026710 0.121340
2 0.625547 0.830512 0.072773 0.113073
2 0.598071 0.412410 0.010322 0.108198
2 0.625898 0.566538 0.054112 0.099747
2 0.669661 0.716989 0.039509 0.143989
2 0.683244 0.543724 0.055655 0.104701
2 0.668949 0.823722 0.015693 0.130217
2 0.714550 0.743189 0.060951 0.098574
2 0.720528 0.539474 0.018665 0.107735
3 0.354687 0.557639 0.082812 0.081944
3 0.693359 0.477083 0.069531 0.068056
4 0.341823 0.688576 0.086772 0.104929
5 0.495312 0.677083 0.084375 0.090278
5 0.635938 0.743056 0.079687 0.100000
6 0.379297 0.363194 0.072656 0.059722
6 0.467578 0.413889 0.072656 0.063889
7 0.613431 0.503244 0.073737 0.084266
7 0.698969 0.658362 0.090126 0.094501
8 0.570866 0.355882 0.062045 0.058986