1 0.365625 0.513889 0.041406 0.050000
1 0.437500 0.359722 0.035156 0.040278
1 0.470313 0.315278 0.036719 0.045833
1 0.473438 0.255556 0.035937 0.041667
1 0.474219 0.187500 0.037500 0.043056
1 0.478125 0.356944 0.041406 0.045833
1 0.479687 0.412500 0.041406 0.048611
1 0.504687 0.273611 0.038281 0.043056
1 0.528906 0.348611 0.035937 0.047222
1 0.532031 0.297222 0.032813 0.040278
1 0.532813 0.240278 0.033594 0.044444
1 0.539062 0.094444 0.030469 0.034722
1 0.557031 0.323611 0.033594 0.043056
1 0.562500 0.270833 0.035937 0.038889
1 0.577344 0.361111 0.038281 0.045833
1 0.584375 0.201389 0.034375 0.040278
1 0.603906 0.298611 0.047656 0.058333
1 0.615625 0.383333 0.039844 0.051389
1 0.618750 0.158333 0.034375 0.037500
1 0.624219 0.245833 0.030469 0.038889
1 0.644531 0.198611 0.031250 0.038889
1 0.652344 0.070833 0.045312 0.041667
1 0.668750 0.234722 0.036719 0.041667
1 0.683594 0.179167 0.032813 0.038889
1 0.694531 0.288889 0.032813 0.041667
1 0.711719 0.561111 0.040625 0.033333
1 0.728125 0.206944 0.033594 0.038889
1 0.730469 0.263889 0.037500 0.044444
1 0.773438 0.254167 0.039062 0.048611
1 0.810937 0.422222 0.036719 0.051389
1 0.865625 0.537500 0.039844 0.056944
3 0.478125 0.356944 0.041406 0.045833
3 0.562500 0.270833 0.035937 0.038889
3 0.615625 0.383333 0.039844 0.051389
3 0.652344 0.070833 0.045312 0.041667
3 0.694531 0.288889 0.032813 0.041667
4 0.437500 0.359722 0.035156 0.040278
4 0.473438 0.255556 0.035937 0.041667
4 0.528906 0.348611 0.035937 0.047222
4 0.539062 0.094444 0.030469 0.034722
4 0.557031 0.323611 0.033594 0.043056
4 0.728125 0.206944 0.033594 0.038889
5 0.365625 0.513889 0.041406 0.050000
5 0.532813 0.240278 0.033594 0.044444
5 0.577344 0.361111 0.038281 0.045833
5 0.584375 0.201389 0.034375 0.040278
5 0.618750 0.158333 0.034375 0.037500
5 0.624219 0.245833 0.030469 0.038889
5 0.668750 0.234722 0.036719 0.041667
5 0.711719 0.561111 0.040625 0.033333
5 0.773438 0.254167 0.039062 0.048611
6 0.504687 0.273611 0.038281 0.043056
6 0.603906 0.298611 0.047656 0.058333
6 0.730469 0.263889 0.037500 0.044444
6 0.865625 0.537500 0.039844 0.056944
7 0.474219 0.187500 0.037500 0.043056
7 0.479687 0.412500 0.041406 0.048611
7 0.532031 0.297222 0.032813 0.040278
7 0.810937 0.422222 0.036719 0.051389
8 0.470313 0.315278 0.036719 0.045833
8 0.644531 0.198611 0.031250 0.038889
8 0.683594 0.179167 0.032813 0.038889