1 0.233984 0.666667 0.027344 0.050000
1 0.274219 0.177778 0.103125 0.119444
1 0.261719 0.618750 0.023438 0.045833
1 0.272656 0.565278 0.026562 0.047222
1 0.325391 0.659722 0.032031 0.055556
1 0.331250 0.611111 0.029687 0.050000
1 0.339453 0.740972 0.024219 0.048611
1 0.356250 0.544444 0.026562 0.047222
1 0.373047 0.700694 0.025781 0.054167
1 0.378906 0.397917 0.026562 0.051389
1 0.393359 0.495139 0.025781 0.043056
1 0.423047 0.670833 0.025781 0.047222
1 0.429688 0.804861 0.023438 0.045833
1 0.435937 0.504167 0.025000 0.044444
1 0.442188 0.707639 0.029687 0.054167
1 0.441406 0.578472 0.023438 0.043056
1 0.457031 0.311806 0.025000 0.043056
1 0.459766 0.604167 0.025781 0.044444
1 0.461719 0.371528 0.025000 0.043056
1 0.506250 0.692361 0.023438 0.048611
1 0.540625 0.628472 0.023438 0.043056
1 0.632422 0.458333 0.085156 0.147222
1 0.837109 0.364583 0.091406 0.098611
3 0.261719 0.618750 0.023438 0.045833
3 0.423047 0.670833 0.025781 0.047222
3 0.459766 0.604167 0.025781 0.044444
3 0.540625 0.628472 0.023438 0.043056
3 0.837109 0.364583 0.091406 0.098611
4 0.274219 0.177778 0.103125 0.119444
5 0.233984 0.666667 0.027344 0.050000
5 0.356250 0.544444 0.026562 0.047222
5 0.442188 0.707639 0.029687 0.054167
6 0.272656 0.565278 0.026562 0.047222
6 0.325391 0.659722 0.032031 0.055556
6 0.331250 0.611111 0.029687 0.050000
6 0.441406 0.578472 0.023438 0.043056
7 0.435937 0.504167 0.025000 0.044444
7 0.457031 0.311806 0.025000 0.043056
7 0.506250 0.692361 0.023438 0.048611
8 0.339453 0.740972 0.024219 0.048611
8 0.373047 0.700694 0.025781 0.054167
8 0.378906 0.397917 0.026562 0.051389
8 0.393359 0.495139 0.025781 0.043056
8 0.429688 0.804861 0.023438 0.045833
8 0.461719 0.371528 0.025000 0.043056
8 0.632422 0.458333 0.085156 0.147222