1 0.329444 0.572650 0.066443 0.103013
1 0.418750 0.493056 0.056250 0.080556
1 0.545577 0.493111 0.078654 0.091777
1 0.590625 0.434028 0.065625 0.081944
1 0.610078 0.713194 0.076406 0.106944
1 0.621178 0.571929 0.081419 0.118859
1 0.698918 0.498901 0.069711 0.089468
1 0.778705 0.678753 0.065188 0.090600
3 0.545577 0.493111 0.078654 0.091777
3 0.590625 0.434028 0.065625 0.081944
4 0.418750 0.493056 0.056250 0.080556
4 0.610078 0.713194 0.076406 0.106944
4 0.621178 0.571929 0.081419 0.118859
7 0.329444 0.572650 0.066443 0.103013
7 0.778705 0.678753 0.065188 0.090600
8 0.698918 0.498901 0.069711 0.089468