1 0.328906 0.347222 0.040625 0.043056
1 0.407813 0.315278 0.039844 0.047222
1 0.435937 0.350000 0.042969 0.044444
1 0.446875 0.297222 0.036719 0.041667
1 0.469531 0.423611 0.035156 0.038889
1 0.482812 0.354167 0.035937 0.040278
1 0.521875 0.415278 0.037500 0.043056
1 0.546875 0.236111 0.033594 0.036111
1 0.551562 0.308333 0.035156 0.036111
1 0.565625 0.487500 0.039844 0.048611
1 0.571875 0.426389 0.039062 0.050000
1 0.621875 0.415278 0.035937 0.043056
1 0.657031 0.451389 0.046094 0.055556
1 0.662500 0.327778 0.035937 0.041667
1 0.694531 0.426389 0.045312 0.051389
1 0.734375 0.509722 0.038281 0.043056
1 0.737500 0.469444 0.037500 0.044444
1 0.791406 0.320833 0.036719 0.054167
1 0.798438 0.281944 0.036719 0.043056
1 0.808594 0.394444 0.043750 0.054167
3 0.328906 0.347222 0.040625 0.043056
3 0.407813 0.315278 0.039844 0.047222
3 0.482812 0.354167 0.035937 0.040278
3 0.565625 0.487500 0.039844 0.048611
3 0.657031 0.451389 0.046094 0.055556
4 0.446875 0.297222 0.036719 0.041667
4 0.469531 0.423611 0.035156 0.038889
4 0.571875 0.426389 0.039062 0.050000
5 0.521875 0.415278 0.037500 0.043056
5 0.546875 0.236111 0.033594 0.036111
5 0.551562 0.308333 0.035156 0.036111
5 0.621875 0.415278 0.035937 0.043056
6 0.662500 0.327778 0.035937 0.041667
6 0.737500 0.469444 0.037500 0.044444
6 0.798438 0.281944 0.036719 0.043056
7 0.435937 0.350000 0.042969 0.044444
7 0.694531 0.426389 0.045312 0.051389
8 0.734375 0.509722 0.038281 0.043056
8 0.791406 0.320833 0.036719 0.054167
8 0.808594 0.394444 0.043750 0.054167