1 0.307031 0.084722 0.043750 0.045833
1 0.374219 0.213889 0.032813 0.040278
1 0.390625 0.030556 0.039062 0.047222
1 0.413281 0.387500 0.038281 0.050000
1 0.418750 0.129167 0.043750 0.050000
1 0.431250 0.233333 0.036719 0.041667
1 0.465625 0.220833 0.031250 0.041667
1 0.467187 0.290278 0.038281 0.052778
1 0.501563 0.091667 0.032813 0.037500
1 0.501563 0.543056 0.037500 0.056944
1 0.508594 0.152778 0.036719 0.036111
1 0.516406 0.263889 0.038281 0.048611
1 0.535937 0.023611 0.033594 0.038889
1 0.545312 0.179167 0.035937 0.048611
1 0.580469 0.186111 0.032031 0.037500
1 0.588281 0.141667 0.037500 0.045833
1 0.589063 0.304167 0.035937 0.048611
1 0.610938 0.440278 0.034375 0.044444
1 0.614062 0.358333 0.041406 0.054167
1 0.617969 0.201389 0.033594 0.045833
1 0.624219 0.109722 0.040625 0.047222
1 0.649219 0.145833 0.033594 0.044444
1 0.652344 0.397222 0.034375 0.048611
1 0.654687 0.456944 0.040625 0.056944
1 0.670312 0.079167 0.037500 0.043056
1 0.694531 0.261111 0.039844 0.048611
1 0.704688 0.418056 0.043750 0.058333
1 0.711719 0.130556 0.041406 0.045833
1 0.729688 0.359722 0.034375 0.044444
1 0.734375 0.104167 0.037500 0.047222
1 0.738281 0.063889 0.033594 0.037500
1 0.753906 0.436111 0.038281 0.048611
1 0.760938 0.150000 0.032813 0.043056
1 0.771094 0.355556 0.041406 0.050000
1 0.792188 0.306944 0.036719 0.047222
1 0.811719 0.251389 0.039062 0.052778
1 0.826562 0.200000 0.036719 0.041667
1 0.846094 0.309722 0.035937 0.045833
1 0.864844 0.209722 0.038281 0.047222
3 0.374219 0.213889 0.032813 0.040278
3 0.390625 0.030556 0.039062 0.047222
3 0.589063 0.304167 0.035937 0.048611
4 0.467187 0.290278 0.038281 0.052778
4 0.545312 0.179167 0.035937 0.048611
4 0.580469 0.186111 0.032031 0.037500
4 0.649219 0.145833 0.033594 0.044444
4 0.738281 0.063889 0.033594 0.037500
4 0.771094 0.355556 0.041406 0.050000
5 0.307031 0.084722 0.043750 0.045833
5 0.418750 0.129167 0.043750 0.050000
5 0.501563 0.091667 0.032813 0.037500
5 0.508594 0.152778 0.036719 0.036111
5 0.516406 0.263889 0.038281 0.048611
5 0.610938 0.440278 0.034375 0.044444
5 0.614062 0.358333 0.041406 0.054167
5 0.654687 0.456944 0.040625 0.056944
5 0.811719 0.251389 0.039062 0.052778
6 0.413281 0.387500 0.038281 0.050000
6 0.465625 0.220833 0.031250 0.041667
6 0.624219 0.109722 0.040625 0.047222
6 0.670312 0.079167 0.037500 0.043056
6 0.711719 0.130556 0.041406 0.045833
6 0.734375 0.104167 0.037500 0.047222
6 0.826562 0.200000 0.036719 0.041667
6 0.864844 0.209722 0.038281 0.047222
7 0.431250 0.233333 0.036719 0.041667
7 0.617969 0.201389 0.033594 0.045833
7 0.694531 0.261111 0.039844 0.048611
7 0.704688 0.418056 0.043750 0.058333
7 0.760938 0.150000 0.032813 0.043056
7 0.792188 0.306944 0.036719 0.047222
7 0.846094 0.309722 0.035937 0.045833
8 0.501563 0.543056 0.037500 0.056944
8 0.535937 0.023611 0.033594 0.038889
8 0.588281 0.141667 0.037500 0.045833
8 0.652344 0.397222 0.034375 0.048611
8 0.729688 0.359722 0.034375 0.044444
8 0.753906 0.436111 0.038281 0.048611