1 0.446875 0.489583 0.043750 0.054167
1 0.484766 0.348611 0.044531 0.055556
1 0.494141 0.462500 0.049219 0.061111
1 0.489453 0.220833 0.032031 0.033333
1 0.517188 0.539583 0.040625 0.051389
1 0.562109 0.356250 0.038281 0.043056
1 0.580469 0.411806 0.042188 0.048611
1 0.674219 0.274306 0.039062 0.040278
1 0.715234 0.233333 0.044531 0.044444
1 0.850781 0.504167 0.045312 0.058333
3 0.494141 0.462500 0.049219 0.061111
3 0.517188 0.539583 0.040625 0.051389
3 0.850781 0.504167 0.045312 0.058333
5 0.484766 0.348611 0.044531 0.055556
5 0.715234 0.233333 0.044531 0.044444
6 0.489453 0.220833 0.032031 0.033333
7 0.446875 0.489583 0.043750 0.054167
7 0.580469 0.411806 0.042188 0.048611
7 0.674219 0.274306 0.039062 0.040278
8 0.562109 0.356250 0.038281 0.043056