1 0.410156 0.191667 0.042188 0.072222
1 0.413281 0.531944 0.046875 0.083333
1 0.501563 0.513889 0.059375 0.105556
1 0.581250 0.204861 0.050000 0.090278
1 0.587891 0.313194 0.042969 0.076389
1 0.588060 0.593026 0.039505 0.075059
1 0.649609 0.362500 0.039844 0.072222
1 0.670703 0.519444 0.044531 0.080556
1 0.737109 0.477778 0.058594 0.100000
1 0.759766 0.201389 0.050781 0.083333
1 0.821484 0.360417 0.044531 0.076389
4 0.410156 0.191667 0.042188 0.072222
4 0.581250 0.204861 0.050000 0.090278
4 0.649609 0.362500 0.039844 0.072222
4 0.737109 0.477778 0.058594 0.100000
5 0.413281 0.531944 0.046875 0.083333
6 0.670703 0.519444 0.044531 0.080556
7 0.501563 0.513889 0.059375 0.105556
7 0.587891 0.313194 0.042969 0.076389
7 0.587850 0.593551 0.039925 0.074008
8 0.759766 0.201389 0.050781 0.083333
8 0.821484 0.360417 0.044531 0.076389