1 0.338944 0.602295 0.060701 0.085145
1 0.414844 0.400694 0.053125 0.056944
1 0.428125 0.679167 0.054688 0.072222
1 0.467571 0.598480 0.055483 0.072485
1 0.477611 0.508611 0.052653 0.067612
1 0.482812 0.684028 0.056250 0.076389
1 0.513809 0.558174 0.055194 0.064207
1 0.513015 0.465812 0.048970 0.062821
1 0.556641 0.451389 0.052344 0.055556
1 0.604297 0.635417 0.055469 0.073611
3 0.513562 0.558000 0.055689 0.064555
4 0.428125 0.679167 0.054688 0.072222
4 0.477341 0.508864 0.051985 0.068660
4 0.482812 0.684028 0.056250 0.076389
5 0.338874 0.602469 0.060561 0.085494
5 0.414844 0.400694 0.053125 0.056944
6 0.513170 0.465348 0.048660 0.063749
7 0.556641 0.451389 0.052344 0.055556
7 0.604297 0.635417 0.055469 0.073611
8 0.467505 0.598306 0.055614 0.072833