1 0.246484 0.333333 0.049219 0.038889
1 0.275428 0.279785 0.055543 0.042903
1 0.282813 0.425694 0.056250 0.051389
1 0.304688 0.333333 0.053125 0.038889
1 0.332422 0.378472 0.052344 0.048611
1 0.355469 0.327778 0.053125 0.047222
1 0.386328 0.389583 0.053906 0.043056
1 0.391797 0.295139 0.049219 0.043056
1 0.461328 0.400694 0.060156 0.048611
1 0.481987 0.343974 0.059286 0.046282
1 0.559766 0.363194 0.053906 0.048611
1 0.608832 0.296435 0.050476 0.034536
1 0.607422 0.340972 0.047656 0.037500
1 0.644541 0.386638 0.059395 0.053831
1 0.651881 0.455643 0.063136 0.055730
1 0.663512 0.290022 0.059836 0.043934
1 0.674818 0.342883 0.060969 0.047535
1 0.696791 0.415894 0.057645 0.059566
1 0.713281 0.313194 0.054688 0.045833
1 0.752459 0.449940 0.067419 0.060992
3 0.355469 0.327778 0.053125 0.047222
3 0.674733 0.342797 0.061685 0.046287
3 0.752363 0.449663 0.067226 0.060437
4 0.332422 0.378472 0.052344 0.048611
4 0.461328 0.400694 0.060156 0.048611
5 0.275428 0.279785 0.055543 0.042903
5 0.481987 0.343974 0.059286 0.046282
5 0.607422 0.340972 0.047656 0.037500
5 0.651881 0.455643 0.063136 0.055730
6 0.282813 0.425694 0.056250 0.051389
6 0.391797 0.295139 0.049219 0.043056
6 0.644541 0.386638 0.059395 0.053831
6 0.663512 0.290022 0.059836 0.043934
7 0.608832 0.296435 0.050476 0.034536
7 0.713281 0.313194 0.054688 0.045833
8 0.246484 0.333333 0.049219 0.038889
8 0.304688 0.333333 0.053125 0.038889
8 0.386328 0.389583 0.053906 0.043056
8 0.559766 0.363194 0.053906 0.048611
8 0.696791 0.415894 0.057645 0.059566