1 0.420312 0.219444 0.041406 0.041667
1 0.433594 0.361111 0.046094 0.054167
1 0.439844 0.175000 0.038281 0.043056
1 0.485938 0.334722 0.038281 0.045833
1 0.522656 0.220833 0.035937 0.040278
1 0.546094 0.305556 0.042969 0.050000
1 0.571875 0.169444 0.036719 0.041667
1 0.576562 0.556944 0.050781 0.068056
1 0.792188 0.304167 0.037500 0.041667
1 0.814844 0.225000 0.039844 0.044444
1 0.824219 0.593056 0.053125 0.070833
1 0.920312 0.270833 0.040625 0.045833
4 0.433594 0.361111 0.046094 0.054167
4 0.814844 0.225000 0.039844 0.044444
4 0.824219 0.593056 0.053125 0.070833
5 0.522656 0.220833 0.035937 0.040278
5 0.792188 0.304167 0.037500 0.041667
6 0.571875 0.169444 0.036719 0.041667
7 0.485938 0.334722 0.038281 0.045833
7 0.920312 0.270833 0.040625 0.045833
8 0.420312 0.219444 0.041406 0.041667
8 0.439844 0.175000 0.038281 0.043056
8 0.546094 0.305556 0.042969 0.050000
8 0.576562 0.556944 0.050781 0.068056