1 0.348438 0.555556 0.060937 0.069444
1 0.382812 0.635417 0.059375 0.073611
1 0.402734 0.800000 0.069531 0.091667
1 0.425000 0.565972 0.053125 0.062500
1 0.485547 0.788889 0.067969 0.094444
1 0.513281 0.544444 0.050000 0.063889
1 0.550391 0.639583 0.053906 0.073611
1 0.557422 0.792361 0.055469 0.084722
1 0.612891 0.590972 0.060156 0.070833
1 0.630124 0.865890 0.061626 0.084887
3 0.630105 0.865778 0.061666 0.085111
4 0.348438 0.555556 0.060937 0.069444
4 0.382812 0.635417 0.059375 0.073611
4 0.425000 0.565972 0.053125 0.062500
5 0.485547 0.788889 0.067969 0.094444
5 0.513281 0.544444 0.050000 0.063889
5 0.612891 0.590972 0.060156 0.070833
6 0.402734 0.800000 0.069531 0.091667
7 0.550391 0.639583 0.053906 0.073611
8 0.557422 0.792361 0.055469 0.084722