1 0.189009 0.522907 0.057705 0.065258
1 0.197259 0.596951 0.057018 0.071681
1 0.213491 0.814324 0.059795 0.086981
1 0.211633 0.255272 0.049828 0.054988
1 0.253906 0.306250 0.050000 0.054167
1 0.319531 0.243056 0.050000 0.044444
1 0.337109 0.693056 0.069531 0.080556
1 0.336328 0.494444 0.058594 0.063889
1 0.361328 0.390972 0.060156 0.062500
1 0.399609 0.635417 0.053906 0.065278
1 0.445703 0.364583 0.042969 0.045833
1 0.478906 0.550694 0.065625 0.084722
1 0.478927 0.668187 0.059417 0.080818
1 0.471875 0.135417 0.039062 0.037500
1 0.541406 0.309028 0.046875 0.054167
1 0.546351 0.250764 0.051932 0.051529
1 0.577350 0.642189 0.059387 0.078823
1 0.600525 0.300456 0.051049 0.053691
1 0.673047 0.515972 0.060156 0.065278
1 0.675781 0.218056 0.060937 0.052778
1 0.738491 0.340641 0.053544 0.056282
1 0.771233 0.555301 0.056529 0.068935
1 0.778742 0.809976 0.063733 0.089396
1 0.819893 0.292175 0.067912 0.067684
1 0.816797 0.368750 0.057031 0.054167
3 0.361328 0.390972 0.060156 0.062500
3 0.478906 0.550694 0.065625 0.084722
3 0.546351 0.250764 0.051932 0.051529
3 0.673047 0.515972 0.060156 0.065278
3 0.778742 0.809976 0.063733 0.089396
3 0.816797 0.368750 0.057031 0.054167
4 0.211633 0.255272 0.049828 0.054988
4 0.319531 0.243056 0.050000 0.044444
5 0.189009 0.522907 0.057705 0.065258
5 0.197259 0.596951 0.057018 0.071681
5 0.541406 0.309028 0.046875 0.054167
5 0.577350 0.642189 0.059387 0.078823
5 0.771233 0.555301 0.056529 0.068935
5 0.819893 0.292175 0.067912 0.067684
6 0.213491 0.814324 0.059795 0.086981
6 0.337109 0.693056 0.069531 0.080556
6 0.478834 0.667827 0.059230 0.080098
6 0.600261 0.300206 0.050523 0.053190
6 0.675781 0.218056 0.060937 0.052778
6 0.738491 0.340641 0.053544 0.056282
7 0.399609 0.635417 0.053906 0.065278
8 0.253906 0.306250 0.050000 0.054167
8 0.336328 0.494444 0.058594 0.063889
8 0.445703 0.364583 0.042969 0.045833
8 0.471875 0.135417 0.039062 0.037500