1 0.193750 0.390278 0.081250 0.083333
1 0.237500 0.150000 0.103906 0.113889
1 0.316406 0.512500 0.025781 0.044444
1 0.317188 0.308333 0.028125 0.048611
1 0.328906 0.598611 0.026562 0.050000
1 0.344531 0.469444 0.028125 0.050000
1 0.346875 0.538889 0.028125 0.050000
1 0.357812 0.611111 0.027344 0.051389
1 0.373437 0.704167 0.025000 0.044444
1 0.388281 0.561111 0.023438 0.038889
1 0.398438 0.427778 0.030469 0.052778
1 0.412500 0.758333 0.028906 0.052778
1 0.413281 0.476389 0.023438 0.037500
1 0.414844 0.519444 0.023438 0.041667
1 0.416406 0.577778 0.030469 0.055556
1 0.440625 0.450000 0.027344 0.045833
1 0.444531 0.654167 0.027344 0.051389
1 0.450000 0.554167 0.023438 0.038889
1 0.460156 0.598611 0.023438 0.040278
1 0.471875 0.687500 0.025000 0.048611
1 0.482031 0.487500 0.026562 0.045833
1 0.540625 0.550000 0.026562 0.045833
1 0.819531 0.361111 0.092969 0.098611
3 0.316406 0.512500 0.025781 0.044444
3 0.346875 0.538889 0.028125 0.050000
3 0.412500 0.758333 0.028906 0.052778
3 0.450000 0.554167 0.023438 0.038889
3 0.471875 0.687500 0.025000 0.048611
3 0.540625 0.550000 0.026562 0.045833
3 0.819531 0.361111 0.092969 0.098611
4 0.237500 0.150000 0.103906 0.113889
4 0.398438 0.427778 0.030469 0.052778
4 0.444531 0.654167 0.027344 0.051389
4 0.482031 0.487500 0.026562 0.045833
5 0.357812 0.611111 0.027344 0.051389
5 0.416406 0.577778 0.030469 0.055556
6 0.328906 0.598611 0.026562 0.050000
7 0.317188 0.308333 0.028125 0.048611
7 0.373437 0.704167 0.025000 0.044444
7 0.388281 0.561111 0.023438 0.038889
7 0.440625 0.450000 0.027344 0.045833
7 0.460156 0.598611 0.023438 0.040278
8 0.193750 0.390278 0.081250 0.083333
8 0.344531 0.469444 0.028125 0.050000
8 0.413281 0.476389 0.023438 0.037500
8 0.414844 0.519444 0.023438 0.041667