1 0.658203 0.511111 0.053906 0.058333
1 0.702344 0.424306 0.070312 0.079167
1 0.714453 0.702083 0.060156 0.084722
1 0.767578 0.428472 0.057031 0.068056
1 0.766876 0.537929 0.048683 0.063201
1 0.792737 0.613928 0.052188 0.075048
1 0.824928 0.451448 0.059231 0.077896
1 0.847340 0.743218 0.060007 0.074675
1 0.850122 0.657248 0.049756 0.071616
5 0.702344 0.424306 0.070312 0.079167
5 0.767578 0.428472 0.057031 0.068056
5 0.824987 0.450764 0.059348 0.076528
5 0.847325 0.743321 0.060038 0.074469
5 0.849815 0.657823 0.050370 0.070465
6 0.766876 0.537929 0.048683 0.063201
7 0.792737 0.613928 0.052188 0.075048
8 0.658203 0.511111 0.053906 0.058333
8 0.714453 0.702083 0.060156 0.084722