1 0.463281 0.465278 0.040625 0.052778
1 0.472266 0.254861 0.050781 0.056944
1 0.535156 0.475694 0.048438 0.059722
1 0.556641 0.318056 0.039844 0.047222
1 0.564063 0.254167 0.034375 0.041667
1 0.587500 0.525694 0.043750 0.056944
1 0.657031 0.459722 0.037500 0.044444
1 0.670312 0.238889 0.037500 0.044444
1 0.685440 0.329550 0.038303 0.043924
1 0.785235 0.427652 0.048595 0.058082
3 0.685440 0.329550 0.038303 0.043924
4 0.564063 0.254167 0.034375 0.041667
4 0.670312 0.238889 0.037500 0.044444
6 0.472266 0.254861 0.050781 0.056944
6 0.556641 0.318056 0.039844 0.047222
7 0.463281 0.465278 0.040625 0.052778
7 0.535156 0.475694 0.048438 0.059722
7 0.657031 0.459722 0.037500 0.044444
8 0.587500 0.525694 0.043750 0.056944
8 0.785613 0.427178 0.049351 0.057133