1 0.316016 0.788194 0.025781 0.051389
1 0.315734 0.688882 0.020384 0.041205
1 0.350092 0.870732 0.026379 0.044648
1 0.381366 0.756627 0.027892 0.045079
1 0.407292 0.858693 0.027192 0.045989
1 0.410938 0.565972 0.025000 0.045833
1 0.414453 0.753472 0.025781 0.051389
1 0.422776 0.607919 0.023198 0.042496
1 0.433203 0.829861 0.021094 0.040278
1 0.438560 0.787636 0.022880 0.035840
1 0.448047 0.520139 0.028906 0.054167
1 0.465625 0.633333 0.025000 0.047222
1 0.475391 0.781250 0.027344 0.051389
1 0.486328 0.699306 0.028906 0.045833
1 0.489844 0.651389 0.025000 0.044444
1 0.504687 0.736111 0.032813 0.058333
1 0.505469 0.793056 0.023438 0.044444
1 0.510547 0.831250 0.027344 0.043056
1 0.509375 0.570139 0.023438 0.045833
1 0.509036 0.880757 0.019997 0.037089
1 0.513281 0.931944 0.026562 0.050000
1 0.532523 0.739203 0.020243 0.031987
1 0.535156 0.699306 0.025000 0.045833
1 0.540234 0.772917 0.022656 0.037500
1 0.556641 0.607639 0.027344 0.048611
1 0.568217 0.836276 0.026066 0.041338
1 0.570427 0.681170 0.027896 0.048772
1 0.581250 0.784722 0.025000 0.041667
1 0.581717 0.746416 0.024066 0.037725
1 0.590234 0.859722 0.030469 0.055556
1 0.598047 0.811806 0.025781 0.045833
1 0.612905 0.755062 0.027315 0.045431
1 0.616016 0.617361 0.028906 0.048611
1 0.630859 0.856944 0.025781 0.047222
1 0.645312 0.760417 0.026562 0.048611
3 0.349848 0.871039 0.026867 0.044033
3 0.448047 0.520139 0.028906 0.054167
3 0.489844 0.651389 0.025000 0.044444
3 0.581250 0.784722 0.025000 0.041667
3 0.645312 0.760417 0.026562 0.048611
4 0.410938 0.565972 0.025000 0.045833
4 0.422776 0.608074 0.023198 0.042186
4 0.465625 0.633333 0.025000 0.047222
4 0.504687 0.736111 0.032813 0.058333
4 0.616016 0.617361 0.028906 0.048611
5 0.407292 0.858693 0.027192 0.045989
5 0.532523 0.739203 0.020243 0.031987
5 0.598047 0.811806 0.025781 0.045833
6 0.316016 0.788194 0.025781 0.051389
6 0.381468 0.756947 0.027689 0.044440
6 0.438392 0.787300 0.023216 0.036510
6 0.505469 0.793056 0.023438 0.044444
6 0.510547 0.831250 0.027344 0.043056
6 0.513281 0.931944 0.026562 0.050000
6 0.535156 0.699306 0.025000 0.045833
6 0.568217 0.836407 0.026066 0.041076
6 0.590234 0.859722 0.030469 0.055556
6 0.612942 0.755384 0.027242 0.044789
6 0.630859 0.856944 0.025781 0.047222
7 0.315734 0.688882 0.020384 0.041205
7 0.414453 0.753472 0.025781 0.051389
7 0.475391 0.781250 0.027344 0.051389
7 0.556641 0.607639 0.027344 0.048611
7 0.570529 0.681862 0.027691 0.047387
7 0.581524 0.745729 0.024452 0.039098
8 0.433203 0.829861 0.021094 0.040278
8 0.486328 0.699306 0.028906 0.045833
8 0.509375 0.570139 0.023438 0.045833
8 0.509036 0.880757 0.019997 0.037089
8 0.540234 0.772917 0.022656 0.037500