1 0.485938 0.194444 0.031250 0.041667
1 0.489844 0.331944 0.038281 0.048611
1 0.494531 0.133333 0.031250 0.036111
1 0.499219 0.540278 0.044531 0.065278
1 0.517188 0.177778 0.033594 0.043056
1 0.521094 0.251389 0.037500 0.051389
1 0.535156 0.348611 0.040625 0.051389
1 0.548438 0.211111 0.030469 0.037500
1 0.564844 0.268056 0.038281 0.052778
1 0.573438 0.122222 0.035156 0.037500
1 0.573438 0.343056 0.035156 0.044444
1 0.599219 0.526389 0.037500 0.051389
1 0.604688 0.291667 0.034375 0.047222
1 0.610938 0.187500 0.035156 0.040278
1 0.655469 0.372222 0.037500 0.047222
1 0.671094 0.300000 0.035156 0.048611
1 0.700000 0.129167 0.032031 0.044444
1 0.705469 0.091667 0.031250 0.036111
1 0.712500 0.311111 0.041406 0.055556
1 0.742188 0.400000 0.039844 0.054167
1 0.770312 0.173611 0.037500 0.045833
1 0.792969 0.356944 0.039062 0.054167
1 0.810937 0.187500 0.033594 0.045833
1 0.862500 0.212500 0.035156 0.045833
3 0.548438 0.211111 0.030469 0.037500
3 0.573438 0.343056 0.035156 0.044444
3 0.655469 0.372222 0.037500 0.047222
3 0.705469 0.091667 0.031250 0.036111
4 0.485938 0.194444 0.031250 0.041667
4 0.573438 0.122222 0.035156 0.037500
4 0.792969 0.356944 0.039062 0.054167
5 0.489844 0.331944 0.038281 0.048611
5 0.499219 0.540278 0.044531 0.065278
5 0.564844 0.268056 0.038281 0.052778
5 0.610938 0.187500 0.035156 0.040278
5 0.810937 0.187500 0.033594 0.045833
6 0.535156 0.348611 0.040625 0.051389
6 0.599219 0.526389 0.037500 0.051389
6 0.700000 0.129167 0.032031 0.044444
7 0.494531 0.133333 0.031250 0.036111
7 0.517188 0.177778 0.033594 0.043056
7 0.521094 0.251389 0.037500 0.051389
7 0.604688 0.291667 0.034375 0.047222
7 0.742188 0.400000 0.039844 0.054167
7 0.770312 0.173611 0.037500 0.045833
8 0.671094 0.300000 0.035156 0.048611
8 0.712500 0.311111 0.041406 0.055556
8 0.862500 0.212500 0.035156 0.045833