1 0.287109 0.411806 0.042969 0.043056
1 0.320403 0.553933 0.068932 0.077310
1 0.313281 0.495833 0.053125 0.055556
1 0.310242 0.352946 0.041024 0.040428
1 0.356641 0.422222 0.046094 0.050000
1 0.373130 0.650324 0.058760 0.072871
1 0.419141 0.422222 0.058594 0.061111
1 0.428095 0.377403 0.049940 0.049251
1 0.464844 0.450694 0.043750 0.048611
1 0.494515 0.416784 0.038265 0.038708
1 0.504077 0.509565 0.045654 0.055242
1 0.509798 0.459291 0.043033 0.049137
1 0.550391 0.525000 0.044531 0.047222
1 0.555169 0.476195 0.046276 0.052390
1 0.592345 0.631417 0.047190 0.060056
1 0.595540 0.520907 0.039542 0.051213
1 0.595550 0.571740 0.039538 0.046257
1 0.644785 0.596898 0.052052 0.065252
3 0.320403 0.553933 0.068932 0.077310
3 0.310242 0.352946 0.041024 0.040428
4 0.287109 0.411806 0.042969 0.043056
4 0.419141 0.422222 0.058594 0.061111
5 0.313281 0.495833 0.053125 0.055556
5 0.494515 0.416784 0.038265 0.038708
5 0.504230 0.509464 0.045959 0.055039
5 0.644785 0.596898 0.052052 0.065252
6 0.373130 0.650324 0.058760 0.072871
6 0.550391 0.525000 0.044531 0.047222
6 0.555169 0.476195 0.046276 0.052390
6 0.595603 0.521159 0.039668 0.051717
7 0.464844 0.450694 0.043750 0.048611
7 0.592345 0.631417 0.047190 0.060056
7 0.595550 0.571740 0.039538 0.046257
8 0.356641 0.422222 0.046094 0.050000
8 0.428095 0.377403 0.049940 0.049251
8 0.509798 0.459291 0.043033 0.049137