1 0.646265 0.442866 0.040283 0.075380
1 0.680859 0.308333 0.049219 0.091667
1 0.694141 0.498611 0.064844 0.111111
1 0.701172 0.622222 0.052344 0.097222
1 0.723047 0.267361 0.044531 0.076389
1 0.739062 0.347917 0.057813 0.093056
1 0.739062 0.348611 0.057813 0.094444
1 0.734745 0.425146 0.043140 0.064697
1 0.759828 0.158766 0.042844 0.076912
1 0.781641 0.521528 0.052344 0.087500
1 0.828356 0.395730 0.044850 0.077985
1 0.848429 0.229555 0.048547 0.093338
3 0.701172 0.622222 0.052344 0.097222
3 0.734745 0.425146 0.043140 0.064697
3 0.781641 0.521528 0.052344 0.087500
4 0.723047 0.267361 0.044531 0.076389
4 0.828526 0.395526 0.044511 0.078392
5 0.646195 0.442962 0.040423 0.075187
5 0.739062 0.347917 0.057813 0.093056
5 0.739062 0.348611 0.057813 0.094444
5 0.848429 0.229555 0.048547 0.093338
7 0.759648 0.157994 0.043203 0.078456
8 0.680859 0.308333 0.049219 0.091667
8 0.694141 0.498611 0.064844 0.111111