1 0.483203 0.390278 0.041406 0.075000
1 0.518889 0.670286 0.046436 0.078517
1 0.530078 0.545139 0.041406 0.073611
1 0.580859 0.527778 0.039844 0.072222
1 0.620703 0.206250 0.044531 0.076389
1 0.628906 0.476389 0.046875 0.086111
1 0.639844 0.613889 0.050000 0.088889
1 0.677734 0.482639 0.041406 0.073611
1 0.716872 0.631472 0.054233 0.086987
1 0.788553 0.623010 0.046332 0.084536
3 0.483203 0.390278 0.041406 0.075000
3 0.620703 0.206250 0.044531 0.076389
3 0.716915 0.632067 0.054148 0.085796
4 0.580859 0.527778 0.039844 0.072222
4 0.639844 0.613889 0.050000 0.088889
4 0.788960 0.622743 0.045518 0.085070
6 0.518889 0.670286 0.046436 0.078517
6 0.677734 0.482639 0.041406 0.073611
7 0.530078 0.545139 0.041406 0.073611
7 0.628906 0.476389 0.046875 0.086111