1 0.690234 0.756944 0.042969 0.077778
1 0.697580 0.495167 0.029839 0.056888
1 0.738478 0.604068 0.030856 0.058531
1 0.744141 0.350000 0.041406 0.066667
1 0.744531 0.541667 0.042188 0.063889
1 0.770703 0.521528 0.038281 0.068056
1 0.794531 0.316667 0.043750 0.066667
1 0.812128 0.492077 0.036682 0.063069
1 0.832031 0.635417 0.040625 0.073611
3 0.690234 0.756944 0.042969 0.077778
3 0.832031 0.635417 0.040625 0.073611
4 0.744141 0.350000 0.041406 0.066667
5 0.811899 0.492672 0.037140 0.061879
6 0.794531 0.316667 0.043750 0.066667
7 0.738429 0.604450 0.030954 0.057766
7 0.744531 0.541667 0.042188 0.063889
8 0.697899 0.495169 0.029201 0.056885
8 0.770703 0.521528 0.038281 0.068056