1 0.417969 0.444444 0.048438 0.086111
1 0.442578 0.624306 0.052344 0.093056
1 0.490587 0.848448 0.041165 0.070882
1 0.532813 0.308333 0.057813 0.100000
1 0.551172 0.455556 0.047656 0.086111
1 0.572656 0.648611 0.042188 0.080556
1 0.596094 0.281250 0.039062 0.070833
1 0.624073 0.174254 0.039832 0.069933
1 0.657031 0.533333 0.062500 0.108333
1 0.701797 0.897770 0.044844 0.087794
1 0.717578 0.550694 0.042969 0.073611
3 0.490587 0.848448 0.041165 0.070882
3 0.717578 0.550694 0.042969 0.073611
4 0.442578 0.624306 0.052344 0.093056
5 0.532813 0.308333 0.057813 0.100000
5 0.657031 0.533333 0.062500 0.108333
7 0.417969 0.444444 0.048438 0.086111
7 0.551172 0.455556 0.047656 0.086111
8 0.572656 0.648611 0.042188 0.080556
8 0.596094 0.281250 0.039062 0.070833
8 0.624073 0.174254 0.039832 0.069933
8 0.701651 0.898003 0.045135 0.087327