1 0.507422 0.193750 0.041406 0.073611
1 0.518359 0.601389 0.060156 0.108333
1 0.602734 0.282639 0.041406 0.079167
1 0.652069 0.383021 0.041852 0.075564
1 0.698828 0.610417 0.047656 0.093056
1 0.708984 0.483333 0.047656 0.091667
1 0.711719 0.381944 0.043750 0.077778
1 0.739844 0.680556 0.051562 0.091667
1 0.738281 0.252083 0.040625 0.070833
1 0.770312 0.356944 0.050000 0.091667
1 0.839453 0.327778 0.044531 0.083333
3 0.507422 0.193750 0.041406 0.073611
3 0.652069 0.383021 0.041852 0.075564
4 0.518359 0.601389 0.060156 0.108333
4 0.770312 0.356944 0.050000 0.091667
5 0.698828 0.610417 0.047656 0.093056
5 0.708984 0.483333 0.047656 0.091667
6 0.711719 0.381944 0.043750 0.077778
7 0.602734 0.282639 0.041406 0.079167
7 0.739844 0.680556 0.051562 0.091667
7 0.738281 0.252083 0.040625 0.070833
7 0.839453 0.327778 0.044531 0.083333