1 0.441406 0.409028 0.032813 0.065278
1 0.453516 0.324306 0.041406 0.073611
1 0.457813 0.454861 0.035937 0.062500
1 0.629687 0.422222 0.039062 0.069444
1 0.639453 0.559722 0.039844 0.063889
1 0.637109 0.335417 0.033594 0.059722
1 0.644922 0.225000 0.036719 0.063889
1 0.668517 0.583000 0.033963 0.064551
1 0.670703 0.506250 0.036719 0.059722
1 0.682031 0.451389 0.039062 0.058333
1 0.704688 0.590278 0.037500 0.069444
1 0.707031 0.501389 0.037500 0.066667
1 0.722656 0.546528 0.039062 0.062500
1 0.753125 0.509722 0.035937 0.061111
1 0.765234 0.365278 0.039844 0.069444
3 0.670703 0.506250 0.036719 0.059722
3 0.704688 0.590278 0.037500 0.069444
3 0.707031 0.501389 0.037500 0.066667
4 0.629687 0.422222 0.039062 0.069444
4 0.765234 0.365278 0.039844 0.069444
5 0.639453 0.559722 0.039844 0.063889
5 0.682031 0.451389 0.039062 0.058333
5 0.753125 0.509722 0.035937 0.061111
6 0.453516 0.324306 0.041406 0.073611
6 0.457813 0.454861 0.035937 0.062500
6 0.722656 0.546528 0.039062 0.062500
7 0.644922 0.225000 0.036719 0.063889
8 0.441406 0.409028 0.032813 0.065278
8 0.637109 0.335417 0.033594 0.059722
8 0.668517 0.583000 0.033963 0.064551