1 0.471094 0.372917 0.043750 0.079167
1 0.539062 0.468750 0.051562 0.087500
1 0.578516 0.534722 0.060156 0.108333
1 0.573438 0.403472 0.046875 0.079167
1 0.574219 0.648611 0.043750 0.083333
1 0.598437 0.273611 0.040625 0.075000
1 0.639844 0.693750 0.040625 0.073611
1 0.667578 0.306250 0.039844 0.068056
1 0.676723 0.634283 0.038736 0.075288
1 0.755930 0.588867 0.037207 0.067171
1 0.766406 0.427778 0.048438 0.086111
3 0.598437 0.273611 0.040625 0.075000
4 0.755930 0.588867 0.037207 0.067171
5 0.766406 0.427778 0.048438 0.086111
6 0.539062 0.468750 0.051562 0.087500
7 0.574219 0.648611 0.043750 0.083333
7 0.667578 0.306250 0.039844 0.068056
8 0.471094 0.372917 0.043750 0.079167
8 0.578516 0.534722 0.060156 0.108333
8 0.573438 0.403472 0.046875 0.079167
8 0.639844 0.693750 0.040625 0.073611
8 0.676723 0.634283 0.038736 0.075288