1 0.523047 0.736806 0.052344 0.095833
1 0.686138 0.498405 0.040292 0.078206
1 0.720313 0.388889 0.043750 0.075000
1 0.760156 0.644444 0.057813 0.100000
1 0.765625 0.354861 0.045312 0.079167
1 0.801972 0.573676 0.046056 0.080426
1 0.823828 0.215278 0.055469 0.094444
1 0.829688 0.693056 0.059375 0.105556
1 0.834375 0.464583 0.043750 0.079167
1 0.917578 0.334722 0.038281 0.072222
3 0.917578 0.334722 0.038281 0.072222
4 0.686138 0.498405 0.040292 0.078206
4 0.829688 0.693056 0.059375 0.105556
5 0.720313 0.388889 0.043750 0.075000
6 0.760156 0.644444 0.057813 0.100000
6 0.834375 0.464583 0.043750 0.079167
7 0.523047 0.736806 0.052344 0.095833
7 0.765625 0.354861 0.045312 0.079167
7 0.823828 0.215278 0.055469 0.094444
8 0.801962 0.573678 0.046077 0.080423