1 0.514844 0.284028 0.060937 0.109722
1 0.571875 0.457639 0.046875 0.087500
1 0.574219 0.638889 0.035937 0.066667
1 0.617969 0.583333 0.050000 0.088889
1 0.619531 0.307639 0.046875 0.087500
1 0.621094 0.411111 0.046875 0.083333
1 0.651563 0.361111 0.051562 0.088889
1 0.799609 0.600000 0.050781 0.088889
4 0.571875 0.457639 0.046875 0.087500
4 0.619531 0.307639 0.046875 0.087500
4 0.799609 0.600000 0.050781 0.088889
6 0.514844 0.284028 0.060937 0.109722
7 0.621094 0.411111 0.046875 0.083333
7 0.651563 0.361111 0.051562 0.088889
8 0.574219 0.638889 0.035937 0.066667
8 0.617969 0.583333 0.050000 0.088889