1 0.613480 0.792524 0.029230 0.054791
1 0.621484 0.484028 0.035156 0.062500
1 0.626563 0.560417 0.037500 0.068056
1 0.647266 0.434722 0.039844 0.069444
1 0.684375 0.418750 0.034375 0.059722
1 0.701172 0.650694 0.035156 0.062500
1 0.723047 0.601389 0.036719 0.061111
1 0.739062 0.117361 0.037500 0.070833
1 0.746094 0.531250 0.034375 0.056944
1 0.763672 0.665278 0.038281 0.069444
1 0.769141 0.218056 0.038281 0.066667
1 0.782422 0.565278 0.039844 0.069444
1 0.807422 0.681250 0.038281 0.065278
1 0.836720 0.396431 0.032809 0.059915
1 0.959766 0.389583 0.038281 0.065278
3 0.621484 0.484028 0.035156 0.062500
3 0.684375 0.418750 0.034375 0.059722
3 0.701172 0.650694 0.035156 0.062500
3 0.807422 0.681250 0.038281 0.065278
3 0.836595 0.396958 0.033059 0.058862
4 0.613480 0.792524 0.029230 0.054791
4 0.739062 0.117361 0.037500 0.070833
5 0.746094 0.531250 0.034375 0.056944
6 0.626563 0.560417 0.037500 0.068056
6 0.723047 0.601389 0.036719 0.061111
7 0.647266 0.434722 0.039844 0.069444
7 0.763672 0.665278 0.038281 0.069444
7 0.782422 0.565278 0.039844 0.069444
8 0.769141 0.218056 0.038281 0.066667
8 0.959766 0.389583 0.038281 0.065278