1 0.651953 0.497222 0.047656 0.091667
1 0.652799 0.637237 0.038184 0.073872
1 0.685053 0.745092 0.045518 0.087594
1 0.702196 0.464584 0.040921 0.073609
1 0.785578 0.346693 0.047595 0.084392
1 0.793835 0.465216 0.046705 0.086234
1 0.798102 0.555268 0.046082 0.090956
1 0.853516 0.250694 0.044531 0.079167
1 0.871419 0.597625 0.058724 0.104751
1 0.883837 0.496665 0.044825 0.087226
1 0.926172 0.644444 0.044531 0.077778
3 0.652799 0.637237 0.038184 0.073872
3 0.883551 0.496582 0.045398 0.087392
4 0.702302 0.464720 0.040709 0.073338
5 0.651953 0.497222 0.047656 0.091667
5 0.794046 0.464466 0.046283 0.087734
5 0.871080 0.597763 0.059403 0.104474
6 0.785859 0.346311 0.047031 0.085156
7 0.685017 0.745602 0.045591 0.086573
8 0.798102 0.555268 0.046082 0.090956
8 0.853516 0.250694 0.044531 0.079167
8 0.926172 0.644444 0.044531 0.077778