1 0.420312 0.516667 0.040625 0.072222
1 0.582720 0.354194 0.040518 0.063949
1 0.633235 0.798184 0.061654 0.109188
1 0.639075 0.516340 0.045288 0.078432
1 0.692427 0.436454 0.043271 0.077091
1 0.713628 0.722487 0.050869 0.088360
1 0.731079 0.515442 0.045654 0.085783
3 0.639075 0.516340 0.045288 0.078432
4 0.633235 0.798184 0.061654 0.109188
4 0.713628 0.722487 0.050869 0.088360
6 0.420312 0.516667 0.040625 0.072222
6 0.582720 0.354194 0.040518 0.063949
6 0.692642 0.436381 0.042840 0.077238
6 0.731079 0.515442 0.045654 0.085783