1 0.381611 0.549152 0.039631 0.080232
1 0.523828 0.652083 0.046094 0.084722
1 0.573828 0.401389 0.060156 0.105556
1 0.594141 0.300000 0.044531 0.080556
1 0.629820 0.516352 0.040360 0.070074
1 0.640929 0.653130 0.047470 0.081266
1 0.691016 0.259722 0.044531 0.077778
1 0.750781 0.247222 0.046875 0.075000
1 0.780859 0.106250 0.046094 0.081944
1 0.791016 0.308333 0.042969 0.075000
1 0.809373 0.421605 0.045317 0.076234
3 0.523828 0.652083 0.046094 0.084722
3 0.594141 0.300000 0.044531 0.080556
5 0.381494 0.549298 0.039850 0.079589
5 0.629926 0.516432 0.040147 0.069913
5 0.791016 0.308333 0.042969 0.075000
5 0.809434 0.421814 0.045357 0.075816
7 0.691016 0.259722 0.044531 0.077778
8 0.573828 0.401389 0.060156 0.105556
8 0.640929 0.653130 0.047470 0.081266
8 0.750781 0.247222 0.046875 0.075000
8 0.780859 0.106250 0.046094 0.081944