1 0.601953 0.495139 0.046094 0.087500
1 0.604887 0.835529 0.043351 0.070608
1 0.610156 0.370139 0.040625 0.073611
1 0.616960 0.707845 0.049533 0.089274
1 0.619531 0.254861 0.042188 0.079167
1 0.636719 0.629167 0.051562 0.094444
1 0.668430 0.690299 0.052716 0.094689
1 0.681241 0.377582 0.054810 0.093951
1 0.691816 0.819503 0.050743 0.083215
1 0.709635 0.261149 0.054858 0.090771
1 0.728125 0.395833 0.040625 0.075000
3 0.601953 0.495139 0.046094 0.087500
3 0.604988 0.835520 0.043149 0.070627
3 0.619531 0.254861 0.042188 0.079167
3 0.681241 0.377582 0.054810 0.093951
6 0.691674 0.820135 0.051027 0.081951
6 0.709635 0.261149 0.054858 0.090771
6 0.728125 0.395833 0.040625 0.075000
7 0.636719 0.629167 0.051562 0.094444
8 0.610156 0.370139 0.040625 0.073611
8 0.616960 0.707845 0.049533 0.089274
8 0.668430 0.690299 0.052716 0.094689