1 0.679688 0.400000 0.057813 0.105556
1 0.677344 0.622917 0.042188 0.070833
1 0.739453 0.330556 0.044531 0.075000
1 0.737109 0.420139 0.039844 0.076389
1 0.742188 0.569444 0.042188 0.069444
1 0.797656 0.269444 0.060937 0.102778
1 0.798828 0.534028 0.061719 0.106944
1 0.794297 0.693915 0.049487 0.084549
1 0.851562 0.245139 0.045312 0.076389
1 0.872266 0.434028 0.039844 0.068056
3 0.797656 0.269444 0.060937 0.102778
4 0.679688 0.400000 0.057813 0.105556
4 0.794297 0.693915 0.049487 0.084549
5 0.677344 0.622917 0.042188 0.070833
5 0.798828 0.534028 0.061719 0.106944
6 0.737109 0.420139 0.039844 0.076389
6 0.742188 0.569444 0.042188 0.069444
6 0.872266 0.434028 0.039844 0.068056
7 0.739453 0.330556 0.044531 0.075000
7 0.851562 0.245139 0.045312 0.076389