1 0.520312 0.790278 0.043750 0.083333
1 0.525000 0.104861 0.048438 0.090278
1 0.543750 0.441667 0.045312 0.083333
1 0.657422 0.856944 0.042969 0.080556
1 0.689063 0.622222 0.043750 0.080556
1 0.710156 0.273611 0.067187 0.116667
1 0.737500 0.664583 0.051562 0.090278
1 0.735938 0.361111 0.043750 0.077778
1 0.764453 0.258333 0.041406 0.066667
1 0.783594 0.335417 0.056250 0.090278
1 0.792188 0.717361 0.050000 0.084722
3 0.543750 0.441667 0.045312 0.083333
3 0.764453 0.258333 0.041406 0.066667
4 0.520312 0.790278 0.043750 0.083333
4 0.710156 0.273611 0.067187 0.116667
4 0.737500 0.664583 0.051562 0.090278
5 0.657422 0.856944 0.042969 0.080556
6 0.735938 0.361111 0.043750 0.077778
6 0.783594 0.335417 0.056250 0.090278
6 0.792188 0.717361 0.050000 0.084722
8 0.525000 0.104861 0.048438 0.090278
8 0.689063 0.622222 0.043750 0.080556