1 0.511719 0.494444 0.037500 0.069444
1 0.595313 0.250694 0.040625 0.073611
1 0.684375 0.551389 0.039062 0.072222
1 0.685834 0.663520 0.034583 0.059071
1 0.700781 0.396528 0.039062 0.070833
1 0.709171 0.849569 0.036346 0.059196
1 0.721094 0.297917 0.040625 0.070833
1 0.719141 0.741667 0.033594 0.061111
1 0.721484 0.670139 0.033594 0.062500
1 0.737891 0.358333 0.041406 0.069444
1 0.735928 0.603405 0.034393 0.062635
1 0.758594 0.718056 0.042188 0.069444
1 0.758203 0.479167 0.038281 0.061111
1 0.864350 0.268397 0.035223 0.055789
1 0.947656 0.238194 0.043750 0.065278
3 0.708797 0.849963 0.037094 0.058407
3 0.947656 0.238194 0.043750 0.065278
4 0.684375 0.551389 0.039062 0.072222
5 0.511719 0.494444 0.037500 0.069444
5 0.700781 0.396528 0.039062 0.070833
5 0.758203 0.479167 0.038281 0.061111
6 0.721484 0.670139 0.033594 0.062500
6 0.758594 0.718056 0.042188 0.069444
7 0.595313 0.250694 0.040625 0.073611
7 0.719141 0.741667 0.033594 0.061111
7 0.737891 0.358333 0.041406 0.069444
7 0.864350 0.268397 0.035223 0.055789
8 0.685901 0.663512 0.034447 0.059087
8 0.721094 0.297917 0.040625 0.070833
8 0.735998 0.604617 0.034254 0.060211