1 0.516016 0.360417 0.050781 0.093056
1 0.594141 0.345139 0.041406 0.073611
1 0.600000 0.425694 0.045312 0.081944
1 0.611719 0.560417 0.045312 0.081944
1 0.622656 0.629861 0.039062 0.068056
1 0.647656 0.270139 0.057813 0.098611
1 0.686719 0.388194 0.062500 0.104167
1 0.739062 0.571528 0.054688 0.093056
1 0.746784 0.400532 0.056946 0.093712
1 0.745313 0.668056 0.048438 0.088889
1 0.942995 0.654910 0.044449 0.080800
3 0.686719 0.388194 0.062500 0.104167
3 0.745313 0.668056 0.048438 0.088889
3 0.942995 0.654910 0.044449 0.080800
6 0.516016 0.360417 0.050781 0.093056
6 0.594141 0.345139 0.041406 0.073611
6 0.647656 0.270139 0.057813 0.098611
6 0.746784 0.400532 0.056946 0.093712
8 0.600000 0.425694 0.045312 0.081944
8 0.611719 0.560417 0.045312 0.081944
8 0.622656 0.629861 0.039062 0.068056
8 0.739062 0.571528 0.054688 0.093056