1 0.446094 0.632639 0.048438 0.084722
1 0.454297 0.459722 0.041406 0.072222
1 0.507422 0.572222 0.050781 0.091667
1 0.525356 0.656947 0.034637 0.060774
1 0.554006 0.475745 0.035738 0.070732
1 0.575781 0.650000 0.046875 0.083333
1 0.594531 0.386111 0.060937 0.108333
1 0.666016 0.394444 0.044531 0.080556
1 0.746805 0.860844 0.040765 0.075534
1 0.787649 0.439420 0.045577 0.083726
3 0.553843 0.476095 0.036064 0.070032
4 0.454297 0.459722 0.041406 0.072222
4 0.525356 0.656947 0.034637 0.060774
4 0.594531 0.386111 0.060937 0.108333
5 0.666016 0.394444 0.044531 0.080556
5 0.787649 0.439420 0.045577 0.083726
6 0.446094 0.632639 0.048438 0.084722
6 0.507422 0.572222 0.050781 0.091667
7 0.575781 0.650000 0.046875 0.083333
7 0.746833 0.860622 0.040709 0.075978