1 0.661965 0.690114 0.046500 0.087686
1 0.714288 0.874063 0.043298 0.074097
1 0.730684 0.427961 0.038633 0.071856
1 0.753536 0.287050 0.047983 0.081863
1 0.791352 0.678555 0.053887 0.088217
1 0.816330 0.549227 0.062652 0.109880
1 0.843739 0.719363 0.043600 0.075814
1 0.848587 0.415245 0.052283 0.092008
1 0.957578 0.778944 0.047015 0.085162
3 0.662118 0.690357 0.046608 0.088126
3 0.753536 0.287050 0.047983 0.081863
4 0.816155 0.548915 0.063002 0.110502
5 0.730701 0.427688 0.038597 0.072401
5 0.843739 0.719363 0.043600 0.075814
5 0.957578 0.778944 0.047015 0.085162
6 0.714536 0.874100 0.042803 0.074022
6 0.791352 0.678555 0.053887 0.088217
6 0.848587 0.415245 0.052283 0.092008