1 0.533984 0.320139 0.046094 0.084722
1 0.557422 0.561111 0.039844 0.052778
1 0.598047 0.739583 0.042969 0.084722
1 0.637109 0.311806 0.042969 0.076389
1 0.646484 0.499306 0.050781 0.090278
1 0.675781 0.678472 0.035937 0.065278
1 0.689453 0.383333 0.046094 0.077778
1 0.736328 0.452778 0.064844 0.113889
3 0.533984 0.320139 0.046094 0.084722
3 0.598047 0.739583 0.042969 0.084722
3 0.646484 0.499306 0.050781 0.090278
5 0.736328 0.452778 0.064844 0.113889
6 0.637109 0.311806 0.042969 0.076389
6 0.675781 0.678472 0.035937 0.065278
7 0.557422 0.561111 0.039844 0.052778
7 0.689453 0.383333 0.046094 0.077778