1 0.545312 0.492361 0.050000 0.090278
1 0.602344 0.315972 0.064062 0.115278
1 0.600391 0.558333 0.052344 0.097222
1 0.601172 0.682639 0.047656 0.090278
1 0.630469 0.427083 0.035937 0.068056
1 0.664453 0.313889 0.044531 0.075000
1 0.677344 0.552083 0.053125 0.090278
1 0.676953 0.383333 0.038281 0.066667
1 0.687500 0.631944 0.053125 0.088889
1 0.729473 0.240275 0.055374 0.095942
1 0.731706 0.351180 0.055466 0.097678
3 0.630469 0.427083 0.035937 0.068056
3 0.687500 0.631944 0.053125 0.088889
4 0.664453 0.313889 0.044531 0.075000
5 0.676953 0.383333 0.038281 0.066667
5 0.729473 0.240275 0.055374 0.095942
5 0.731706 0.351180 0.055466 0.097678
6 0.600391 0.558333 0.052344 0.097222
6 0.677344 0.552083 0.053125 0.090278
7 0.602344 0.315972 0.064062 0.115278
8 0.545312 0.492361 0.050000 0.090278
8 0.601172 0.682639 0.047656 0.090278