1 0.393750 0.397917 0.050000 0.081944
1 0.404288 0.472521 0.049066 0.080941
1 0.445703 0.430556 0.049219 0.086111
1 0.462500 0.227778 0.045312 0.083333
1 0.553906 0.493750 0.045312 0.076389
1 0.559766 0.638194 0.057031 0.104167
1 0.619922 0.593750 0.047656 0.084722
1 0.630859 0.149306 0.061719 0.104167
1 0.642578 0.665278 0.050781 0.086111
1 0.668359 0.400000 0.046094 0.080556
1 0.708594 0.422917 0.050000 0.090278
3 0.393750 0.397917 0.050000 0.081944
4 0.404288 0.472521 0.049066 0.080941
4 0.445703 0.430556 0.049219 0.086111
4 0.630859 0.149306 0.061719 0.104167
4 0.668359 0.400000 0.046094 0.080556
5 0.619922 0.593750 0.047656 0.084722
6 0.642578 0.665278 0.050781 0.086111
6 0.708594 0.422917 0.050000 0.090278
7 0.553906 0.493750 0.045312 0.076389
7 0.559766 0.638194 0.057031 0.104167
8 0.462500 0.227778 0.045312 0.083333