1 0.328906 0.435417 0.032813 0.056944
1 0.335057 0.370823 0.037301 0.063869
1 0.384140 0.668168 0.030916 0.053136
1 0.418632 0.520074 0.031013 0.054036
1 0.437891 0.564583 0.033594 0.059722
1 0.474219 0.541667 0.035937 0.061111
1 0.488371 0.413764 0.036117 0.060862
1 0.500829 0.492773 0.034879 0.059001
1 0.529576 0.568808 0.036161 0.062385
1 0.531432 0.418595 0.032419 0.052951
1 0.542578 0.368056 0.033594 0.058333
1 0.590625 0.426389 0.032813 0.055556
1 0.599524 0.475244 0.028436 0.052762
1 0.604688 0.611111 0.031250 0.058333
1 0.668486 0.528966 0.030814 0.054834
1 0.728837 0.333756 0.032951 0.060265
1 0.729305 0.646515 0.033577 0.059749
1 0.741045 0.534530 0.031973 0.050384
3 0.384374 0.668525 0.030664 0.052051
3 0.474219 0.541667 0.035937 0.061111
3 0.529815 0.569217 0.035682 0.061566
3 0.604688 0.611111 0.031250 0.058333
3 0.741366 0.534439 0.031330 0.050566
4 0.487934 0.413604 0.035242 0.060540
4 0.542578 0.368056 0.033594 0.058333
4 0.729253 0.647354 0.033681 0.058069
5 0.328906 0.435417 0.032813 0.056944
5 0.334755 0.370859 0.036698 0.063941
6 0.418441 0.519900 0.030631 0.053689
6 0.500829 0.492773 0.034879 0.059001
6 0.590625 0.426389 0.032813 0.055556
7 0.437891 0.564583 0.033594 0.059722
7 0.599524 0.475244 0.028436 0.052762
7 0.728804 0.333129 0.033017 0.061519
8 0.531432 0.418595 0.032419 0.052951
8 0.668486 0.528966 0.030814 0.054834