1 0.385937 0.433333 0.037500 0.063889
1 0.448437 0.605556 0.042188 0.077778
1 0.468750 0.538194 0.039062 0.070833
1 0.501853 0.503659 0.039417 0.071126
1 0.505859 0.363889 0.044531 0.080556
1 0.523828 0.304861 0.036719 0.065278
1 0.560547 0.534028 0.036719 0.068056
1 0.590234 0.335417 0.042969 0.073611
1 0.601953 0.626389 0.044531 0.077778
1 0.624219 0.734028 0.045312 0.081944
1 0.641016 0.500000 0.038281 0.066667
1 0.710547 0.544444 0.041406 0.066667
3 0.505859 0.363889 0.044531 0.080556
3 0.601953 0.626389 0.044531 0.077778
4 0.501853 0.503659 0.039417 0.071126
4 0.523828 0.304861 0.036719 0.065278
4 0.624219 0.734028 0.045312 0.081944
5 0.710547 0.544444 0.041406 0.066667
6 0.385937 0.433333 0.037500 0.063889
6 0.560547 0.534028 0.036719 0.068056
7 0.641016 0.500000 0.038281 0.066667
8 0.448437 0.605556 0.042188 0.077778
8 0.468750 0.538194 0.039062 0.070833
8 0.590234 0.335417 0.042969 0.073611