1 0.146996 0.379340 0.031491 0.053124
1 0.155144 0.433138 0.030600 0.057942
1 0.197656 0.293750 0.031250 0.054167
1 0.218161 0.394044 0.034759 0.065866
1 0.226562 0.243750 0.032813 0.056944
1 0.290625 0.370833 0.034375 0.058333
1 0.332813 0.303472 0.040625 0.065278
1 0.344141 0.360417 0.033594 0.056944
1 0.400781 0.197917 0.032813 0.056944
1 0.432621 0.368211 0.029660 0.054428
1 0.466016 0.619444 0.030469 0.058333
1 0.489063 0.222917 0.031250 0.056944
1 0.490880 0.694916 0.031632 0.054015
1 0.536941 0.430126 0.030133 0.054696
1 0.572656 0.293750 0.031250 0.056944
1 0.627734 0.484722 0.038281 0.066667
1 0.645703 0.357639 0.035156 0.056944
1 0.653516 0.535417 0.035156 0.062500
3 0.146768 0.379664 0.031036 0.053772
3 0.154909 0.433384 0.030131 0.058435
3 0.490880 0.694916 0.031632 0.054015
3 0.572656 0.293750 0.031250 0.056944
4 0.217857 0.394418 0.034151 0.066613
4 0.400781 0.197917 0.032813 0.056944
4 0.466016 0.619444 0.030469 0.058333
4 0.537265 0.429947 0.030780 0.054339
4 0.653516 0.535417 0.035156 0.062500
5 0.332813 0.303472 0.040625 0.065278
5 0.432621 0.368211 0.029660 0.054428
5 0.627734 0.484722 0.038281 0.066667
6 0.197656 0.293750 0.031250 0.054167
6 0.226562 0.243750 0.032813 0.056944
6 0.344141 0.360417 0.033594 0.056944
6 0.645703 0.357639 0.035156 0.056944
7 0.290625 0.370833 0.034375 0.058333
7 0.489063 0.222917 0.031250 0.056944