1 0.152734 0.390972 0.033594 0.054167
1 0.169047 0.346064 0.031843 0.056016
1 0.212246 0.493838 0.032305 0.062676
1 0.230021 0.545861 0.029477 0.057001
1 0.248244 0.471265 0.037114 0.070307
1 0.262596 0.539598 0.036018 0.063674
1 0.340234 0.375694 0.032031 0.054167
1 0.383281 0.381441 0.030625 0.054550
1 0.416603 0.639618 0.031616 0.056242
1 0.432803 0.326781 0.034170 0.064239
1 0.477344 0.231944 0.035937 0.063889
1 0.482157 0.681842 0.029593 0.052077
1 0.533405 0.515704 0.028934 0.052680
1 0.597266 0.440278 0.033594 0.061111
1 0.632422 0.426389 0.033594 0.058333
1 0.633594 0.366667 0.034375 0.055556
1 0.658984 0.400000 0.035156 0.063889
1 0.751172 0.338889 0.036719 0.061111
3 0.212151 0.493680 0.032115 0.062361
3 0.432803 0.326781 0.034170 0.064239
3 0.482249 0.682927 0.030070 0.052746
3 0.533405 0.515704 0.028934 0.052680
3 0.633594 0.366667 0.034375 0.055556
4 0.168642 0.345872 0.031034 0.055633
4 0.416303 0.639537 0.031749 0.055384
4 0.632422 0.426389 0.033594 0.058333
5 0.248105 0.470542 0.036834 0.068861
5 0.658984 0.400000 0.035156 0.063889
6 0.262596 0.539598 0.036018 0.063674
6 0.340234 0.375694 0.032031 0.054167
6 0.382986 0.381631 0.030034 0.054930
6 0.751172 0.338889 0.036719 0.061111
7 0.152734 0.390972 0.033594 0.054167
7 0.230070 0.546318 0.029574 0.057916
7 0.477344 0.231944 0.035937 0.063889
7 0.597266 0.440278 0.033594 0.061111