1 0.403175 0.489779 0.030192 0.050649
1 0.446094 0.581250 0.032813 0.062500
1 0.453125 0.441667 0.031250 0.052778
1 0.494531 0.392361 0.029687 0.051389
1 0.505859 0.496528 0.025781 0.045833
1 0.524818 0.381668 0.032862 0.055362
1 0.525781 0.447917 0.029687 0.051389
1 0.526953 0.543750 0.032031 0.059722
1 0.558203 0.470139 0.032031 0.056944
1 0.567578 0.395833 0.033594 0.058333
1 0.574609 0.670833 0.032031 0.058333
1 0.589063 0.464583 0.032813 0.059722
1 0.616907 0.426250 0.033373 0.061388
1 0.648609 0.540472 0.030907 0.060723
1 0.652060 0.292340 0.030476 0.049557
1 0.683840 0.376679 0.037008 0.066086
1 0.693258 0.463336 0.033797 0.059439
1 0.694141 0.529861 0.033594 0.059722
4 0.524818 0.381668 0.032862 0.055362
4 0.574609 0.670833 0.032031 0.058333
4 0.651853 0.291597 0.028909 0.050249
5 0.403175 0.489779 0.030192 0.050649
5 0.505859 0.496528 0.025781 0.045833
5 0.567578 0.395833 0.033594 0.058333
5 0.693301 0.463717 0.033711 0.058677
6 0.446094 0.581250 0.032813 0.062500
6 0.453125 0.441667 0.031250 0.052778
6 0.494531 0.392361 0.029687 0.051389
6 0.648990 0.540650 0.030145 0.060366
7 0.526953 0.543750 0.032031 0.059722
7 0.558203 0.470139 0.032031 0.056944
7 0.616974 0.425338 0.033240 0.063212
7 0.694141 0.529861 0.033594 0.059722
8 0.525781 0.447917 0.029687 0.051389
8 0.589063 0.464583 0.032813 0.059722
8 0.684049 0.376602 0.036590 0.066239