1 0.423438 0.504167 0.042188 0.072222
1 0.449609 0.393056 0.033594 0.061111
1 0.456641 0.540278 0.041406 0.072222
1 0.485547 0.350000 0.041406 0.075000
1 0.510547 0.537500 0.038281 0.066667
1 0.518359 0.596528 0.041406 0.073611
1 0.535547 0.486806 0.038281 0.070833
1 0.547266 0.415972 0.036719 0.059722
1 0.553125 0.354167 0.034375 0.055556
1 0.572656 0.544444 0.042188 0.075000
1 0.603516 0.434028 0.042969 0.079167
1 0.603906 0.602083 0.037500 0.068056
3 0.449609 0.393056 0.033594 0.061111
3 0.553125 0.354167 0.034375 0.055556
3 0.572656 0.544444 0.042188 0.075000
4 0.510547 0.537500 0.038281 0.066667
4 0.518359 0.596528 0.041406 0.073611
4 0.535547 0.486806 0.038281 0.070833
5 0.485547 0.350000 0.041406 0.075000
6 0.423438 0.504167 0.042188 0.072222
6 0.456641 0.540278 0.041406 0.072222
6 0.603516 0.434028 0.042969 0.079167
7 0.547266 0.415972 0.036719 0.059722
8 0.603906 0.602083 0.037500 0.068056