1 0.223047 0.640972 0.036719 0.056944
1 0.270703 0.627083 0.036719 0.056944
1 0.302734 0.611111 0.038281 0.066667
1 0.367969 0.593750 0.031250 0.051389
1 0.376691 0.770063 0.032555 0.054319
1 0.483203 0.499306 0.035156 0.065278
1 0.498828 0.371528 0.030469 0.054167
1 0.519888 0.593006 0.030536 0.052877
1 0.541016 0.770833 0.035156 0.066667
1 0.541406 0.460417 0.032813 0.056944
1 0.558635 0.621004 0.035294 0.059039
1 0.570703 0.490972 0.030469 0.054167
1 0.577734 0.713889 0.036719 0.063889
1 0.599219 0.575000 0.031250 0.047222
1 0.605469 0.631944 0.037500 0.066667
4 0.223047 0.640972 0.036719 0.056944
5 0.498828 0.371528 0.030469 0.054167
5 0.570703 0.490972 0.030469 0.054167
5 0.577734 0.713889 0.036719 0.063889
6 0.270703 0.627083 0.036719 0.056944
6 0.367969 0.593750 0.031250 0.051389
6 0.541016 0.770833 0.035156 0.066667
6 0.541406 0.460417 0.032813 0.056944
6 0.558635 0.621004 0.035294 0.059039
6 0.599219 0.575000 0.031250 0.047222
6 0.605469 0.631944 0.037500 0.066667
7 0.519888 0.593241 0.030536 0.052408
8 0.302734 0.611111 0.038281 0.066667
8 0.376584 0.771013 0.032769 0.052418
8 0.483203 0.499306 0.035156 0.065278