1 0.384375 0.610417 0.039062 0.068056
1 0.442188 0.552778 0.035937 0.063889
1 0.448828 0.459028 0.042969 0.079167
1 0.513281 0.480556 0.045312 0.077778
1 0.518359 0.619444 0.041406 0.072222
1 0.554688 0.695833 0.042188 0.072222
1 0.580078 0.638194 0.042969 0.073611
1 0.582422 0.569444 0.044531 0.075000
1 0.578364 0.487504 0.033897 0.058326
1 0.596875 0.378472 0.045312 0.076389
1 0.662630 0.703010 0.043490 0.077314
1 0.686904 0.559859 0.044943 0.071948
3 0.384375 0.610417 0.039062 0.068056
3 0.596875 0.378472 0.045312 0.076389
4 0.442188 0.552778 0.035937 0.063889
6 0.513281 0.480556 0.045312 0.077778
7 0.448828 0.459028 0.042969 0.079167
7 0.518359 0.619444 0.041406 0.072222
7 0.580078 0.638194 0.042969 0.073611
7 0.582422 0.569444 0.044531 0.075000
7 0.662630 0.703010 0.043490 0.077314
7 0.686904 0.559859 0.044943 0.071948
8 0.554688 0.695833 0.042188 0.072222
8 0.578796 0.487318 0.033188 0.058698