1 0.458203 0.430556 0.044531 0.077778
1 0.482812 0.620833 0.037500 0.066667
1 0.504297 0.402778 0.035156 0.063889
1 0.513281 0.481250 0.042188 0.073611
1 0.514453 0.230556 0.041406 0.077778
1 0.551172 0.506250 0.041406 0.070833
1 0.576953 0.549306 0.041406 0.073611
1 0.606641 0.455556 0.042969 0.072222
1 0.610156 0.577778 0.037500 0.063889
1 0.649219 0.506944 0.042188 0.069444
1 0.652734 0.627778 0.039844 0.069444
1 0.689063 0.563889 0.043750 0.069444
3 0.652734 0.627778 0.039844 0.069444
4 0.482812 0.620833 0.037500 0.066667
5 0.551172 0.506250 0.041406 0.070833
5 0.576953 0.549306 0.041406 0.073611
5 0.649219 0.506944 0.042188 0.069444
6 0.458203 0.430556 0.044531 0.077778
6 0.606641 0.455556 0.042969 0.072222
7 0.610156 0.577778 0.037500 0.063889
8 0.504297 0.402778 0.035156 0.063889
8 0.513281 0.481250 0.042188 0.073611
8 0.514453 0.230556 0.041406 0.077778
8 0.689063 0.563889 0.043750 0.069444