1 0.446875 0.652778 0.037500 0.066667
1 0.463281 0.418750 0.035937 0.062500
1 0.496094 0.425000 0.031250 0.058333
1 0.501563 0.536111 0.034375 0.063889
1 0.533594 0.528472 0.029687 0.051389
1 0.539844 0.459722 0.034375 0.063889
1 0.555158 0.376997 0.027157 0.045028
1 0.586719 0.716667 0.031250 0.061111
1 0.600391 0.396528 0.032031 0.056944
1 0.615234 0.653472 0.036719 0.062500
1 0.636919 0.556597 0.032413 0.059029
1 0.635550 0.278521 0.029507 0.053628
1 0.653347 0.721938 0.028063 0.052557
1 0.669187 0.590894 0.034827 0.063574
1 0.722292 0.574221 0.025552 0.043190
3 0.615234 0.653472 0.036719 0.062500
3 0.652906 0.722145 0.028132 0.052124
4 0.533594 0.528472 0.029687 0.051389
4 0.586719 0.716667 0.031250 0.061111
4 0.600391 0.396528 0.032031 0.056944
5 0.463281 0.418750 0.035937 0.062500
5 0.539844 0.459722 0.034375 0.063889
6 0.501563 0.536111 0.034375 0.063889
6 0.636829 0.557030 0.032593 0.058162
7 0.446875 0.652778 0.037500 0.066667
7 0.496094 0.425000 0.031250 0.058333
7 0.555205 0.377478 0.027567 0.045834
7 0.635759 0.278300 0.030440 0.053479
8 0.669187 0.590894 0.034827 0.063574
8 0.722361 0.574914 0.024785 0.041932