1 0.160129 0.355731 0.028071 0.055907
1 0.202828 0.515071 0.030656 0.055141
1 0.231029 0.469576 0.030807 0.053042
1 0.296085 0.286003 0.034358 0.063673
1 0.293548 0.631359 0.029284 0.057162
1 0.309725 0.190833 0.036638 0.067777
1 0.325603 0.325318 0.029331 0.053414
1 0.359734 0.632018 0.027796 0.049426
1 0.460156 0.390972 0.032813 0.059722
1 0.461719 0.564583 0.035937 0.065278
1 0.489844 0.324306 0.029687 0.054167
1 0.495703 0.572917 0.032031 0.056944
1 0.502344 0.415278 0.031250 0.055556
1 0.534766 0.415278 0.036719 0.066667
1 0.589844 0.563889 0.037500 0.069444
1 0.611719 0.357639 0.034375 0.062500
1 0.686719 0.583333 0.034375 0.058333
1 0.733360 0.482286 0.030154 0.060428
3 0.296185 0.285693 0.034558 0.063053
3 0.686719 0.583333 0.034375 0.058333
4 0.202768 0.514609 0.030536 0.054219
4 0.495703 0.572917 0.032031 0.056944
4 0.589844 0.563889 0.037500 0.069444
4 0.733378 0.482382 0.030120 0.060235
5 0.359426 0.632154 0.028181 0.049903
5 0.489844 0.324306 0.029687 0.054167
6 0.230951 0.469706 0.030651 0.053301
6 0.293676 0.631359 0.029539 0.057162
6 0.309400 0.190833 0.035987 0.067777
6 0.611719 0.357639 0.034375 0.062500
7 0.159904 0.354934 0.027620 0.054312
7 0.325330 0.325318 0.028786 0.053414
7 0.460156 0.390972 0.032813 0.059722
7 0.461719 0.564583 0.035937 0.065278
7 0.534766 0.415278 0.036719 0.066667
8 0.502344 0.415278 0.031250 0.055556