1 0.398047 0.400000 0.044531 0.075000
1 0.407813 0.469444 0.040625 0.072222
1 0.435547 0.577778 0.038281 0.066667
1 0.451172 0.468750 0.041406 0.073611
1 0.506641 0.481944 0.039844 0.069444
1 0.508594 0.412500 0.037500 0.058333
1 0.513394 0.612622 0.035309 0.062359
1 0.530078 0.545833 0.044531 0.075000
1 0.548589 0.489849 0.038815 0.072521
1 0.546484 0.611806 0.032031 0.059722
1 0.635156 0.531250 0.046875 0.081944
1 0.642188 0.622222 0.040625 0.072222
3 0.398047 0.400000 0.044531 0.075000
3 0.508594 0.412500 0.037500 0.058333
3 0.513394 0.612622 0.035309 0.062359
4 0.407813 0.469444 0.040625 0.072222
4 0.506641 0.481944 0.039844 0.069444
4 0.635156 0.531250 0.046875 0.081944
6 0.435547 0.577778 0.038281 0.066667
7 0.548589 0.489849 0.038815 0.072521
8 0.451172 0.468750 0.041406 0.073611
8 0.530078 0.545833 0.044531 0.075000
8 0.546484 0.611806 0.032031 0.059722
8 0.642188 0.622222 0.040625 0.072222