1 0.334532 0.322263 0.030063 0.051964
1 0.369922 0.289583 0.035156 0.056944
1 0.378516 0.429861 0.032031 0.056944
1 0.437500 0.463194 0.031250 0.054167
1 0.467578 0.541667 0.036719 0.066667
1 0.506346 0.600439 0.031363 0.059283
1 0.537500 0.472222 0.035937 0.066667
1 0.552344 0.659028 0.029687 0.054167
1 0.560937 0.352083 0.037500 0.065278
1 0.557813 0.436111 0.031250 0.050000
1 0.577716 0.394740 0.034381 0.059701
1 0.598828 0.518750 0.027344 0.054167
1 0.613825 0.686705 0.035443 0.064214
1 0.642188 0.580556 0.035937 0.063889
1 0.644922 0.488194 0.035156 0.059722
1 0.672266 0.554861 0.035156 0.062500
1 0.722656 0.611111 0.035937 0.061111
3 0.334532 0.322263 0.030063 0.051964
3 0.378516 0.429861 0.032031 0.056944
3 0.557813 0.436111 0.031250 0.050000
3 0.642188 0.580556 0.035937 0.063889
4 0.537500 0.472222 0.035937 0.066667
4 0.577716 0.394740 0.034381 0.059701
4 0.598828 0.518750 0.027344 0.054167
4 0.722656 0.611111 0.035937 0.061111
5 0.437500 0.463194 0.031250 0.054167
5 0.467578 0.541667 0.036719 0.066667
5 0.560937 0.352083 0.037500 0.065278
5 0.644922 0.488194 0.035156 0.059722
6 0.552344 0.659135 0.029687 0.054167
7 0.672266 0.554861 0.035156 0.062500
8 0.369922 0.289583 0.035156 0.056944
8 0.506346 0.600439 0.031363 0.059283
8 0.613825 0.686705 0.035443 0.064214