0 0.330078 0.211111 0.047656 0.105556
0 0.337500 0.340972 0.042188 0.104167
0 0.402734 0.229167 0.047656 0.108333
0 0.409766 0.530556 0.044531 0.105556
0 0.420312 0.671528 0.064062 0.101389
0 0.427344 0.381250 0.050000 0.109722
0 0.469141 0.529167 0.052344 0.111111
0 0.466406 0.227778 0.045312 0.105556
0 0.478516 0.659722 0.052344 0.113889
0 0.499219 0.371528 0.060937 0.118056
0 0.518359 0.234028 0.049219 0.109722
0 0.524219 0.523611 0.040625 0.102778
0 0.537891 0.754167 0.064844 0.108333
0 0.558984 0.360417 0.039844 0.101389
0 0.573438 0.665972 0.056250 0.118056
0 0.578906 0.509722 0.043750 0.105556
0 0.579688 0.206944 0.043750 0.105556
0 0.618750 0.752778 0.065625 0.102778
0 0.614062 0.343056 0.051562 0.111111
0 0.628906 0.629861 0.056250 0.115278
0 0.629687 0.490278 0.045312 0.105556
0 0.630859 0.204861 0.046094 0.106944
0 0.686719 0.708333 0.065625 0.100000
0 0.683203 0.191667 0.044531 0.102778
0 0.683594 0.330556 0.042188 0.102778
0 0.698438 0.447222 0.059375 0.075000
0 0.701562 0.580556 0.051562 0.111111
0 0.757422 0.197222 0.046094 0.105556
0 0.758594 0.607639 0.046875 0.106944
0 0.771875 0.329167 0.048438 0.111111
0 0.775000 0.437500 0.050000 0.108333
1 0.330078 0.211111 0.047656 0.105556
1 0.337500 0.340972 0.042188 0.104167
1 0.402734 0.229167 0.047656 0.108333
1 0.409766 0.530556 0.044531 0.105556
1 0.420312 0.671528 0.064062 0.101389
1 0.427344 0.381250 0.050000 0.109722
1 0.469141 0.529167 0.052344 0.111111
1 0.466406 0.227778 0.045312 0.105556
1 0.478516 0.659722 0.052344 0.113889
1 0.499219 0.371528 0.060937 0.118056
1 0.518359 0.234028 0.049219 0.109722
1 0.524219 0.523611 0.040625 0.102778
1 0.558984 0.360417 0.039844 0.101389
1 0.573438 0.665972 0.056250 0.118056
1 0.578906 0.509722 0.043750 0.105556
1 0.579688 0.206944 0.043750 0.105556
1 0.618750 0.752778 0.065625 0.102778
1 0.614062 0.343056 0.051562 0.111111
1 0.628906 0.629861 0.056250 0.115278
1 0.630859 0.204861 0.046094 0.106944
1 0.686719 0.708333 0.065625 0.100000
1 0.683203 0.191667 0.044531 0.102778
1 0.701562 0.580556 0.051562 0.111111
1 0.757422 0.197222 0.046094 0.105556
1 0.758594 0.607639 0.046875 0.106944
1 0.775000 0.437500 0.050000 0.108333
3 0.537891 0.754167 0.064844 0.108333
3 0.629687 0.490278 0.045312 0.105556
3 0.683594 0.330556 0.042188 0.102778
3 0.698438 0.447222 0.059375 0.075000
3 0.771875 0.329167 0.048438 0.111111
4 0.402734 0.229167 0.047656 0.108333
4 0.409766 0.530556 0.044531 0.105556
4 0.466406 0.227778 0.045312 0.105556
4 0.478516 0.659722 0.052344 0.113889
4 0.524219 0.523611 0.040625 0.102778
4 0.628906 0.629861 0.056250 0.115278
5 0.469141 0.529167 0.052344 0.111111
5 0.518359 0.234028 0.049219 0.109722
5 0.573438 0.665972 0.056250 0.118056
5 0.578906 0.509722 0.043750 0.105556
5 0.614062 0.343056 0.051562 0.111111
5 0.630859 0.204861 0.046094 0.106944
5 0.758594 0.607639 0.046875 0.106944
6 0.427344 0.381250 0.050000 0.109722
6 0.558984 0.360417 0.039844 0.101389
6 0.618750 0.752778 0.065625 0.102778
6 0.775000 0.437500 0.050000 0.108333
7 0.330078 0.211111 0.047656 0.105556
7 0.337500 0.340972 0.042188 0.104167
7 0.420312 0.671528 0.064062 0.101389
7 0.499219 0.371528 0.060937 0.118056
7 0.579688 0.206944 0.043750 0.105556
7 0.686719 0.708333 0.065625 0.100000
7 0.683203 0.191667 0.044531 0.102778
7 0.701562 0.580556 0.051562 0.111111
7 0.757422 0.197222 0.046094 0.105556
8 0.402734 0.229167 0.047656 0.108333
8 0.499219 0.371528 0.060937 0.118056
9 0.573438 0.665972 0.056250 0.118056
9 0.757422 0.197222 0.046094 0.105556
10 0.330078 0.211111 0.047656 0.105556
10 0.409766 0.530556 0.044531 0.105556
10 0.630859 0.204861 0.046094 0.106944
11 0.337500 0.340972 0.042188 0.104167
11 0.478516 0.659722 0.052344 0.113889
11 0.614062 0.343056 0.051562 0.111111
13 0.466406 0.227778 0.045312 0.105556
13 0.683203 0.191667 0.044531 0.102778
14 0.579688 0.206944 0.043750 0.105556
14 0.775000 0.437500 0.050000 0.108333
15 0.420312 0.671528 0.064062 0.101389
16 0.469141 0.529167 0.052344 0.111111
16 0.618750 0.752778 0.065625 0.102778
17 0.518359 0.234028 0.049219 0.109722
17 0.524219 0.523611 0.040625 0.102778
17 0.558984 0.360417 0.039844 0.101389
18 0.628906 0.629861 0.056250 0.115278
18 0.686719 0.708333 0.065625 0.100000
18 0.758594 0.607639 0.046875 0.106944
19 0.427344 0.381250 0.050000 0.109722
19 0.701562 0.580556 0.051562 0.111111
20 0.578906 0.509722 0.043750 0.105556