0 0.294141 0.552083 0.061719 0.104167
0 0.334766 0.145139 0.055469 0.115278
0 0.350391 0.264583 0.050781 0.109722
0 0.369922 0.350694 0.064844 0.104167
0 0.438672 0.239583 0.061719 0.104167
0 0.438281 0.610417 0.056250 0.115278
0 0.440625 0.118750 0.040625 0.101389
0 0.493750 0.068750 0.065625 0.109722
0 0.524219 0.745139 0.062500 0.106944
0 0.535156 0.530556 0.067187 0.119444
0 0.558203 0.631250 0.064844 0.106944
0 0.583594 0.109722 0.067187 0.105556
0 0.605078 0.722917 0.067969 0.104167
0 0.607422 0.861111 0.064844 0.125000
0 0.650391 0.225000 0.067969 0.108333
0 0.663281 0.604861 0.059375 0.081944
0 0.817969 0.298611 0.051562 0.108333
1 0.350391 0.264583 0.050781 0.109722
1 0.369922 0.350694 0.064844 0.104167
1 0.440625 0.118750 0.040625 0.101389
1 0.607422 0.861111 0.064844 0.125000
2 0.438672 0.239583 0.061719 0.104167
2 0.438281 0.610417 0.056250 0.115278
2 0.493750 0.068750 0.065625 0.109722
2 0.524219 0.745139 0.062500 0.106944
2 0.535156 0.530556 0.067187 0.119444
2 0.558203 0.631250 0.064844 0.106944
2 0.650391 0.225000 0.067969 0.108333
2 0.817969 0.298611 0.051562 0.108333
3 0.294141 0.552083 0.061719 0.104167
3 0.334766 0.145139 0.055469 0.115278
3 0.583594 0.109722 0.067187 0.105556
3 0.605078 0.722917 0.067969 0.104167
3 0.663281 0.604861 0.059375 0.081944
4 0.350391 0.264583 0.050781 0.109722
5 0.607422 0.861111 0.064844 0.125000
6 0.440625 0.118750 0.040625 0.101389
7 0.369922 0.350694 0.064844 0.104167
10 0.369922 0.350694 0.064844 0.104167
11 0.440625 0.118750 0.040625 0.101389
13 0.350391 0.264583 0.050781 0.109722
14 0.607422 0.861111 0.064844 0.125000