0 0.077344 0.593056 0.050000 0.111111
0 0.121875 0.455556 0.072656 0.120833
0 0.124219 0.229167 0.067969 0.097222
0 0.138281 0.758333 0.069531 0.101389
0 0.148438 0.581944 0.066406 0.097222
0 0.185156 0.456944 0.054688 0.118056
0 0.192969 0.223611 0.060937 0.079167
0 0.211719 0.781944 0.057031 0.116667
0 0.214062 0.604167 0.053906 0.115278
0 0.246094 0.495833 0.067187 0.100000
0 0.260937 0.227778 0.059375 0.079167
0 0.269531 0.804167 0.061719 0.123611
0 0.275000 0.641667 0.069531 0.116667
0 0.329688 0.459722 0.055469 0.118056
0 0.331250 0.234722 0.057813 0.077778
0 0.363281 0.741667 0.046094 0.108333
0 0.374219 0.877778 0.058594 0.080556
0 0.388281 0.463889 0.053125 0.116667
0 0.428906 0.726389 0.050000 0.112500
0 0.437500 0.883333 0.051562 0.115278
0 0.454688 0.448611 0.049219 0.111111
0 0.482812 0.736111 0.042188 0.105556
0 0.515625 0.461111 0.048438 0.109722
0 0.517969 0.868056 0.046094 0.106944
0 0.540625 0.740278 0.042969 0.105556
0 0.567187 0.383333 0.062500 0.115278
0 0.576562 0.856944 0.059375 0.081944
0 0.589063 0.744444 0.043750 0.105556
0 0.600000 0.461111 0.064844 0.108333
0 0.632031 0.552778 0.056250 0.112500
0 0.647656 0.663889 0.052344 0.109722
0 0.651563 0.786111 0.042969 0.100000
1 0.124219 0.229167 0.067969 0.097222
1 0.192969 0.223611 0.060937 0.079167
1 0.260937 0.227778 0.059375 0.079167
1 0.329688 0.459722 0.055469 0.118056
1 0.331250 0.234722 0.057813 0.077778
1 0.363281 0.741667 0.046094 0.108333
1 0.388281 0.463889 0.053125 0.116667
1 0.428906 0.726389 0.050000 0.112500
1 0.454688 0.448611 0.049219 0.111111
1 0.482812 0.736111 0.042188 0.105556
1 0.515625 0.461111 0.048438 0.109722
1 0.540625 0.740278 0.042969 0.105556
1 0.589063 0.744444 0.043750 0.105556
2 0.121875 0.455556 0.072656 0.120833
2 0.138281 0.758333 0.069531 0.101389
2 0.185156 0.456944 0.054688 0.118056
2 0.211719 0.781944 0.057031 0.116667
2 0.246094 0.495833 0.067187 0.100000
2 0.269531 0.804167 0.061719 0.123611
2 0.567187 0.383333 0.062500 0.115278
2 0.600000 0.461111 0.064844 0.108333
2 0.632031 0.552778 0.056250 0.112500
2 0.647656 0.663889 0.052344 0.109722
2 0.651563 0.786111 0.042969 0.100000
3 0.077344 0.593056 0.050000 0.111111
3 0.148438 0.581944 0.066406 0.097222
3 0.214062 0.604167 0.053906 0.115278
3 0.275000 0.641667 0.069531 0.116667
3 0.374219 0.877778 0.058594 0.080556
3 0.437500 0.883333 0.051562 0.115278
3 0.517969 0.868056 0.046094 0.106944
3 0.576562 0.856944 0.059375 0.081944
4 0.124219 0.229167 0.067969 0.097222
4 0.192969 0.223611 0.060937 0.079167
4 0.260937 0.227778 0.059375 0.079167
4 0.329688 0.459722 0.055469 0.118056
4 0.331250 0.234722 0.057813 0.077778
4 0.363281 0.741667 0.046094 0.108333
4 0.388281 0.463889 0.053125 0.116667
4 0.428906 0.726389 0.050000 0.112500
4 0.454688 0.448611 0.049219 0.111111
4 0.482812 0.736111 0.042188 0.105556
4 0.515625 0.461111 0.048438 0.109722
4 0.540625 0.740278 0.042969 0.105556
4 0.589063 0.744444 0.043750 0.105556
8 0.589063 0.744444 0.043750 0.105556
9 0.540625 0.740278 0.042969 0.105556
10 0.482812 0.736111 0.042188 0.105556
11 0.428906 0.726389 0.050000 0.112500
12 0.363281 0.741667 0.046094 0.108333
13 0.124219 0.229167 0.067969 0.097222
14 0.192969 0.223611 0.060937 0.079167
15 0.260937 0.227778 0.059375 0.079167
16 0.331250 0.234722 0.057813 0.077778
17 0.329688 0.459722 0.055469 0.118056
18 0.388281 0.463889 0.053125 0.116667
19 0.454688 0.448611 0.049219 0.111111
20 0.515625 0.461111 0.048438 0.109722