0 0.164062 0.479861 0.064062 0.120833
0 0.183984 0.611111 0.064844 0.119444
0 0.204687 0.424306 0.064062 0.120833
0 0.221875 0.751389 0.057813 0.116667
0 0.246094 0.562500 0.059375 0.119444
0 0.262500 0.409722 0.059375 0.119444
0 0.275000 0.693056 0.056250 0.119444
0 0.291016 0.839583 0.061719 0.123611
0 0.298828 0.525000 0.055469 0.116667
0 0.312109 0.363889 0.060156 0.119444
0 0.331250 0.665972 0.059375 0.120833
0 0.342187 0.476389 0.060937 0.119444
0 0.352734 0.286111 0.063281 0.119444
0 0.376563 0.386111 0.056250 0.119444
0 0.377734 0.576389 0.058594 0.113889
0 0.373437 0.759722 0.048438 0.111111
0 0.393750 0.240972 0.062500 0.115278
0 0.421094 0.681944 0.065625 0.116667
0 0.419531 0.508333 0.060937 0.119444
0 0.422266 0.372917 0.058594 0.115278
0 0.443750 0.787500 0.059375 0.119444
0 0.455469 0.196528 0.064062 0.120833
0 0.473828 0.622222 0.064844 0.119444
0 0.467578 0.326389 0.050781 0.108333
0 0.519531 0.298611 0.065625 0.119444
0 0.525391 0.756250 0.064844 0.123611
0 0.531250 0.551389 0.059375 0.116667
0 0.577344 0.443750 0.054688 0.073611
0 0.598047 0.567361 0.058594 0.118056
1 0.183984 0.611111 0.064844 0.119444
1 0.291016 0.839583 0.061719 0.123611
1 0.331250 0.665972 0.059375 0.120833
1 0.342187 0.476389 0.060937 0.119444
1 0.352734 0.286111 0.063281 0.119444
1 0.443750 0.787500 0.059375 0.119444
1 0.525391 0.756250 0.064844 0.123611
2 0.204687 0.424306 0.064062 0.120833
2 0.221875 0.751389 0.057813 0.116667
2 0.262500 0.409722 0.059375 0.119444
2 0.275000 0.693056 0.056250 0.119444
2 0.298828 0.525000 0.055469 0.116667
2 0.377734 0.576389 0.058594 0.113889
2 0.373437 0.759722 0.048438 0.111111
2 0.419531 0.508333 0.060937 0.119444
2 0.422266 0.372917 0.058594 0.115278
2 0.455469 0.196528 0.064062 0.120833
2 0.467578 0.326389 0.050781 0.108333
3 0.164062 0.479861 0.064062 0.120833
3 0.246094 0.562500 0.059375 0.119444
3 0.312109 0.363889 0.060156 0.119444
3 0.376563 0.386111 0.056250 0.119444
3 0.393750 0.240972 0.062500 0.115278
3 0.421094 0.681944 0.065625 0.116667
3 0.473828 0.622222 0.064844 0.119444
3 0.519531 0.298611 0.065625 0.119444
3 0.531250 0.551389 0.059375 0.116667
3 0.577344 0.443750 0.054688 0.073611
3 0.598047 0.567361 0.058594 0.118056
4 0.183984 0.611111 0.064844 0.119444
4 0.443750 0.787500 0.059375 0.119444
5 0.331250 0.665972 0.059375 0.120833
6 0.291016 0.839583 0.061719 0.123611
6 0.352734 0.286111 0.063281 0.119444
7 0.342187 0.476389 0.060937 0.119444
7 0.525391 0.756250 0.064844 0.123611
8 0.183984 0.611111 0.064844 0.119444
8 0.291016 0.839583 0.061719 0.123611
11 0.331250 0.665972 0.059375 0.120833
11 0.525391 0.756250 0.064844 0.123611
13 0.443750 0.787500 0.059375 0.119444
18 0.342187 0.476389 0.060937 0.119444
19 0.352734 0.286111 0.063281 0.119444