0 0.433594 0.387500 0.062500 0.105556
0 0.438672 0.280556 0.064844 0.097222
0 0.477344 0.458333 0.051562 0.108333
0 0.503516 0.327083 0.041406 0.101389
0 0.519141 0.195139 0.055469 0.081944
0 0.539844 0.441667 0.043750 0.102778
0 0.551172 0.071528 0.060156 0.081944
0 0.578125 0.311111 0.057813 0.075000
0 0.587109 0.188194 0.060156 0.115278
0 0.598828 0.436111 0.042969 0.105556
0 0.607812 0.540972 0.060937 0.076389
0 0.653125 0.262500 0.071875 0.116667
0 0.656250 0.416667 0.043750 0.102778
0 0.679688 0.142361 0.054688 0.115278
1 0.578125 0.311111 0.057813 0.075000
2 0.433594 0.387500 0.062500 0.105556
2 0.477344 0.458333 0.051562 0.108333
2 0.503516 0.327083 0.041406 0.101389
2 0.519141 0.195139 0.055469 0.081944
2 0.539844 0.441667 0.043750 0.102778
2 0.551172 0.071528 0.060156 0.081944
2 0.587109 0.188194 0.060156 0.115278
2 0.598828 0.436111 0.042969 0.105556
2 0.607812 0.540972 0.060937 0.076389
2 0.653125 0.262500 0.071875 0.116667
2 0.679688 0.142361 0.054688 0.115278
3 0.438672 0.280556 0.064844 0.097222
3 0.656250 0.416667 0.043750 0.102778
6 0.578125 0.311111 0.057813 0.075000
17 0.578125 0.311111 0.057813 0.075000