0 0.421094 0.472917 0.054688 0.070833
0 0.439063 0.361111 0.045312 0.108333
0 0.512891 0.401389 0.060156 0.088889
0 0.562891 0.511111 0.064844 0.116667
0 0.574609 0.252778 0.066406 0.108333
0 0.585938 0.354167 0.056250 0.072222
0 0.622656 0.465972 0.067187 0.109722
0 0.689063 0.449306 0.059375 0.118056
1 0.421094 0.472917 0.054688 0.070833
1 0.439063 0.361111 0.045312 0.108333
1 0.562891 0.511111 0.064844 0.116667
1 0.574609 0.252778 0.066406 0.108333
1 0.585938 0.354167 0.056250 0.072222
1 0.622656 0.465972 0.067187 0.109722
2 0.512891 0.401389 0.060156 0.088889
3 0.689063 0.449306 0.059375 0.118056
5 0.421094 0.472917 0.054688 0.070833
6 0.439063 0.361111 0.045312 0.108333
6 0.562891 0.511111 0.064844 0.116667
6 0.574609 0.252778 0.066406 0.108333
6 0.585938 0.354167 0.056250 0.072222
7 0.622656 0.465972 0.067187 0.109722
11 0.622656 0.465972 0.067187 0.109722
12 0.585938 0.354167 0.056250 0.072222
13 0.562891 0.511111 0.064844 0.116667
14 0.439063 0.361111 0.045312 0.108333
15 0.574609 0.252778 0.066406 0.108333
17 0.421094 0.472917 0.054688 0.070833