0 0.155078 0.425000 0.046094 0.108333
0 0.193359 0.282639 0.066406 0.101389
0 0.217969 0.454861 0.060937 0.084722
0 0.217578 0.593750 0.058594 0.081944
0 0.255859 0.293056 0.052344 0.116667
0 0.281250 0.607639 0.050000 0.109722
0 0.284375 0.440278 0.051562 0.111111
0 0.307422 0.332639 0.064844 0.095833
0 0.334766 0.504861 0.061719 0.084722
0 0.338672 0.637500 0.061719 0.088889
0 0.435937 0.497222 0.059375 0.113889
0 0.439453 0.708333 0.057031 0.077778
0 0.489844 0.251389 0.064062 0.119444
0 0.501172 0.720139 0.047656 0.104167
0 0.512891 0.493750 0.061719 0.115278
0 0.564453 0.268750 0.063281 0.118056
0 0.578906 0.706250 0.046875 0.106944
0 0.593750 0.512500 0.062500 0.116667
0 0.637109 0.698611 0.060156 0.080556
2 0.193359 0.282639 0.066406 0.101389
2 0.217578 0.593750 0.058594 0.081944
2 0.255859 0.293056 0.052344 0.116667
2 0.281250 0.607639 0.050000 0.109722
2 0.307422 0.332639 0.064844 0.095833
2 0.338672 0.637500 0.061719 0.088889
2 0.435937 0.497222 0.059375 0.113889
2 0.489844 0.251389 0.064062 0.119444
2 0.512891 0.493750 0.061719 0.115278
2 0.564453 0.268750 0.063281 0.118056
2 0.593750 0.512500 0.062500 0.116667
3 0.155078 0.425000 0.046094 0.108333
3 0.217969 0.454861 0.060937 0.084722
3 0.284375 0.440278 0.051562 0.111111
3 0.334766 0.504861 0.061719 0.084722
3 0.439453 0.708333 0.057031 0.077778
3 0.501172 0.720139 0.047656 0.104167
3 0.578906 0.706250 0.046875 0.106944
3 0.637109 0.698611 0.060156 0.080556