0 0.064062 0.315972 0.059375 0.126389
0 0.096875 0.447917 0.064062 0.131944
0 0.128906 0.571528 0.059375 0.126389
0 0.160547 0.698611 0.061719 0.133333
0 0.199609 0.390972 0.064844 0.084722
0 0.214062 0.579861 0.070312 0.129167
0 0.243359 0.254167 0.075781 0.136111
0 0.262500 0.472222 0.065625 0.083333
0 0.275391 0.686111 0.055469 0.119444
0 0.310547 0.802083 0.057031 0.123611
0 0.326562 0.550694 0.065625 0.087500
0 0.337500 0.297917 0.065625 0.087500
0 0.392578 0.465278 0.066406 0.127778
0 0.401953 0.643750 0.069531 0.137500
0 0.421875 0.845833 0.057813 0.122222
0 0.462891 0.430556 0.071094 0.111111
0 0.470703 0.684722 0.067969 0.133333
0 0.489844 0.290278 0.071875 0.116667
0 0.480469 0.855556 0.051562 0.113889
0 0.534766 0.637500 0.069531 0.113889
0 0.559375 0.301389 0.075000 0.119444
0 0.589453 0.500000 0.069531 0.113889
0 0.606250 0.618056 0.068750 0.116667
1 0.064062 0.315972 0.059375 0.126389
1 0.096875 0.447917 0.064062 0.131944
1 0.128906 0.571528 0.059375 0.126389
1 0.160547 0.698611 0.061719 0.133333
2 0.199609 0.390972 0.064844 0.084722
2 0.214062 0.579861 0.070312 0.129167
2 0.262500 0.472222 0.065625 0.083333
2 0.326562 0.550694 0.065625 0.087500
2 0.392578 0.465278 0.066406 0.127778
2 0.421875 0.845833 0.057813 0.122222
2 0.462891 0.430556 0.071094 0.111111
2 0.480469 0.855556 0.051562 0.113889
2 0.534766 0.637500 0.069531 0.113889
2 0.589453 0.500000 0.069531 0.113889
2 0.606250 0.618056 0.068750 0.116667
3 0.243359 0.254167 0.075781 0.136111
3 0.275391 0.686111 0.055469 0.119444
3 0.310547 0.802083 0.057031 0.123611
3 0.337500 0.297917 0.065625 0.087500
3 0.401953 0.643750 0.069531 0.137500
3 0.470703 0.684722 0.067969 0.133333
3 0.489844 0.290278 0.071875 0.116667
3 0.559375 0.301389 0.075000 0.119444
4 0.096875 0.447917 0.064062 0.131944
4 0.128906 0.571528 0.059375 0.126389
4 0.160547 0.698611 0.061719 0.133333
5 0.064062 0.315972 0.059375 0.126389
11 0.096875 0.447917 0.064062 0.131944
17 0.128906 0.571528 0.059375 0.126389
19 0.160547 0.698611 0.061719 0.133333
20 0.064062 0.315972 0.059375 0.126389