0 0.335156 0.443750 0.064062 0.118056
0 0.387891 0.354861 0.061719 0.123611
0 0.440234 0.523611 0.063281 0.119444
0 0.443359 0.286111 0.067969 0.119444
0 0.478516 0.156944 0.063281 0.119444
0 0.508984 0.379861 0.060156 0.115278
0 0.504687 0.634722 0.051562 0.111111
0 0.525000 0.506250 0.062500 0.098611
0 0.535937 0.290278 0.060937 0.122222
0 0.541406 0.179167 0.059375 0.088889
0 0.571484 0.584722 0.066406 0.105556
0 0.600391 0.366667 0.060156 0.119444
0 0.615625 0.173611 0.065625 0.102778
0 0.640625 0.620139 0.062500 0.098611
0 0.648828 0.477778 0.061719 0.119444
0 0.667969 0.241667 0.048438 0.111111
0 0.703906 0.358333 0.065625 0.119444
0 0.703125 0.573611 0.059375 0.080556
1 0.440234 0.523611 0.063281 0.119444
1 0.443359 0.286111 0.067969 0.119444
2 0.387891 0.354861 0.061719 0.123611
2 0.478516 0.156944 0.063281 0.119444
2 0.508984 0.379861 0.060156 0.115278
2 0.504687 0.634722 0.051562 0.111111
2 0.525000 0.506250 0.062500 0.098611
2 0.535937 0.290278 0.060937 0.122222
2 0.541406 0.179167 0.059375 0.088889
2 0.600391 0.366667 0.060156 0.119444
2 0.640625 0.620139 0.062500 0.098611
2 0.667969 0.241667 0.048438 0.111111
2 0.703906 0.358333 0.065625 0.119444
3 0.335156 0.443750 0.064062 0.118056
3 0.571484 0.584722 0.066406 0.105556
3 0.615625 0.173611 0.065625 0.102778
3 0.648828 0.477778 0.061719 0.119444
3 0.703125 0.573611 0.059375 0.080556
4 0.440234 0.523611 0.063281 0.119444
6 0.443359 0.286111 0.067969 0.119444
12 0.443359 0.286111 0.067969 0.119444
14 0.440234 0.523611 0.063281 0.119444