0 0.333594 0.452083 0.068750 0.112500
0 0.355469 0.707639 0.067187 0.104167
0 0.362109 0.590278 0.066406 0.116667
0 0.408984 0.508333 0.066406 0.111111
0 0.411328 0.817361 0.064844 0.118056
0 0.404687 0.317361 0.042188 0.104167
0 0.446875 0.696528 0.065625 0.118056
0 0.480469 0.357639 0.059375 0.118056
0 0.491406 0.645139 0.059375 0.120833
0 0.492578 0.844444 0.044531 0.102778
0 0.497266 0.487500 0.038281 0.097222
0 0.530469 0.257639 0.064062 0.101389
0 0.542578 0.417361 0.063281 0.101389
0 0.543359 0.757639 0.046094 0.106944
0 0.564453 0.594444 0.055469 0.113889
0 0.609375 0.291667 0.060937 0.119444
0 0.606641 0.498611 0.041406 0.100000
0 0.614062 0.852778 0.043750 0.102778
0 0.623828 0.673611 0.046094 0.105556
0 0.669141 0.383333 0.053906 0.113889
0 0.672656 0.539583 0.043750 0.101389
0 0.687891 0.801389 0.061719 0.091667
0 0.744922 0.673611 0.055469 0.113889
1 0.333594 0.452083 0.068750 0.112500
1 0.355469 0.707639 0.067187 0.104167
1 0.362109 0.590278 0.066406 0.116667
1 0.411328 0.817361 0.064844 0.118056
1 0.404687 0.317361 0.042188 0.104167
1 0.446875 0.696528 0.065625 0.118056
1 0.480469 0.357639 0.059375 0.118056
1 0.491406 0.645139 0.059375 0.120833
1 0.530469 0.257639 0.064062 0.101389
1 0.543359 0.757639 0.046094 0.106944
1 0.609375 0.291667 0.060937 0.119444
1 0.606641 0.498611 0.041406 0.100000
1 0.614062 0.852778 0.043750 0.102778
1 0.623828 0.673611 0.046094 0.105556
1 0.669141 0.383333 0.053906 0.113889
1 0.687891 0.801389 0.061719 0.091667
1 0.744922 0.673611 0.055469 0.113889
2 0.564453 0.594444 0.055469 0.113889
3 0.408984 0.508333 0.066406 0.111111
3 0.492578 0.844444 0.044531 0.102778
3 0.497266 0.487500 0.038281 0.097222
3 0.542578 0.417361 0.063281 0.101389
3 0.672656 0.539583 0.043750 0.101389
4 0.404687 0.317361 0.042188 0.104167
4 0.480469 0.357639 0.059375 0.118056
4 0.606641 0.498611 0.041406 0.100000
4 0.744922 0.673611 0.055469 0.113889
5 0.491406 0.645139 0.059375 0.120833
5 0.530469 0.257639 0.064062 0.101389
5 0.614062 0.852778 0.043750 0.102778
6 0.333594 0.452083 0.068750 0.112500
6 0.362109 0.590278 0.066406 0.116667
6 0.543359 0.757639 0.046094 0.106944
6 0.609375 0.291667 0.060937 0.119444
7 0.355469 0.707639 0.067187 0.104167
7 0.411328 0.817361 0.064844 0.118056
7 0.446875 0.696528 0.065625 0.118056
7 0.623828 0.673611 0.046094 0.105556
7 0.669141 0.383333 0.053906 0.113889
7 0.687891 0.801389 0.061719 0.091667
10 0.491406 0.645139 0.059375 0.120833
11 0.355469 0.707639 0.067187 0.104167
11 0.609375 0.291667 0.060937 0.119444
13 0.669141 0.383333 0.053906 0.113889
14 0.480469 0.357639 0.059375 0.118056
14 0.543359 0.757639 0.046094 0.106944
14 0.687891 0.801389 0.061719 0.091667
15 0.333594 0.452083 0.068750 0.112500
15 0.411328 0.817361 0.064844 0.118056
15 0.530469 0.257639 0.064062 0.101389
15 0.744922 0.673611 0.055469 0.113889
16 0.404687 0.317361 0.042188 0.104167
17 0.446875 0.696528 0.065625 0.118056
17 0.606641 0.498611 0.041406 0.100000
17 0.614062 0.852778 0.043750 0.102778
19 0.362109 0.590278 0.066406 0.116667
20 0.623828 0.673611 0.046094 0.105556