0 0.283984 0.336806 0.055469 0.073611
0 0.290234 0.549306 0.057031 0.115278
0 0.297656 0.229861 0.043750 0.101389
0 0.344141 0.356944 0.047656 0.105556
0 0.353516 0.520833 0.041406 0.100000
0 0.399219 0.171528 0.060937 0.118056
0 0.401172 0.343056 0.039844 0.100000
0 0.415234 0.645833 0.053906 0.113889
0 0.412109 0.504861 0.042969 0.101389
0 0.449219 0.333333 0.042188 0.102778
0 0.464844 0.190972 0.064062 0.115278
0 0.472656 0.489583 0.048438 0.109722
0 0.476172 0.654167 0.039844 0.100000
0 0.507812 0.329167 0.062500 0.094444
0 0.521484 0.204167 0.041406 0.100000
0 0.526953 0.449306 0.044531 0.104167
0 0.539844 0.754861 0.065625 0.106944
0 0.534375 0.572222 0.042188 0.100000
0 0.570703 0.335417 0.055469 0.115278
0 0.571875 0.170833 0.040625 0.100000
0 0.613281 0.407639 0.056250 0.115278
0 0.619141 0.752778 0.064844 0.102778
0 0.641016 0.193750 0.042969 0.104167
0 0.669531 0.379861 0.043750 0.098611
0 0.675000 0.580556 0.040625 0.102778
0 0.687891 0.707639 0.066406 0.095833
0 0.690234 0.203472 0.044531 0.101389
0 0.769922 0.477083 0.064844 0.090278
1 0.283984 0.336806 0.055469 0.073611
1 0.290234 0.549306 0.057031 0.115278
1 0.297656 0.229861 0.043750 0.101389
1 0.344141 0.356944 0.047656 0.105556
1 0.353516 0.520833 0.041406 0.100000
1 0.399219 0.171528 0.060937 0.118056
1 0.401172 0.343056 0.039844 0.100000
1 0.415234 0.645833 0.053906 0.113889
1 0.412109 0.504861 0.042969 0.101389
1 0.449219 0.333333 0.042188 0.102778
1 0.464844 0.190972 0.064062 0.115278
1 0.472656 0.489583 0.048438 0.109722
1 0.476172 0.654167 0.039844 0.100000
1 0.507812 0.329167 0.062500 0.094444
1 0.521484 0.204167 0.041406 0.100000
1 0.526953 0.449306 0.044531 0.104167
1 0.534375 0.572222 0.042188 0.100000
1 0.570703 0.335417 0.055469 0.115278
1 0.571875 0.170833 0.040625 0.100000
1 0.613281 0.407639 0.056250 0.115278
1 0.619141 0.752778 0.064844 0.102778
1 0.641016 0.193750 0.042969 0.104167
1 0.669531 0.379861 0.043750 0.098611
1 0.675000 0.580556 0.040625 0.102778
1 0.687891 0.707639 0.066406 0.095833
1 0.690234 0.203472 0.044531 0.101389
1 0.769922 0.477083 0.064844 0.090278
3 0.539844 0.754861 0.065625 0.106944
4 0.283984 0.336806 0.055469 0.073611
4 0.344141 0.356944 0.047656 0.105556
4 0.415234 0.645833 0.053906 0.113889
4 0.412109 0.504861 0.042969 0.101389
4 0.534375 0.572222 0.042188 0.100000
4 0.641016 0.193750 0.042969 0.104167
4 0.669531 0.379861 0.043750 0.098611
5 0.290234 0.549306 0.057031 0.115278
5 0.449219 0.333333 0.042188 0.102778
5 0.464844 0.190972 0.064062 0.115278
5 0.472656 0.489583 0.048438 0.109722
5 0.476172 0.654167 0.039844 0.100000
5 0.521484 0.204167 0.041406 0.100000
5 0.690234 0.203472 0.044531 0.101389
6 0.297656 0.229861 0.043750 0.101389
6 0.399219 0.171528 0.060937 0.118056
6 0.401172 0.343056 0.039844 0.100000
6 0.619141 0.752778 0.064844 0.102778
6 0.769922 0.477083 0.064844 0.090278
7 0.353516 0.520833 0.041406 0.100000
7 0.507812 0.329167 0.062500 0.094444
7 0.526953 0.449306 0.044531 0.104167
7 0.570703 0.335417 0.055469 0.115278
7 0.571875 0.170833 0.040625 0.100000
7 0.613281 0.407639 0.056250 0.115278
7 0.675000 0.580556 0.040625 0.102778
7 0.687891 0.707639 0.066406 0.095833
8 0.283984 0.336806 0.055469 0.073611
8 0.507812 0.329167 0.062500 0.094444
9 0.571875 0.170833 0.040625 0.100000
10 0.412109 0.504861 0.042969 0.101389
10 0.521484 0.204167 0.041406 0.100000
10 0.613281 0.407639 0.056250 0.115278
11 0.353516 0.520833 0.041406 0.100000
11 0.415234 0.645833 0.053906 0.113889
11 0.690234 0.202083 0.044531 0.101389
12 0.769922 0.477083 0.064844 0.090278
13 0.344141 0.356944 0.047656 0.105556
13 0.476172 0.654167 0.039844 0.100000
13 0.570703 0.335417 0.055469 0.115278
14 0.401172 0.343056 0.039844 0.100000
14 0.526953 0.449306 0.044531 0.104167
16 0.290234 0.549306 0.057031 0.115278
16 0.619141 0.752778 0.064844 0.102778
17 0.297656 0.229861 0.043750 0.101389
17 0.464844 0.190972 0.064062 0.115278
17 0.534375 0.572222 0.042188 0.100000
18 0.449219 0.333333 0.042188 0.102778
18 0.687891 0.707639 0.066406 0.095833
19 0.399219 0.171528 0.060937 0.118056
19 0.641016 0.193750 0.042969 0.104167
19 0.675000 0.580556 0.040625 0.102778
20 0.472656 0.489583 0.048438 0.109722
20 0.669531 0.379861 0.043750 0.098611