0 0.500391 0.557639 0.047656 0.109722
0 0.533594 0.347917 0.065625 0.120833
0 0.562109 0.467361 0.063281 0.115278
0 0.558203 0.647917 0.055469 0.112500
0 0.614844 0.565972 0.054688 0.115278
0 0.623437 0.391667 0.062500 0.100000
0 0.665625 0.686806 0.057813 0.115278
0 0.678516 0.529167 0.061719 0.113889
0 0.692969 0.213194 0.056250 0.115278
0 0.741406 0.402778 0.067187 0.105556
0 0.739453 0.553472 0.057031 0.109722
0 0.738281 0.702778 0.051562 0.111111
1 0.500391 0.557639 0.047656 0.109722
2 0.562109 0.467361 0.063281 0.115278
2 0.558203 0.647917 0.055469 0.112500
2 0.614844 0.565972 0.054688 0.115278
2 0.623437 0.391667 0.062500 0.100000
2 0.665625 0.686806 0.057813 0.115278
2 0.678516 0.529167 0.061719 0.113889
2 0.692969 0.213194 0.056250 0.115278
2 0.741406 0.402778 0.067187 0.105556
2 0.739453 0.553472 0.057031 0.109722
3 0.533594 0.347917 0.065625 0.120833
3 0.738281 0.702778 0.051562 0.111111
5 0.500391 0.557639 0.047656 0.109722
9 0.500391 0.557639 0.047656 0.109722