0 0.228906 0.337500 0.040625 0.102778
0 0.263672 0.445833 0.039844 0.100000
0 0.287891 0.556250 0.063281 0.101389
0 0.278906 0.204167 0.039062 0.100000
0 0.315625 0.477778 0.065625 0.108333
0 0.328906 0.373611 0.053125 0.108333
0 0.347266 0.716667 0.064844 0.113889
0 0.351953 0.133333 0.060156 0.086111
0 0.372656 0.312500 0.065625 0.116667
0 0.391016 0.217361 0.058594 0.076389
0 0.446484 0.397222 0.057031 0.116667
0 0.459766 0.783333 0.046094 0.108333
0 0.462500 0.656250 0.050000 0.112500
0 0.471875 0.291667 0.059375 0.116667
0 0.509375 0.193750 0.065625 0.109722
0 0.537109 0.761806 0.067969 0.118056
0 0.587500 0.212500 0.065625 0.108333
0 0.583594 0.918750 0.056250 0.118056
0 0.620703 0.293750 0.044531 0.104167
0 0.669922 0.325000 0.053906 0.111111
0 0.683984 0.219444 0.064844 0.097222
0 0.734375 0.631944 0.068750 0.119444
0 0.738672 0.471528 0.069531 0.112500
0 0.729297 0.324306 0.041406 0.101389
0 0.779297 0.544444 0.071094 0.108333
0 0.787891 0.406250 0.064844 0.093056
0 0.801562 0.668750 0.070312 0.112500
0 0.803125 0.273611 0.068750 0.119444
1 0.228906 0.337500 0.040625 0.102778
1 0.263672 0.445833 0.039844 0.100000
1 0.287891 0.556250 0.063281 0.101389
1 0.278906 0.204167 0.039062 0.100000
1 0.315625 0.477778 0.065625 0.108333
1 0.328906 0.373611 0.053125 0.108333
1 0.347266 0.716667 0.064844 0.113889
1 0.351953 0.133333 0.060156 0.086111
1 0.372656 0.312500 0.065625 0.116667
1 0.391016 0.217361 0.058594 0.076389
1 0.459766 0.783333 0.046094 0.108333
1 0.462500 0.656250 0.050000 0.112500
1 0.471875 0.291667 0.059375 0.116667
1 0.509375 0.193750 0.065625 0.109722
1 0.537109 0.761806 0.067969 0.118056
1 0.587500 0.212500 0.065625 0.108333
1 0.583594 0.918750 0.056250 0.118056
1 0.620703 0.293750 0.044531 0.104167
1 0.669922 0.325000 0.053906 0.111111
1 0.683984 0.219444 0.064844 0.097222
1 0.734375 0.631944 0.068750 0.119444
1 0.738672 0.471528 0.069531 0.112500
1 0.729297 0.324306 0.041406 0.101389
1 0.779297 0.544444 0.071094 0.108333
1 0.787891 0.406250 0.064844 0.093056
1 0.801562 0.668750 0.070312 0.112500
1 0.803125 0.273611 0.068750 0.119444
2 0.446484 0.397222 0.057031 0.116667
4 0.228906 0.337500 0.040625 0.102778
4 0.287891 0.556250 0.063281 0.101389
4 0.347266 0.716667 0.064844 0.113889
4 0.391016 0.217361 0.058594 0.076389
4 0.587500 0.212500 0.065625 0.108333
4 0.583594 0.918750 0.056250 0.118056
4 0.738672 0.471528 0.069531 0.112500
4 0.787891 0.406250 0.064844 0.093056
5 0.263672 0.445833 0.039844 0.100000
5 0.315625 0.477778 0.065625 0.108333
5 0.351953 0.133333 0.060156 0.086111
5 0.471875 0.291667 0.059375 0.116667
5 0.537109 0.761806 0.067969 0.118056
5 0.620703 0.293750 0.044531 0.104167
5 0.683984 0.219444 0.064844 0.097222
5 0.734375 0.631944 0.068750 0.119444
6 0.278906 0.204167 0.039062 0.100000
6 0.328906 0.373611 0.053125 0.108333
6 0.459766 0.783333 0.046094 0.108333
6 0.509375 0.193750 0.065625 0.109722
6 0.669922 0.325000 0.053906 0.111111
6 0.801562 0.668750 0.070312 0.112500
6 0.803125 0.273611 0.068750 0.119444
7 0.372656 0.312500 0.065625 0.116667
7 0.462500 0.656250 0.050000 0.112500
7 0.729297 0.324306 0.041406 0.101389
7 0.779297 0.544444 0.071094 0.108333
9 0.328906 0.373611 0.053125 0.108333
9 0.372656 0.312500 0.065625 0.116667
9 0.537109 0.761806 0.067969 0.118056
10 0.462500 0.656250 0.050000 0.112500
11 0.587500 0.212500 0.065625 0.108333
11 0.683984 0.219444 0.064844 0.097222
11 0.729297 0.324306 0.041406 0.101389
11 0.803125 0.273611 0.068750 0.119444
12 0.471875 0.291667 0.059375 0.116667
12 0.583594 0.918750 0.056250 0.118056
12 0.801562 0.668750 0.070312 0.112500
14 0.263672 0.445833 0.039844 0.100000
14 0.459766 0.783333 0.046094 0.108333
14 0.787891 0.400694 0.064844 0.093056
15 0.351953 0.133333 0.060156 0.086111
15 0.669922 0.325000 0.053906 0.111111
15 0.738672 0.471528 0.069531 0.112500
16 0.228906 0.337500 0.040625 0.102778
16 0.278906 0.204167 0.039062 0.100000
17 0.391016 0.217361 0.058594 0.076389
17 0.509375 0.193750 0.065625 0.109722
17 0.734375 0.631944 0.068750 0.119444
18 0.315625 0.477778 0.065625 0.108333
19 0.287891 0.556250 0.063281 0.101389
20 0.347266 0.716667 0.064844 0.113889
20 0.620703 0.293750 0.044531 0.104167
20 0.779297 0.544444 0.071094 0.108333