0 0.090625 0.527778 0.048438 0.108333
0 0.132031 0.382639 0.067187 0.101389
0 0.154688 0.700000 0.060937 0.080556
0 0.155859 0.556944 0.061719 0.086111
0 0.196094 0.392361 0.053125 0.115278
0 0.222656 0.713889 0.051562 0.111111
0 0.225781 0.540972 0.053125 0.115278
0 0.230859 0.133333 0.058594 0.080556
0 0.250781 0.431250 0.065625 0.095833
0 0.278125 0.605556 0.062500 0.086111
0 0.283594 0.740972 0.064062 0.090278
0 0.291406 0.323611 0.056250 0.077778
0 0.293750 0.083333 0.056250 0.077778
0 0.320312 0.459722 0.057813 0.119444
0 0.339062 0.583333 0.059375 0.119444
0 0.357812 0.701389 0.059375 0.119444
0 0.365625 0.174306 0.057813 0.076389
0 0.375000 0.322222 0.062500 0.088889
0 0.378906 0.451389 0.054688 0.119444
0 0.385547 0.811111 0.058594 0.080556
0 0.401172 0.566667 0.057031 0.119444
0 0.412109 0.694444 0.058594 0.122222
0 0.431641 0.431250 0.055469 0.118056
0 0.447266 0.818056 0.050781 0.111111
0 0.457813 0.558333 0.059375 0.119444
0 0.459375 0.693750 0.059375 0.120833
0 0.487500 0.238889 0.065625 0.105556
0 0.490234 0.422222 0.055469 0.116667
0 0.507422 0.684722 0.058594 0.119444
0 0.508594 0.543750 0.056250 0.118056
0 0.527734 0.802778 0.047656 0.108333
0 0.585938 0.790278 0.059375 0.080556
1 0.320312 0.459722 0.057813 0.119444
1 0.339062 0.583333 0.059375 0.119444
1 0.357812 0.701389 0.059375 0.119444
1 0.375000 0.322222 0.062500 0.088889
1 0.378906 0.451389 0.054688 0.119444
1 0.401172 0.566667 0.057031 0.119444
1 0.412109 0.694444 0.058594 0.122222
1 0.431641 0.431250 0.055469 0.118056
1 0.457813 0.558333 0.059375 0.119444
1 0.459375 0.693750 0.059375 0.120833
1 0.490234 0.422222 0.055469 0.116667
1 0.507422 0.684722 0.058594 0.119444
1 0.508594 0.543750 0.056250 0.118056
2 0.132031 0.382639 0.067187 0.101389
2 0.154688 0.700000 0.060937 0.080556
2 0.196094 0.392361 0.053125 0.115278
2 0.222656 0.713889 0.051562 0.111111
2 0.230859 0.133333 0.058594 0.080556
2 0.250781 0.431250 0.065625 0.095833
2 0.283594 0.740972 0.064062 0.090278
2 0.291406 0.323611 0.056250 0.077778
2 0.293750 0.083333 0.056250 0.077778
2 0.365625 0.174306 0.057813 0.076389
2 0.487500 0.238889 0.065625 0.105556
3 0.090625 0.527778 0.048438 0.108333
3 0.155859 0.556944 0.061719 0.086111
3 0.225781 0.540972 0.053125 0.115278
3 0.278125 0.605556 0.062500 0.086111
3 0.385547 0.811111 0.058594 0.080556
3 0.447266 0.818056 0.050781 0.111111
3 0.527734 0.802778 0.047656 0.108333
3 0.585938 0.790278 0.059375 0.080556
6 0.320312 0.459722 0.057813 0.119444
6 0.339062 0.583333 0.059375 0.119444
6 0.357812 0.701389 0.059375 0.119444
6 0.375000 0.322222 0.062500 0.088889
6 0.378906 0.451389 0.054688 0.119444
6 0.401172 0.566667 0.057031 0.119444
6 0.412109 0.694444 0.058594 0.122222
6 0.431641 0.431250 0.055469 0.118056
6 0.457813 0.558333 0.059375 0.119444
6 0.459375 0.693750 0.059375 0.120833
6 0.490234 0.422222 0.055469 0.116667
6 0.507422 0.684722 0.058594 0.119444
6 0.508594 0.543750 0.056250 0.118056
8 0.507422 0.684722 0.058594 0.119444
9 0.459375 0.693750 0.059375 0.120833
10 0.412109 0.694444 0.058594 0.122222
11 0.357812 0.701389 0.059375 0.119444
12 0.508594 0.543750 0.056250 0.118056
13 0.457813 0.558333 0.059375 0.119444
14 0.401172 0.566667 0.057031 0.119444
15 0.339062 0.583333 0.059375 0.119444
16 0.490234 0.422222 0.055469 0.116667
17 0.431641 0.431250 0.055469 0.118056
18 0.378906 0.451389 0.054688 0.119444
19 0.320312 0.459722 0.057813 0.119444
20 0.375000 0.322222 0.062500 0.088889