0 0.499219 0.612500 0.057813 0.077778
0 0.529687 0.490278 0.057031 0.076389
0 0.584375 0.365278 0.066406 0.109722
0 0.590625 0.508333 0.055469 0.111111
0 0.587500 0.669444 0.049219 0.109722
0 0.623437 0.275000 0.047656 0.109722
0 0.644531 0.650000 0.055469 0.115278
0 0.652344 0.486111 0.051562 0.112500
0 0.681250 0.363889 0.064844 0.105556
0 0.698438 0.258333 0.062500 0.095833
0 0.717187 0.530556 0.065625 0.119444
0 0.720313 0.626389 0.058594 0.083333
1 0.587500 0.669444 0.049219 0.109722
2 0.499219 0.612500 0.057813 0.077778
2 0.529687 0.490278 0.057031 0.076389
2 0.584375 0.365278 0.066406 0.109722
2 0.590625 0.508333 0.055469 0.111111
2 0.623437 0.275000 0.047656 0.109722
2 0.652344 0.486111 0.051562 0.112500
2 0.681250 0.363889 0.064844 0.105556
2 0.698438 0.258333 0.062500 0.095833
2 0.717187 0.530556 0.065625 0.119444
2 0.720313 0.626389 0.058594 0.083333
3 0.644531 0.650000 0.055469 0.115278
4 0.587500 0.669444 0.049219 0.109722
11 0.587500 0.669444 0.049219 0.109722