0 0.117578 0.491667 0.047656 0.108333
0 0.157031 0.346528 0.067187 0.101389
0 0.182031 0.518750 0.060937 0.084722
0 0.181250 0.661111 0.059375 0.080556
0 0.221094 0.356944 0.053125 0.113889
0 0.247266 0.675000 0.050781 0.111111
0 0.251953 0.095139 0.058594 0.081944
0 0.250781 0.503472 0.053125 0.112500
0 0.274609 0.395139 0.064844 0.093056
0 0.303125 0.567361 0.060937 0.084722
0 0.307812 0.701389 0.062500 0.091667
0 0.314844 0.285417 0.056250 0.076389
0 0.344922 0.425000 0.057031 0.116667
0 0.362500 0.543750 0.057813 0.118056
0 0.381250 0.662500 0.057813 0.119444
0 0.386719 0.131944 0.057813 0.077778
0 0.398438 0.286111 0.060937 0.086111
0 0.400391 0.415278 0.053906 0.119444
0 0.409375 0.771528 0.059375 0.079167
0 0.424609 0.529861 0.057031 0.118056
0 0.434766 0.656944 0.058594 0.119444
0 0.455859 0.395833 0.055469 0.116667
0 0.471094 0.779167 0.051562 0.111111
0 0.480469 0.520139 0.059375 0.120833
0 0.481641 0.655556 0.058594 0.119444
0 0.493750 0.172222 0.059375 0.083333
0 0.512500 0.386111 0.056250 0.119444
0 0.531250 0.646528 0.059375 0.120833
0 0.531250 0.509722 0.056250 0.116667
0 0.551172 0.766667 0.047656 0.105556
0 0.607422 0.754861 0.058594 0.079167
1 0.344922 0.425000 0.057031 0.116667
1 0.362500 0.543750 0.057813 0.118056
1 0.381250 0.662500 0.057813 0.119444
1 0.398438 0.286111 0.060937 0.086111
1 0.400391 0.415278 0.053906 0.119444
1 0.424609 0.529861 0.057031 0.118056
1 0.434766 0.656944 0.058594 0.119444
1 0.455859 0.395833 0.055469 0.116667
1 0.480469 0.520139 0.059375 0.120833
1 0.481641 0.655556 0.058594 0.119444
1 0.512500 0.386111 0.056250 0.119444
1 0.531250 0.646528 0.059375 0.120833
1 0.531250 0.509722 0.056250 0.116667
2 0.157031 0.346528 0.067187 0.101389
2 0.181250 0.661111 0.059375 0.080556
2 0.221094 0.356944 0.053125 0.113889
2 0.247266 0.675000 0.050781 0.111111
2 0.251953 0.095139 0.058594 0.081944
2 0.274609 0.395139 0.064844 0.093056
2 0.307812 0.701389 0.062500 0.091667
2 0.314844 0.285417 0.056250 0.076389
2 0.386719 0.131944 0.057813 0.077778
2 0.493750 0.172222 0.059375 0.083333
3 0.117578 0.491667 0.047656 0.108333
3 0.182031 0.518750 0.060937 0.084722
3 0.250781 0.503472 0.053125 0.112500
3 0.303125 0.567361 0.060937 0.084722
3 0.409375 0.771528 0.059375 0.079167
3 0.471094 0.779167 0.051562 0.111111
3 0.551172 0.766667 0.047656 0.105556
3 0.607422 0.754861 0.058594 0.079167
6 0.344922 0.425000 0.057031 0.116667
6 0.362500 0.543750 0.057813 0.118056
6 0.381250 0.662500 0.057813 0.119444
6 0.398438 0.286111 0.060937 0.086111
6 0.400391 0.415278 0.053906 0.119444
6 0.424609 0.529861 0.057031 0.118056
6 0.434766 0.656944 0.058594 0.119444
6 0.455859 0.395833 0.055469 0.116667
6 0.480469 0.520139 0.059375 0.120833
6 0.481641 0.655556 0.058594 0.119444
6 0.512500 0.386111 0.056250 0.119444
6 0.531250 0.646528 0.059375 0.120833
6 0.531250 0.509722 0.056250 0.116667
8 0.531250 0.646528 0.059375 0.120833
9 0.481641 0.655556 0.058594 0.119444
10 0.434766 0.656944 0.058594 0.119444
11 0.381250 0.662500 0.057813 0.119444
12 0.531250 0.509722 0.056250 0.116667
13 0.480469 0.520139 0.059375 0.120833
14 0.424609 0.529861 0.057031 0.118056
15 0.362500 0.543750 0.057813 0.118056
16 0.512500 0.386111 0.056250 0.119444
17 0.455859 0.395833 0.055469 0.116667
18 0.400391 0.415278 0.053906 0.119444
19 0.344922 0.425000 0.057031 0.116667
20 0.398438 0.286111 0.060937 0.086111