0 0.375781 0.794444 0.064844 0.115278
0 0.376563 0.555556 0.064062 0.113889
0 0.380469 0.397222 0.066406 0.122222
0 0.391406 0.677778 0.066406 0.112500
0 0.425781 0.306944 0.067187 0.119444
0 0.460938 0.566667 0.055469 0.118056
0 0.496094 0.744444 0.060156 0.112500
0 0.498437 0.394444 0.060156 0.086111
0 0.550000 0.545833 0.054688 0.073611
0 0.559375 0.241667 0.041406 0.101389
0 0.570312 0.700000 0.062500 0.108333
0 0.580469 0.379167 0.066406 0.118056
0 0.628906 0.525000 0.044531 0.102778
0 0.667969 0.384722 0.041406 0.102778
1 0.667969 0.384722 0.041406 0.102778
2 0.376563 0.555556 0.064062 0.113889
2 0.380469 0.397222 0.066406 0.122222
2 0.460938 0.566667 0.055469 0.118056
2 0.496094 0.744444 0.060156 0.112500
2 0.498437 0.394444 0.060156 0.086111
2 0.550000 0.545833 0.054688 0.073611
2 0.559375 0.241667 0.041406 0.101389
2 0.570312 0.700000 0.062500 0.108333
2 0.580469 0.379167 0.066406 0.118056
2 0.628906 0.525000 0.044531 0.102778
3 0.375781 0.794444 0.064844 0.115278
3 0.391406 0.677778 0.066406 0.112500
3 0.425781 0.306944 0.067187 0.119444
6 0.667969 0.384722 0.041406 0.102778
9 0.667969 0.384722 0.041406 0.102778