0 0.112500 0.600000 0.049219 0.109722
0 0.155469 0.458333 0.066406 0.100000
0 0.174219 0.773611 0.060937 0.081944
0 0.176563 0.629167 0.061719 0.086111
0 0.218750 0.466667 0.053906 0.115278
0 0.240625 0.787500 0.053125 0.115278
0 0.246094 0.613889 0.053125 0.115278
0 0.264062 0.216667 0.058594 0.077778
0 0.271875 0.508333 0.066406 0.094444
0 0.339062 0.226389 0.058594 0.077778
0 0.403125 0.888889 0.060937 0.081944
0 0.433594 0.759722 0.043750 0.106944
0 0.441406 0.623611 0.048438 0.111111
0 0.488281 0.750000 0.046094 0.108333
0 0.495312 0.622222 0.051562 0.113889
0 0.542969 0.751389 0.043750 0.106944
0 0.559375 0.618056 0.050781 0.112500
0 0.610938 0.763889 0.046094 0.108333
0 0.625000 0.636111 0.055469 0.118056
0 0.697656 0.877778 0.060937 0.093056
0 0.704688 0.768056 0.061719 0.093056
0 0.714063 0.673611 0.061719 0.088889
0 0.717187 0.580556 0.059375 0.086111
0 0.727344 0.476389 0.061719 0.093056
1 0.264062 0.216667 0.058594 0.077778
1 0.339062 0.226389 0.058594 0.077778
1 0.433594 0.759722 0.043750 0.106944
1 0.441406 0.623611 0.048438 0.111111
1 0.488281 0.750000 0.046094 0.108333
1 0.495312 0.622222 0.051562 0.113889
1 0.542969 0.751389 0.043750 0.106944
1 0.559375 0.618056 0.050781 0.112500
1 0.610938 0.763889 0.046094 0.108333
1 0.625000 0.636111 0.055469 0.118056
2 0.155469 0.458333 0.066406 0.100000
2 0.174219 0.773611 0.060937 0.081944
2 0.218750 0.466667 0.053906 0.115278
2 0.240625 0.787500 0.053125 0.115278
2 0.271875 0.508333 0.066406 0.094444
2 0.697656 0.877778 0.060937 0.093056
2 0.704688 0.768056 0.061719 0.093056
2 0.714063 0.673611 0.061719 0.088889
2 0.717187 0.580556 0.059375 0.086111
2 0.727344 0.476389 0.061719 0.093056
3 0.112500 0.600000 0.049219 0.109722
3 0.176563 0.629167 0.061719 0.086111
3 0.246094 0.613889 0.053125 0.115278
3 0.403125 0.888889 0.060937 0.081944
5 0.264062 0.216667 0.058594 0.077778
5 0.339062 0.226389 0.058594 0.077778
5 0.433594 0.759722 0.043750 0.106944
5 0.441406 0.623611 0.048438 0.111111
5 0.488281 0.750000 0.046094 0.108333
5 0.495312 0.622222 0.051562 0.113889
5 0.542969 0.751389 0.043750 0.106944
5 0.559375 0.618056 0.050781 0.112500
5 0.610938 0.763889 0.046094 0.108333
5 0.625000 0.636111 0.055469 0.118056
8 0.610938 0.763889 0.046094 0.108333
9 0.542969 0.751389 0.043750 0.106944
10 0.488281 0.750000 0.046094 0.108333
11 0.433594 0.759722 0.043750 0.106944
13 0.625000 0.636111 0.055469 0.118056
14 0.559375 0.618056 0.050781 0.112500
15 0.495312 0.622222 0.051562 0.113889
16 0.441406 0.623611 0.048438 0.111111
18 0.264062 0.216667 0.058594 0.077778
19 0.339062 0.226389 0.058594 0.077778