0 0.176563 0.413194 0.070312 0.109722
0 0.187891 0.700000 0.052344 0.111111
0 0.237891 0.473611 0.064844 0.102778
0 0.235937 0.602778 0.042188 0.100000
0 0.265625 0.308333 0.057813 0.077778
0 0.285547 0.763889 0.041406 0.102778
0 0.300781 0.451389 0.053125 0.113889
0 0.312109 0.581250 0.067969 0.115278
0 0.347656 0.412500 0.064062 0.119444
0 0.358594 0.773611 0.065625 0.116667
0 0.361719 0.298611 0.059375 0.080556
0 0.378516 0.573611 0.042969 0.100000
0 0.428125 0.462500 0.065625 0.119444
0 0.425000 0.250000 0.053125 0.116667
0 0.430859 0.662500 0.050781 0.113889
0 0.467187 0.370139 0.059375 0.084722
0 0.470313 0.834722 0.051562 0.111111
0 0.484375 0.525000 0.050000 0.108333
0 0.501563 0.679861 0.053125 0.115278
0 0.537109 0.550000 0.050781 0.111111
0 0.552344 0.334722 0.060937 0.119444
0 0.542188 0.782639 0.039062 0.098611
0 0.565625 0.661111 0.064062 0.116667
0 0.595703 0.571528 0.058594 0.115278
0 0.614062 0.729167 0.046875 0.105556
0 0.618750 0.858333 0.050000 0.108333
0 0.631250 0.338889 0.043750 0.105556
0 0.662109 0.538889 0.041406 0.100000
1 0.176563 0.413194 0.070312 0.109722
1 0.237891 0.473611 0.064844 0.102778
1 0.265625 0.308333 0.057813 0.077778
1 0.312109 0.581250 0.067969 0.115278
1 0.358594 0.773611 0.065625 0.116667
1 0.361719 0.298611 0.059375 0.080556
1 0.428125 0.462500 0.065625 0.119444
1 0.425000 0.250000 0.053125 0.116667
1 0.467187 0.370139 0.059375 0.084722
1 0.470313 0.834722 0.051562 0.111111
1 0.537109 0.550000 0.050781 0.111111
1 0.552344 0.334722 0.060937 0.119444
1 0.542188 0.782639 0.039062 0.098611
1 0.565625 0.661111 0.064062 0.116667
1 0.614062 0.729167 0.046875 0.105556
1 0.618750 0.858333 0.050000 0.108333
1 0.631250 0.338889 0.043750 0.105556
1 0.662109 0.538889 0.041406 0.100000
2 0.430859 0.662500 0.050781 0.113889
3 0.187891 0.700000 0.052344 0.111111
3 0.235937 0.602778 0.042188 0.100000
3 0.285547 0.763889 0.041406 0.102778
3 0.300781 0.451389 0.053125 0.113889
3 0.347656 0.412500 0.064062 0.119444
3 0.378516 0.573611 0.042969 0.100000
3 0.484375 0.525000 0.050000 0.108333
3 0.501563 0.679861 0.053125 0.115278
3 0.595703 0.571528 0.058594 0.115278
4 0.237891 0.473611 0.064844 0.102778
4 0.467187 0.370139 0.059375 0.084722
4 0.537109 0.550000 0.050781 0.111111
4 0.552344 0.334722 0.060937 0.119444
5 0.428125 0.462500 0.065625 0.119444
5 0.470313 0.834722 0.051562 0.111111
5 0.542188 0.782639 0.039062 0.098611
5 0.618750 0.858333 0.050000 0.108333
5 0.662109 0.538889 0.041406 0.100000
6 0.265625 0.308333 0.057813 0.077778
6 0.312109 0.581250 0.067969 0.115278
6 0.361719 0.298611 0.059375 0.080556
6 0.565625 0.661111 0.064062 0.116667
6 0.631250 0.338889 0.043750 0.105556
7 0.176563 0.413194 0.070312 0.109722
7 0.358594 0.773611 0.065625 0.116667
7 0.425000 0.250000 0.053125 0.116667
7 0.614062 0.729167 0.046875 0.105556
8 0.467187 0.370139 0.059375 0.084722
9 0.425000 0.250000 0.053125 0.116667
9 0.618750 0.858333 0.050000 0.108333
10 0.176563 0.413194 0.070312 0.109722
10 0.537109 0.550000 0.050781 0.111111
10 0.542188 0.782639 0.039062 0.098611
11 0.470313 0.834722 0.051562 0.111111
11 0.614062 0.729167 0.046875 0.105556
12 0.565625 0.661111 0.064062 0.116667
13 0.358594 0.773611 0.065625 0.116667
14 0.312109 0.581250 0.067969 0.115278
15 0.428125 0.462500 0.065625 0.119444
16 0.265625 0.308333 0.057813 0.077778
17 0.237891 0.473611 0.064844 0.102778
17 0.631250 0.338889 0.043750 0.105556
19 0.361719 0.298611 0.059375 0.080556
20 0.552344 0.334722 0.060937 0.119444
20 0.662109 0.538889 0.041406 0.100000