0 0.294531 0.226389 0.045312 0.105556
0 0.315234 0.413889 0.063281 0.100000
0 0.344531 0.531250 0.039062 0.098611
0 0.353906 0.220139 0.045312 0.106944
0 0.357812 0.361806 0.048438 0.106944
0 0.421094 0.673611 0.064062 0.102778
0 0.416016 0.525000 0.042969 0.102778
0 0.418359 0.209722 0.042969 0.102778
0 0.467969 0.229861 0.043750 0.104167
0 0.479297 0.660417 0.052344 0.112500
0 0.484375 0.541667 0.040625 0.100000
0 0.500781 0.375000 0.060937 0.119444
0 0.518750 0.235417 0.050000 0.109722
0 0.538672 0.754861 0.064844 0.106944
0 0.559375 0.362500 0.040625 0.100000
0 0.574219 0.666667 0.056250 0.119444
0 0.581250 0.501389 0.059375 0.080556
0 0.580859 0.207639 0.046094 0.106944
0 0.619141 0.754167 0.066406 0.102778
0 0.614844 0.343750 0.051562 0.112500
0 0.629297 0.630556 0.057031 0.116667
0 0.631250 0.205556 0.046875 0.108333
0 0.678906 0.336111 0.068750 0.116667
0 0.687500 0.707639 0.065625 0.098611
0 0.702344 0.581250 0.051562 0.112500
0 0.718750 0.450694 0.062500 0.084722
0 0.758984 0.198611 0.046094 0.105556
0 0.759375 0.609028 0.046875 0.106944
0 0.772266 0.329861 0.049219 0.109722
0 0.785547 0.442361 0.047656 0.106944
1 0.294531 0.226389 0.045312 0.105556
1 0.315234 0.413889 0.063281 0.100000
1 0.344531 0.531250 0.039062 0.098611
1 0.353906 0.220139 0.045312 0.106944
1 0.357812 0.361806 0.048438 0.106944
1 0.421094 0.673611 0.064062 0.102778
1 0.416016 0.525000 0.042969 0.102778
1 0.418359 0.209722 0.042969 0.102778
1 0.467969 0.229861 0.043750 0.104167
1 0.479297 0.660417 0.052344 0.112500
1 0.484375 0.541667 0.040625 0.100000
1 0.500781 0.375000 0.060937 0.119444
1 0.518750 0.235417 0.050000 0.109722
1 0.559375 0.362500 0.040625 0.100000
1 0.574219 0.666667 0.056250 0.119444
1 0.581250 0.501389 0.059375 0.080556
1 0.580859 0.207639 0.046094 0.106944
1 0.619141 0.754167 0.066406 0.102778
1 0.614844 0.343750 0.051562 0.112500
1 0.629297 0.630556 0.057031 0.116667
1 0.631250 0.205556 0.046875 0.108333
1 0.678906 0.336111 0.068750 0.116667
1 0.687500 0.707639 0.065625 0.098611
1 0.702344 0.581250 0.051562 0.112500
1 0.718750 0.450694 0.062500 0.084722
1 0.758984 0.198611 0.046094 0.105556
1 0.759375 0.609028 0.046875 0.106944
1 0.785547 0.442361 0.047656 0.106944
3 0.538672 0.754861 0.064844 0.106944
3 0.772266 0.329861 0.049219 0.109722
4 0.315234 0.413889 0.063281 0.100000
4 0.418359 0.209722 0.042969 0.102778
4 0.467969 0.229861 0.043750 0.104167
4 0.479297 0.660417 0.052344 0.112500
4 0.484375 0.541667 0.040625 0.100000
4 0.629297 0.630556 0.057031 0.116667
4 0.678906 0.336111 0.068750 0.116667
5 0.294531 0.226389 0.045312 0.105556
5 0.416016 0.525000 0.042969 0.102778
5 0.518750 0.235417 0.050000 0.109722
5 0.574219 0.666667 0.056250 0.119444
5 0.614844 0.343750 0.051562 0.112500
5 0.631250 0.205556 0.046875 0.108333
5 0.718750 0.450694 0.062500 0.084722
5 0.759375 0.609028 0.046875 0.106944
6 0.344531 0.531250 0.039062 0.098611
6 0.559375 0.362500 0.040625 0.100000
6 0.581250 0.501389 0.059375 0.080556
6 0.619141 0.754167 0.066406 0.102778
6 0.785547 0.442361 0.047656 0.106944
7 0.353906 0.220139 0.045312 0.106944
7 0.357812 0.361806 0.048438 0.106944
7 0.421094 0.673611 0.064062 0.102778
7 0.500781 0.375000 0.060937 0.119444
7 0.580859 0.207639 0.046094 0.106944
7 0.687500 0.707639 0.065625 0.098611
7 0.702344 0.581250 0.051562 0.112500
7 0.758984 0.198611 0.046094 0.105556
8 0.418359 0.209722 0.042969 0.102778
8 0.500781 0.375000 0.060937 0.119444
9 0.574219 0.666667 0.056250 0.119444
9 0.758984 0.198611 0.046094 0.105556
10 0.353906 0.220139 0.045312 0.106944
10 0.631250 0.205556 0.046875 0.108333
10 0.678906 0.336111 0.068750 0.116667
11 0.357812 0.361806 0.048438 0.106944
11 0.479297 0.660417 0.052344 0.112500
11 0.614844 0.343750 0.051562 0.112500
12 0.581250 0.501389 0.059375 0.080556
13 0.294531 0.226389 0.045312 0.105556
13 0.467969 0.229861 0.043750 0.104167
14 0.580859 0.207639 0.046094 0.106944
14 0.785547 0.442361 0.047656 0.106944
15 0.421094 0.673611 0.064062 0.102778
16 0.416016 0.525000 0.042969 0.102778
16 0.619141 0.754167 0.066406 0.102778
17 0.484375 0.541667 0.040625 0.100000
17 0.518750 0.235417 0.050000 0.109722
17 0.559375 0.362500 0.040625 0.100000
18 0.629297 0.630556 0.057031 0.116667
18 0.687500 0.707639 0.065625 0.098611
18 0.759375 0.609028 0.046875 0.106944
19 0.344531 0.531250 0.039062 0.098611
19 0.702344 0.581250 0.051562 0.112500
20 0.315234 0.413889 0.063281 0.100000
20 0.718750 0.450694 0.062500 0.084722