0 0.109375 0.506944 0.048438 0.108333
0 0.149219 0.362500 0.067187 0.102778
0 0.173437 0.532639 0.060937 0.084722
0 0.173437 0.676389 0.060937 0.080556
0 0.212500 0.370139 0.053125 0.118056
0 0.240234 0.690278 0.050781 0.111111
0 0.246094 0.111111 0.059375 0.080556
0 0.242969 0.518750 0.053125 0.112500
0 0.267188 0.411111 0.065625 0.094444
0 0.295312 0.581250 0.062500 0.087500
0 0.299609 0.717361 0.063281 0.090278
0 0.307031 0.301389 0.056250 0.077778
0 0.308594 0.061111 0.056250 0.077778
0 0.336328 0.437500 0.057031 0.119444
0 0.354297 0.559722 0.058594 0.119444
0 0.374219 0.679167 0.059375 0.119444
0 0.379688 0.151389 0.059375 0.075000
0 0.390625 0.300000 0.062500 0.086111
0 0.394531 0.430556 0.054688 0.116667
0 0.402344 0.787500 0.057813 0.080556
0 0.416797 0.543750 0.057031 0.118056
0 0.428125 0.670833 0.057813 0.119444
0 0.447266 0.409722 0.055469 0.119444
0 0.464062 0.793750 0.051562 0.109722
0 0.473438 0.536111 0.059375 0.119444
0 0.475000 0.670833 0.057813 0.119444
0 0.486719 0.185417 0.057813 0.084722
0 0.505859 0.400000 0.057031 0.119444
0 0.524219 0.662500 0.057813 0.119444
0 0.524609 0.521528 0.057031 0.118056
0 0.543359 0.779167 0.047656 0.108333
0 0.601562 0.768750 0.059375 0.079167
1 0.336328 0.437500 0.057031 0.119444
1 0.354297 0.559722 0.058594 0.119444
1 0.374219 0.679167 0.059375 0.119444
1 0.390625 0.300000 0.062500 0.086111
1 0.394531 0.430556 0.054688 0.116667
1 0.416797 0.543750 0.057031 0.118056
1 0.428125 0.670833 0.057813 0.119444
1 0.447266 0.409722 0.055469 0.119444
1 0.473438 0.536111 0.059375 0.119444
1 0.475000 0.670833 0.057813 0.119444
1 0.505859 0.400000 0.057031 0.119444
1 0.524219 0.662500 0.057813 0.119444
1 0.524609 0.521528 0.057031 0.118056
2 0.149219 0.362500 0.067187 0.102778
2 0.173437 0.676389 0.060937 0.080556
2 0.212500 0.370139 0.053125 0.118056
2 0.240234 0.690278 0.050781 0.111111
2 0.246094 0.111111 0.059375 0.080556
2 0.267188 0.411111 0.065625 0.094444
2 0.299609 0.717361 0.063281 0.090278
2 0.307031 0.301389 0.056250 0.077778
2 0.308594 0.061111 0.056250 0.077778
2 0.379688 0.151389 0.059375 0.075000
2 0.486719 0.185417 0.057813 0.084722
3 0.109375 0.506944 0.048438 0.108333
3 0.173437 0.532639 0.060937 0.084722
3 0.242969 0.518750 0.053125 0.112500
3 0.295312 0.581250 0.062500 0.087500
3 0.402344 0.787500 0.057813 0.080556
3 0.464062 0.793750 0.051562 0.109722
3 0.543359 0.779167 0.047656 0.108333
3 0.601562 0.768750 0.059375 0.079167
6 0.336328 0.437500 0.057031 0.119444
6 0.354297 0.559722 0.058594 0.119444
6 0.374219 0.679167 0.059375 0.119444
6 0.390625 0.300000 0.062500 0.086111
6 0.394531 0.430556 0.054688 0.116667
6 0.416797 0.543750 0.057031 0.118056
6 0.428125 0.670833 0.057813 0.119444
6 0.447266 0.409722 0.055469 0.119444
6 0.473438 0.536111 0.059375 0.119444
6 0.475000 0.670833 0.057813 0.119444
6 0.505859 0.400000 0.057031 0.119444
6 0.524219 0.662500 0.057813 0.119444
6 0.524609 0.521528 0.057031 0.118056
8 0.524219 0.662500 0.057813 0.119444
9 0.475000 0.670833 0.057813 0.119444
10 0.428125 0.670833 0.057813 0.119444
11 0.374219 0.679167 0.059375 0.119444
12 0.524609 0.521528 0.057031 0.118056
13 0.473438 0.536111 0.059375 0.119444
14 0.416797 0.543750 0.057031 0.118056
15 0.354297 0.559722 0.058594 0.119444
16 0.505859 0.400000 0.057031 0.119444
17 0.447266 0.409722 0.055469 0.119444
18 0.394531 0.430556 0.054688 0.116667
19 0.336328 0.437500 0.057031 0.119444
20 0.390625 0.300000 0.062500 0.086111