0 0.277734 0.589583 0.052344 0.112500
0 0.309375 0.740278 0.043750 0.102778
0 0.328125 0.856250 0.043750 0.101389
0 0.337109 0.436111 0.042969 0.102778
0 0.349609 0.612500 0.046094 0.105556
0 0.368750 0.738889 0.043750 0.105556
0 0.391406 0.846528 0.042188 0.104167
0 0.403125 0.584028 0.050000 0.112500
0 0.403516 0.446528 0.041406 0.101389
0 0.428125 0.711111 0.046875 0.108333
0 0.450000 0.840278 0.050000 0.111111
0 0.456250 0.579861 0.043750 0.106944
0 0.471484 0.443056 0.039844 0.100000
0 0.485156 0.701389 0.050000 0.111111
0 0.504687 0.572917 0.053125 0.112500
0 0.521875 0.820139 0.053125 0.115278
0 0.518359 0.432639 0.044531 0.106944
0 0.532813 0.686111 0.040625 0.100000
0 0.583594 0.670833 0.060937 0.100000
0 0.587109 0.530556 0.041406 0.100000
0 0.650781 0.665278 0.045312 0.105556
1 0.277734 0.589583 0.052344 0.112500
1 0.309375 0.740278 0.043750 0.102778
1 0.328125 0.856250 0.043750 0.101389
1 0.337109 0.436111 0.042969 0.102778
1 0.349609 0.612500 0.046094 0.105556
1 0.368750 0.738889 0.043750 0.105556
1 0.391406 0.846528 0.042188 0.104167
1 0.403125 0.584028 0.050000 0.112500
1 0.428125 0.711111 0.046875 0.108333
1 0.450000 0.840278 0.050000 0.111111
1 0.456250 0.579861 0.043750 0.106944
1 0.485156 0.701389 0.050000 0.111111
1 0.504687 0.572917 0.053125 0.112500
1 0.521875 0.820139 0.053125 0.115278
1 0.518359 0.432639 0.044531 0.106944
1 0.532813 0.686111 0.040625 0.100000
1 0.583594 0.670833 0.060937 0.100000
1 0.650781 0.665278 0.045312 0.105556
2 0.471484 0.443056 0.039844 0.100000
3 0.403516 0.446528 0.041406 0.101389
3 0.587109 0.530556 0.041406 0.100000
4 0.309375 0.740278 0.043750 0.102778
4 0.403125 0.584028 0.050000 0.112500
4 0.428125 0.711111 0.046875 0.108333
4 0.456250 0.579861 0.043750 0.106944
4 0.485156 0.701389 0.050000 0.111111
5 0.277734 0.589583 0.052344 0.112500
5 0.328125 0.856250 0.043750 0.101389
5 0.349609 0.612500 0.046094 0.105556
5 0.518359 0.432639 0.044531 0.106944
6 0.337109 0.436111 0.042969 0.102778
6 0.391406 0.846528 0.042188 0.104167
6 0.450000 0.840278 0.050000 0.111111
6 0.504687 0.572917 0.053125 0.112500
6 0.521875 0.820139 0.053125 0.115278
6 0.532813 0.686111 0.040625 0.100000
6 0.583594 0.670833 0.060937 0.100000
6 0.650781 0.665278 0.045312 0.105556
7 0.368750 0.738889 0.043750 0.105556
8 0.328125 0.856250 0.043750 0.101389
8 0.521875 0.820139 0.053125 0.115278
9 0.485156 0.701389 0.050000 0.111111
9 0.583594 0.670833 0.060937 0.100000
10 0.337109 0.436111 0.042969 0.102778
11 0.504687 0.572917 0.053125 0.112500
12 0.456250 0.579861 0.043750 0.106944
12 0.518359 0.432639 0.044531 0.106944
13 0.450000 0.840278 0.050000 0.111111
14 0.349609 0.612500 0.046094 0.105556
14 0.403125 0.584028 0.050000 0.112500
15 0.428125 0.711111 0.046875 0.108333
15 0.650781 0.665278 0.045312 0.105556
16 0.309375 0.740278 0.043750 0.102778
16 0.368750 0.738889 0.043750 0.105556
18 0.532813 0.686111 0.040625 0.100000
19 0.277734 0.589583 0.052344 0.112500
20 0.391406 0.846528 0.042188 0.104167