0 0.141406 0.368750 0.050000 0.112500
0 0.190625 0.408333 0.042188 0.102778
0 0.221094 0.572222 0.062500 0.119444
0 0.267578 0.475000 0.049219 0.108333
0 0.296875 0.647222 0.059375 0.119444
0 0.327734 0.062500 0.058594 0.077778
0 0.371875 0.487500 0.065625 0.119444
0 0.368359 0.650000 0.042969 0.105556
0 0.385937 0.050000 0.057813 0.080556
0 0.444922 0.045833 0.058594 0.077778
0 0.441406 0.618056 0.051562 0.111111
0 0.457813 0.400000 0.046875 0.105556
0 0.481250 0.285417 0.062500 0.090278
0 0.478906 0.711111 0.043750 0.105556
0 0.503516 0.045833 0.057031 0.077778
0 0.521484 0.202778 0.063281 0.097222
0 0.521875 0.432639 0.053125 0.115278
0 0.540625 0.692361 0.064062 0.106944
0 0.555859 0.322917 0.067969 0.115278
0 0.600781 0.695139 0.059375 0.115278
0 0.599219 0.487500 0.040625 0.097222
0 0.653516 0.734722 0.060156 0.113889
0 0.669531 0.515972 0.067187 0.109722
1 0.327734 0.062500 0.058594 0.077778
1 0.385937 0.050000 0.057813 0.080556
1 0.444922 0.045833 0.058594 0.077778
1 0.503516 0.045833 0.057031 0.077778
2 0.141406 0.368750 0.050000 0.112500
2 0.190625 0.408333 0.042188 0.102778
2 0.371875 0.487500 0.065625 0.119444
2 0.457813 0.400000 0.046875 0.105556
2 0.521875 0.432639 0.053125 0.115278
2 0.540625 0.692361 0.064062 0.106944
2 0.555859 0.322917 0.067969 0.115278
2 0.600781 0.695139 0.059375 0.115278
2 0.599219 0.487500 0.040625 0.097222
2 0.653516 0.734722 0.060156 0.113889
2 0.669531 0.515972 0.067187 0.109722
3 0.221094 0.572222 0.062500 0.119444
3 0.267578 0.475000 0.049219 0.108333
3 0.296875 0.647222 0.059375 0.119444
3 0.368359 0.650000 0.042969 0.105556
3 0.441406 0.618056 0.051562 0.111111
3 0.481250 0.285417 0.062500 0.090278
3 0.478906 0.711111 0.043750 0.105556
3 0.521484 0.202778 0.063281 0.097222
5 0.503516 0.045833 0.057031 0.077778
7 0.327734 0.062500 0.058594 0.077778
7 0.385937 0.050000 0.057813 0.080556
7 0.444922 0.045833 0.058594 0.077778
8 0.327734 0.062500 0.058594 0.077778
10 0.385937 0.050000 0.057813 0.080556
17 0.444922 0.045833 0.058594 0.077778
17 0.503516 0.045833 0.057031 0.077778