0 0.137500 0.503472 0.050000 0.109722
0 0.178516 0.372917 0.069531 0.115278
0 0.193750 0.668750 0.064062 0.093056
0 0.246875 0.554861 0.065625 0.098611
0 0.260156 0.411111 0.062500 0.122222
0 0.262500 0.695139 0.056250 0.118056
0 0.316406 0.567361 0.057813 0.118056
0 0.318750 0.723611 0.057813 0.119444
0 0.325781 0.151389 0.045312 0.108333
0 0.338281 0.415972 0.064062 0.095833
0 0.373047 0.155556 0.044531 0.108333
0 0.398438 0.647222 0.067187 0.102778
0 0.419141 0.156944 0.044531 0.108333
0 0.457031 0.762500 0.067187 0.113889
0 0.466016 0.161111 0.044531 0.108333
0 0.494531 0.876389 0.050000 0.108333
0 0.543750 0.381250 0.064062 0.118056
0 0.555859 0.834028 0.044531 0.104167
0 0.584375 0.696528 0.060937 0.115278
0 0.612891 0.415278 0.063281 0.119444
0 0.630859 0.812500 0.067969 0.116667
0 0.659375 0.518056 0.065625 0.113889
0 0.681250 0.409722 0.051562 0.111111
1 0.325781 0.151389 0.045312 0.108333
1 0.373047 0.155556 0.044531 0.108333
1 0.419141 0.156944 0.044531 0.108333
1 0.466016 0.161111 0.044531 0.108333
2 0.178516 0.372917 0.069531 0.115278
2 0.193750 0.668750 0.064062 0.093056
2 0.260156 0.411111 0.062500 0.122222
2 0.262500 0.695139 0.056250 0.118056
2 0.318750 0.723611 0.057813 0.119444
2 0.338281 0.415972 0.064062 0.095833
2 0.543750 0.381250 0.064062 0.118056
2 0.584375 0.696528 0.060937 0.115278
2 0.612891 0.415278 0.063281 0.119444
2 0.659375 0.518056 0.065625 0.113889
2 0.681250 0.409722 0.051562 0.111111
3 0.137500 0.503472 0.050000 0.109722
3 0.246875 0.554861 0.065625 0.098611
3 0.316406 0.567361 0.057813 0.118056
3 0.398438 0.647222 0.067187 0.102778
3 0.457031 0.762500 0.067187 0.113889
3 0.494531 0.876389 0.050000 0.108333
3 0.555859 0.834028 0.044531 0.104167
3 0.630859 0.812500 0.067969 0.116667
4 0.325781 0.151389 0.045312 0.108333
5 0.419141 0.156944 0.044531 0.108333
6 0.466016 0.161111 0.044531 0.108333
7 0.373047 0.155556 0.044531 0.108333
9 0.325781 0.151389 0.045312 0.108333
9 0.373047 0.155556 0.044531 0.108333
9 0.419141 0.156944 0.044531 0.108333
9 0.466016 0.161111 0.044531 0.108333