0 0.289844 0.637500 0.040625 0.100000
0 0.329688 0.494444 0.056250 0.113889
0 0.389062 0.619444 0.064062 0.108333
0 0.398438 0.751389 0.064062 0.097222
0 0.441797 0.569444 0.066406 0.111111
0 0.512891 0.513889 0.061719 0.119444
0 0.714063 0.581944 0.064062 0.100000
1 0.289844 0.637500 0.040625 0.100000
1 0.329688 0.494444 0.056250 0.113889
1 0.398438 0.751389 0.064062 0.097222
2 0.714063 0.581944 0.064062 0.100000
3 0.389062 0.619444 0.064062 0.108333
3 0.441797 0.569444 0.066406 0.111111
3 0.512891 0.513889 0.061719 0.119444
4 0.329688 0.494444 0.056250 0.113889
4 0.398438 0.751389 0.064062 0.097222
5 0.289844 0.637500 0.040625 0.100000
13 0.289844 0.637500 0.040625 0.100000
13 0.329688 0.494444 0.056250 0.113889
14 0.398438 0.751389 0.064062 0.097222