0 0.092188 0.122222 0.071875 0.088889
0 0.125000 0.542361 0.050000 0.118056
0 0.158984 0.111111 0.067969 0.091667
0 0.188281 0.487500 0.068750 0.130556
0 0.187500 0.693750 0.067187 0.129167
0 0.228125 0.103472 0.073438 0.090278
0 0.250391 0.753472 0.058594 0.126389
0 0.294922 0.091667 0.067969 0.091667
0 0.323437 0.687500 0.073438 0.130556
0 0.322656 0.826389 0.064062 0.130556
0 0.345313 0.425000 0.056250 0.122222
0 0.369141 0.575000 0.067969 0.130556
0 0.378906 0.825000 0.056250 0.122222
0 0.425000 0.521528 0.073438 0.115278
0 0.448437 0.647222 0.064062 0.133333
0 0.451562 0.828472 0.045312 0.109722
0 0.462500 0.282639 0.062500 0.084722
0 0.477734 0.420833 0.066406 0.097222
0 0.532813 0.612500 0.067187 0.127778
0 0.562500 0.284722 0.073438 0.113889
0 0.574219 0.501389 0.070312 0.111111
0 0.572656 0.811111 0.056250 0.119444
0 0.637109 0.686111 0.069531 0.125000
1 0.092188 0.122222 0.071875 0.088889
1 0.158984 0.111111 0.067969 0.091667
1 0.228125 0.103472 0.073438 0.090278
1 0.294922 0.091667 0.067969 0.091667
2 0.188281 0.487500 0.068750 0.130556
2 0.250391 0.753472 0.058594 0.126389
2 0.323437 0.687500 0.073438 0.130556
2 0.345313 0.425000 0.056250 0.122222
2 0.425000 0.521528 0.073438 0.115278
2 0.451562 0.828472 0.045312 0.109722
2 0.477734 0.420833 0.066406 0.097222
2 0.532813 0.612500 0.067187 0.127778
2 0.574219 0.501389 0.070312 0.111111
2 0.572656 0.811111 0.056250 0.119444
2 0.637109 0.686111 0.069531 0.125000
3 0.125000 0.542361 0.050000 0.118056
3 0.187500 0.693750 0.067187 0.129167
3 0.322656 0.826389 0.064062 0.130556
3 0.369141 0.575000 0.067969 0.130556
3 0.378906 0.825000 0.056250 0.122222
3 0.448437 0.647222 0.064062 0.133333
3 0.462500 0.282639 0.062500 0.084722
3 0.562500 0.284722 0.073438 0.113889
5 0.228125 0.103472 0.073438 0.090278
5 0.294922 0.091667 0.067969 0.091667
6 0.158984 0.111111 0.067969 0.091667
7 0.092188 0.122222 0.071875 0.088889
9 0.294922 0.091667 0.067969 0.091667
11 0.092188 0.122222 0.071875 0.088889
14 0.228125 0.103472 0.073438 0.090278
17 0.158984 0.111111 0.067969 0.091667