0 0.162891 0.556944 0.044531 0.105556
0 0.168359 0.422222 0.044531 0.102778
0 0.187109 0.273611 0.044531 0.102778
0 0.223828 0.704167 0.072656 0.111111
0 0.230469 0.443056 0.053125 0.111111
0 0.239453 0.319444 0.044531 0.102778
0 0.283594 0.206250 0.048438 0.109722
0 0.285938 0.449306 0.043750 0.101389
0 0.291406 0.752083 0.050000 0.112500
0 0.292187 0.329167 0.042188 0.102778
0 0.310547 0.593750 0.041406 0.098611
0 0.335547 0.198611 0.044531 0.100000
0 0.349609 0.463194 0.046094 0.106944
0 0.355859 0.337500 0.042969 0.097222
0 0.365625 0.695139 0.062500 0.123611
0 0.412500 0.455556 0.045312 0.105556
0 0.414062 0.206944 0.043750 0.102778
0 0.422656 0.585417 0.051562 0.112500
0 0.421094 0.343750 0.045312 0.104167
0 0.430469 0.809028 0.064062 0.093056
0 0.465625 0.697222 0.062500 0.122222
0 0.528125 0.777083 0.064062 0.123611
1 0.162891 0.556944 0.044531 0.105556
1 0.187109 0.273611 0.044531 0.102778
1 0.223828 0.704167 0.072656 0.111111
1 0.230469 0.443056 0.053125 0.111111
1 0.283594 0.206250 0.048438 0.109722
1 0.414062 0.206944 0.043750 0.102778
1 0.422656 0.585417 0.051562 0.112500
1 0.465625 0.697222 0.062500 0.122222
1 0.528125 0.777083 0.064062 0.123611
2 0.168359 0.422222 0.044531 0.102778
2 0.285938 0.449306 0.043750 0.101389
2 0.291406 0.752083 0.050000 0.112500
2 0.292187 0.329167 0.042188 0.102778
2 0.310547 0.593750 0.041406 0.098611
2 0.335547 0.198611 0.044531 0.100000
2 0.365625 0.695139 0.062500 0.123611
2 0.412500 0.455556 0.045312 0.105556
3 0.239453 0.319444 0.044531 0.102778
3 0.349609 0.463194 0.046094 0.106944
3 0.355859 0.337500 0.042969 0.097222
3 0.421094 0.343750 0.045312 0.104167
3 0.430469 0.809028 0.064062 0.093056
4 0.223828 0.704167 0.072656 0.111111
4 0.230469 0.443056 0.053125 0.111111
5 0.283594 0.206250 0.048438 0.109722
6 0.187109 0.273611 0.044531 0.102778
6 0.414062 0.206944 0.043750 0.102778
6 0.465625 0.697222 0.062500 0.122222
7 0.162891 0.556944 0.044531 0.105556
7 0.422656 0.585417 0.051562 0.112500
7 0.528125 0.777083 0.064062 0.123611
8 0.187109 0.273611 0.044531 0.102778
8 0.230469 0.443056 0.053125 0.111111
11 0.223828 0.704167 0.072656 0.111111
11 0.283594 0.206250 0.048438 0.109722
11 0.528125 0.777083 0.064062 0.123611
17 0.162891 0.556944 0.044531 0.105556
17 0.465625 0.697222 0.062500 0.122222
18 0.422656 0.585417 0.051562 0.112500
19 0.414062 0.206944 0.043750 0.102778