0 0.235156 0.489583 0.070312 0.123611
0 0.239063 0.782639 0.068750 0.126389
0 0.309375 0.448611 0.068750 0.119444
0 0.308984 0.693750 0.058594 0.081944
0 0.326562 0.798611 0.067187 0.102778
0 0.371094 0.543056 0.048438 0.108333
0 0.400000 0.641667 0.057813 0.119444
0 0.430859 0.898611 0.067969 0.119444
0 0.458203 0.562500 0.052344 0.116667
0 0.489063 0.770139 0.054688 0.115278
0 0.509766 0.431250 0.042969 0.104167
0 0.538672 0.590972 0.063281 0.115278
0 0.542188 0.745139 0.062500 0.118056
0 0.550000 0.881944 0.050000 0.111111
0 0.584766 0.394444 0.061719 0.113889
0 0.618359 0.808333 0.064844 0.108333
0 0.643750 0.693750 0.065625 0.112500
0 0.687500 0.472222 0.056250 0.086111
0 0.688281 0.597222 0.053125 0.111111
2 0.235156 0.489583 0.070312 0.123611
2 0.239063 0.782639 0.068750 0.126389
2 0.309375 0.448611 0.068750 0.119444
2 0.308984 0.693750 0.058594 0.081944
2 0.326562 0.798611 0.067187 0.102778
2 0.371094 0.543056 0.048438 0.108333
2 0.458203 0.562500 0.052344 0.116667
2 0.509766 0.431250 0.042969 0.104167
2 0.584766 0.394444 0.061719 0.113889
2 0.687500 0.472222 0.056250 0.086111
2 0.688281 0.597222 0.053125 0.111111
3 0.400000 0.641667 0.057813 0.119444
3 0.430859 0.898611 0.067969 0.119444
3 0.489063 0.770139 0.054688 0.115278
3 0.538672 0.590972 0.063281 0.115278
3 0.542188 0.745139 0.062500 0.118056
3 0.550000 0.881944 0.050000 0.111111
3 0.618359 0.808333 0.064844 0.108333
3 0.643750 0.693750 0.065625 0.112500