0 0.448047 0.259028 0.064844 0.095833
0 0.445312 0.397917 0.051562 0.115278
0 0.511328 0.156250 0.057031 0.073611
0 0.542188 0.443750 0.056250 0.079167
0 0.569141 0.266667 0.060156 0.075000
0 0.592969 0.118056 0.053125 0.111111
0 0.596094 0.514583 0.054688 0.118056
0 0.655469 0.438194 0.064062 0.112500
0 0.666797 0.554167 0.063281 0.113889
0 0.671094 0.262500 0.056250 0.116667
0 0.725781 0.404167 0.068750 0.119444
0 0.719922 0.101389 0.052344 0.113889
0 0.733984 0.296528 0.060156 0.090278
0 0.775000 0.193056 0.056250 0.127778
1 0.569141 0.266667 0.060156 0.075000
2 0.445312 0.397917 0.051562 0.115278
2 0.511328 0.156250 0.057031 0.073611
2 0.542188 0.443750 0.056250 0.079167
2 0.592969 0.118056 0.053125 0.111111
2 0.596094 0.514583 0.054688 0.118056
2 0.655469 0.438194 0.064062 0.112500
2 0.666797 0.554167 0.063281 0.113889
2 0.671094 0.262500 0.056250 0.116667
2 0.725781 0.404167 0.068750 0.119444
2 0.733984 0.296528 0.060156 0.090278
2 0.775000 0.193056 0.056250 0.127778
3 0.448047 0.259028 0.064844 0.095833
3 0.719922 0.101389 0.052344 0.113889
6 0.569141 0.266667 0.060156 0.075000
20 0.569141 0.266667 0.060156 0.075000