0 0.328516 0.363889 0.060156 0.083333
0 0.353125 0.255556 0.057813 0.086111
0 0.367969 0.150000 0.065625 0.102778
0 0.376172 0.581250 0.066406 0.098611
0 0.400000 0.473611 0.065625 0.105556
0 0.427344 0.355556 0.060937 0.088889
0 0.444531 0.191667 0.070312 0.116667
0 0.473438 0.597222 0.042188 0.102778
0 0.483984 0.456250 0.058594 0.084722
0 0.490625 0.279167 0.046875 0.111111
0 0.501563 0.087500 0.067187 0.108333
0 0.556250 0.588889 0.060937 0.083333
0 0.564063 0.281250 0.062500 0.093056
0 0.567578 0.386806 0.064844 0.101389
0 0.576172 0.190972 0.061719 0.090278
0 0.576562 0.718056 0.062500 0.116667
0 0.628125 0.350000 0.043750 0.102778
0 0.641406 0.492361 0.062500 0.112500
1 0.400000 0.473611 0.065625 0.105556
1 0.473438 0.597222 0.042188 0.102778
2 0.328516 0.363889 0.060156 0.083333
2 0.353125 0.255556 0.057813 0.086111
2 0.427344 0.355556 0.060937 0.088889
2 0.444531 0.191667 0.070312 0.116667
2 0.483984 0.456250 0.058594 0.084722
2 0.490625 0.279167 0.046875 0.111111
2 0.501563 0.087500 0.067187 0.108333
2 0.564063 0.281250 0.062500 0.093056
2 0.567578 0.386806 0.064844 0.101389
2 0.576562 0.718056 0.062500 0.116667
2 0.641406 0.492361 0.062500 0.112500
3 0.367969 0.150000 0.065625 0.102778
3 0.376172 0.581250 0.066406 0.098611
3 0.556250 0.588889 0.060937 0.083333
3 0.576172 0.190972 0.061719 0.090278
3 0.628125 0.350000 0.043750 0.102778
5 0.400000 0.473611 0.065625 0.105556
5 0.473438 0.597222 0.042188 0.102778
14 0.473438 0.597222 0.042188 0.102778
20 0.400000 0.473611 0.065625 0.105556