0 0.303125 0.507639 0.040625 0.095833
0 0.306641 0.357639 0.046094 0.104167
0 0.348828 0.572222 0.052344 0.113889
0 0.403125 0.554861 0.053125 0.112500
0 0.461328 0.437500 0.061719 0.091667
0 0.493750 0.531250 0.054688 0.112500
0 0.557813 0.268056 0.065625 0.097222
0 0.550000 0.429861 0.050000 0.109722
0 0.615234 0.271528 0.041406 0.098611
0 0.666016 0.400000 0.058594 0.077778
0 0.681250 0.523611 0.068750 0.105556
0 0.755469 0.411111 0.050000 0.108333
0 0.794141 0.263889 0.071094 0.119444
2 0.303125 0.507639 0.040625 0.095833
2 0.306641 0.357639 0.046094 0.104167
2 0.348828 0.572222 0.052344 0.113889
2 0.403125 0.554861 0.053125 0.112500
2 0.493750 0.531250 0.054688 0.112500
2 0.550000 0.429861 0.050000 0.109722
2 0.615234 0.271528 0.041406 0.098611
2 0.666016 0.400000 0.058594 0.077778
2 0.681250 0.523611 0.068750 0.105556
2 0.755469 0.411111 0.050000 0.108333
2 0.794141 0.263889 0.071094 0.119444
3 0.461328 0.437500 0.061719 0.091667
3 0.557813 0.268056 0.065625 0.097222