0 0.189062 0.444444 0.052344 0.113889
0 0.203125 0.591667 0.059375 0.120833
0 0.256250 0.448611 0.059375 0.076389
0 0.264062 0.311111 0.046094 0.105556
0 0.289844 0.572222 0.058594 0.076389
0 0.333594 0.391667 0.054688 0.116667
0 0.346094 0.702778 0.049219 0.108333
0 0.346875 0.254167 0.047656 0.108333
0 0.362500 0.505556 0.058594 0.079167
0 0.403906 0.373611 0.047656 0.108333
0 0.407031 0.230556 0.039844 0.097222
0 0.424219 0.643056 0.054688 0.116667
0 0.439063 0.491667 0.043750 0.102778
0 0.467969 0.345833 0.051562 0.112500
0 0.469531 0.202778 0.049219 0.109722
0 0.475000 0.781944 0.056250 0.119444
0 0.507812 0.633333 0.059375 0.122222
0 0.516406 0.381944 0.039844 0.098611
0 0.547656 0.240278 0.065625 0.116667
0 0.585156 0.481944 0.057031 0.080556
0 0.610156 0.686111 0.064844 0.120833
0 0.647656 0.375000 0.057813 0.083333
0 0.653906 0.608333 0.062500 0.120833
0 0.701562 0.511111 0.064062 0.118056
1 0.475000 0.781944 0.056250 0.119444
1 0.610156 0.686111 0.064844 0.120833
1 0.653906 0.608333 0.062500 0.120833
1 0.701562 0.511111 0.064062 0.118056
2 0.189062 0.444444 0.052344 0.113889
2 0.203125 0.591667 0.059375 0.120833
2 0.264062 0.311111 0.046094 0.105556
2 0.333594 0.391667 0.054688 0.116667
2 0.346094 0.702778 0.049219 0.108333
2 0.403906 0.373611 0.047656 0.108333
2 0.407031 0.230556 0.039844 0.097222
2 0.424219 0.643056 0.054688 0.116667
2 0.439063 0.491667 0.043750 0.102778
2 0.467969 0.345833 0.051562 0.112500
2 0.516406 0.381944 0.039844 0.098611
3 0.256250 0.448611 0.059375 0.076389
3 0.289844 0.572222 0.058594 0.076389
3 0.346875 0.254167 0.047656 0.108333
3 0.362500 0.505556 0.058594 0.079167
3 0.469531 0.202778 0.049219 0.109722
3 0.507812 0.633333 0.059375 0.122222
3 0.547656 0.240278 0.065625 0.116667
3 0.585156 0.481944 0.057031 0.080556
3 0.647656 0.375000 0.057813 0.083333
4 0.653906 0.608333 0.062500 0.120833
4 0.701562 0.511111 0.064062 0.118056
5 0.475000 0.781944 0.056250 0.119444
5 0.610156 0.686111 0.064844 0.120833
13 0.610156 0.686111 0.064844 0.120833
13 0.701562 0.511111 0.064062 0.118056
14 0.475000 0.781944 0.056250 0.119444
17 0.653906 0.608333 0.062500 0.120833