0 0.280859 0.411111 0.063281 0.105556
0 0.340234 0.238889 0.058594 0.116667
0 0.346875 0.383333 0.064062 0.105556
0 0.360938 0.520139 0.064062 0.118056
0 0.412500 0.232639 0.064062 0.101389
0 0.410938 0.404861 0.051562 0.112500
0 0.472656 0.109028 0.057813 0.076389
0 0.518359 0.246528 0.063281 0.095833
0 0.533594 0.720833 0.064062 0.119444
0 0.550000 0.843750 0.065625 0.104167
0 0.588281 0.100000 0.057813 0.077778
0 0.604688 0.648611 0.067187 0.102778
0 0.613672 0.340278 0.067969 0.122222
0 0.636719 0.803472 0.056250 0.118056
0 0.639844 0.491667 0.050000 0.111111
0 0.646484 0.086111 0.058594 0.080556
0 0.695312 0.702778 0.051562 0.111111
0 0.710938 0.836111 0.067187 0.116667
0 0.719531 0.393056 0.059375 0.077778
0 0.746094 0.606250 0.065625 0.095833
0 0.784375 0.488889 0.060937 0.077778
0 0.803125 0.725000 0.065625 0.100000
1 0.472656 0.109028 0.057813 0.076389
1 0.588281 0.100000 0.057813 0.077778
1 0.646484 0.086111 0.058594 0.080556
2 0.412500 0.232639 0.064062 0.101389
2 0.410938 0.404861 0.051562 0.112500
2 0.518359 0.246528 0.063281 0.095833
2 0.613672 0.340278 0.067969 0.122222
2 0.639844 0.491667 0.050000 0.111111
2 0.695312 0.702778 0.051562 0.111111
2 0.710938 0.836111 0.067187 0.116667
2 0.719531 0.393056 0.059375 0.077778
2 0.746094 0.606250 0.065625 0.095833
2 0.784375 0.488889 0.060937 0.077778
2 0.803125 0.725000 0.065625 0.100000
3 0.280859 0.411111 0.063281 0.105556
3 0.340234 0.238889 0.058594 0.116667
3 0.346875 0.383333 0.064062 0.105556
3 0.360938 0.520139 0.064062 0.118056
3 0.533594 0.720833 0.064062 0.119444
3 0.550000 0.843750 0.065625 0.104167
3 0.604688 0.648611 0.067187 0.102778
3 0.636719 0.803472 0.056250 0.118056
5 0.472656 0.109028 0.057813 0.076389
6 0.588281 0.100000 0.057813 0.077778
6 0.646484 0.086111 0.058594 0.080556
13 0.472656 0.109028 0.057813 0.076389
13 0.646484 0.086111 0.058594 0.080556
15 0.588281 0.100000 0.057813 0.077778