0 0.271094 0.405556 0.062500 0.102778
0 0.331250 0.230556 0.059375 0.116667
0 0.337109 0.377778 0.063281 0.105556
0 0.342187 0.100000 0.056250 0.080556
0 0.351562 0.515972 0.064062 0.118056
0 0.403125 0.226389 0.064062 0.105556
0 0.401172 0.090278 0.055469 0.075000
0 0.401562 0.398611 0.051562 0.111111
0 0.470313 0.089583 0.056250 0.076389
0 0.508984 0.243056 0.064844 0.094444
0 0.524609 0.713889 0.064844 0.119444
0 0.540625 0.837500 0.065625 0.105556
0 0.541406 0.097222 0.057813 0.075000
0 0.595703 0.641667 0.066406 0.102778
0 0.605469 0.334028 0.068750 0.120833
0 0.626953 0.795139 0.055469 0.118056
0 0.631250 0.487500 0.050000 0.111111
0 0.684766 0.697222 0.052344 0.111111
0 0.701562 0.830556 0.065625 0.116667
0 0.709766 0.387500 0.060156 0.077778
0 0.735938 0.600000 0.065625 0.094444
0 0.772266 0.482639 0.060156 0.076389
0 0.793359 0.719444 0.066406 0.100000
1 0.342187 0.100000 0.056250 0.080556
1 0.401172 0.090278 0.055469 0.075000
1 0.470313 0.089583 0.056250 0.076389
1 0.541406 0.097222 0.057813 0.075000
2 0.403125 0.226389 0.064062 0.105556
2 0.401562 0.398611 0.051562 0.111111
2 0.508984 0.243056 0.064844 0.094444
2 0.605469 0.334028 0.068750 0.120833
2 0.631250 0.487500 0.050000 0.111111
2 0.684766 0.697222 0.052344 0.111111
2 0.701562 0.830556 0.065625 0.116667
2 0.709766 0.387500 0.060156 0.077778
2 0.735938 0.600000 0.065625 0.094444
2 0.772266 0.482639 0.060156 0.076389
2 0.793359 0.719444 0.066406 0.100000
3 0.271094 0.405556 0.062500 0.102778
3 0.331250 0.230556 0.059375 0.116667
3 0.337109 0.377778 0.063281 0.105556
3 0.351562 0.515972 0.064062 0.118056
3 0.524609 0.713889 0.064844 0.119444
3 0.540625 0.837500 0.065625 0.105556
3 0.595703 0.641667 0.066406 0.102778
3 0.626953 0.795139 0.055469 0.118056
5 0.342187 0.100000 0.056250 0.080556
6 0.470313 0.089583 0.056250 0.076389
6 0.541406 0.097222 0.057813 0.075000
7 0.401172 0.090278 0.055469 0.075000
13 0.342187 0.100000 0.056250 0.080556
13 0.541406 0.097222 0.057813 0.075000
15 0.401172 0.090278 0.055469 0.075000
15 0.470313 0.089583 0.056250 0.076389