0 0.175781 0.331250 0.051562 0.106944
0 0.218359 0.523611 0.058594 0.119444
0 0.243750 0.640278 0.056250 0.116667
0 0.317578 0.143750 0.042969 0.101389
0 0.325781 0.787500 0.057813 0.119444
0 0.320312 0.248611 0.045312 0.100000
0 0.362109 0.143056 0.042969 0.100000
0 0.362891 0.250694 0.041406 0.101389
0 0.452344 0.787500 0.067187 0.119444
0 0.457031 0.369444 0.062500 0.119444
0 0.503125 0.672222 0.062500 0.100000
0 0.509766 0.282639 0.066406 0.104167
0 0.512500 0.803472 0.065625 0.120833
0 0.517188 0.409722 0.064062 0.097222
0 0.549219 0.562500 0.064062 0.097222
0 0.569531 0.880556 0.053125 0.116667
0 0.578906 0.238889 0.065625 0.119444
0 0.577734 0.695139 0.063281 0.106944
0 0.610156 0.357639 0.059375 0.084722
0 0.628516 0.830556 0.050781 0.113889
0 0.662109 0.471528 0.061719 0.120833
0 0.665625 0.688889 0.043750 0.105556
0 0.679688 0.793750 0.053125 0.076389
1 0.317578 0.143750 0.042969 0.101389
1 0.320312 0.248611 0.045312 0.100000
1 0.362109 0.143056 0.042969 0.100000
1 0.362891 0.250694 0.041406 0.101389
2 0.175781 0.331250 0.051562 0.106944
2 0.325781 0.787500 0.057813 0.119444
2 0.452344 0.787500 0.067187 0.119444
2 0.503125 0.672222 0.062500 0.100000
2 0.512500 0.803472 0.065625 0.120833
2 0.549219 0.562500 0.064062 0.097222
2 0.569531 0.880556 0.053125 0.116667
2 0.577734 0.695139 0.063281 0.106944
2 0.628516 0.830556 0.050781 0.113889
2 0.665625 0.688889 0.043750 0.105556
2 0.679688 0.793750 0.053125 0.076389
3 0.218359 0.523611 0.058594 0.119444
3 0.243750 0.640278 0.056250 0.116667
3 0.457031 0.369444 0.062500 0.119444
3 0.509766 0.282639 0.066406 0.104167
3 0.517188 0.409722 0.064062 0.097222
3 0.578906 0.238889 0.065625 0.119444
3 0.610156 0.357639 0.059375 0.084722
3 0.662109 0.471528 0.061719 0.120833
4 0.317578 0.143750 0.042969 0.101389
5 0.362109 0.143056 0.042969 0.100000
6 0.320312 0.248611 0.045312 0.100000
7 0.362891 0.250694 0.041406 0.101389
11 0.362109 0.143056 0.042969 0.100000
14 0.320312 0.248611 0.045312 0.100000
15 0.317578 0.143750 0.042969 0.101389
20 0.362891 0.250694 0.041406 0.101389