0 0.096875 0.519444 0.047656 0.108333
0 0.137500 0.375000 0.067969 0.101389
0 0.161719 0.545833 0.061719 0.084722
0 0.161719 0.690278 0.060937 0.079167
0 0.202344 0.383333 0.053125 0.116667
0 0.228125 0.704167 0.050781 0.111111
0 0.231250 0.530556 0.052344 0.112500
0 0.235937 0.123611 0.058594 0.081944
0 0.256250 0.425000 0.064844 0.094444
0 0.284375 0.595833 0.061719 0.087500
0 0.289062 0.730556 0.064062 0.090278
0 0.296875 0.313889 0.056250 0.079167
0 0.298438 0.073611 0.057031 0.080556
0 0.325781 0.451389 0.057031 0.118056
0 0.344531 0.573611 0.058594 0.118056
0 0.363281 0.693056 0.060156 0.119444
0 0.368750 0.162500 0.057813 0.080556
0 0.380469 0.313889 0.062500 0.088889
0 0.384375 0.441667 0.055469 0.118056
0 0.391406 0.801389 0.059375 0.080556
0 0.407813 0.558333 0.057813 0.118056
0 0.417969 0.684722 0.057813 0.120833
0 0.438281 0.422222 0.056250 0.118056
0 0.453125 0.808333 0.050781 0.111111
0 0.462500 0.548611 0.058594 0.120833
0 0.464844 0.683333 0.057813 0.119444
0 0.489063 0.220833 0.052344 0.111111
0 0.495312 0.413889 0.057031 0.116667
0 0.513281 0.675000 0.057813 0.118056
0 0.514062 0.536111 0.056250 0.118056
0 0.532813 0.793056 0.046875 0.105556
0 0.591406 0.783333 0.059375 0.080556
1 0.325781 0.451389 0.057031 0.118056
1 0.344531 0.573611 0.058594 0.118056
1 0.363281 0.693056 0.060156 0.119444
1 0.380469 0.313889 0.062500 0.088889
1 0.384375 0.441667 0.055469 0.118056
1 0.407813 0.558333 0.057813 0.118056
1 0.417969 0.684722 0.057813 0.120833
1 0.438281 0.422222 0.056250 0.118056
1 0.462500 0.548611 0.058594 0.120833
1 0.464844 0.683333 0.057813 0.119444
1 0.495312 0.413889 0.057031 0.116667
1 0.513281 0.675000 0.057813 0.118056
1 0.514062 0.536111 0.056250 0.118056
2 0.137500 0.375000 0.067969 0.101389
2 0.161719 0.690278 0.060937 0.079167
2 0.202344 0.383333 0.053125 0.116667
2 0.228125 0.704167 0.050781 0.111111
2 0.235937 0.123611 0.058594 0.081944
2 0.256250 0.425000 0.064844 0.094444
2 0.289062 0.730556 0.064062 0.090278
2 0.296875 0.313889 0.056250 0.079167
2 0.298438 0.073611 0.057031 0.080556
2 0.368750 0.162500 0.057813 0.080556
2 0.489063 0.220833 0.052344 0.111111
3 0.096875 0.519444 0.047656 0.108333
3 0.161719 0.545833 0.061719 0.084722
3 0.231250 0.530556 0.052344 0.112500
3 0.284375 0.595833 0.061719 0.087500
3 0.391406 0.801389 0.059375 0.080556
3 0.453125 0.808333 0.050781 0.111111
3 0.532813 0.793056 0.046875 0.105556
3 0.591406 0.783333 0.059375 0.080556
6 0.325781 0.451389 0.057031 0.118056
6 0.344531 0.573611 0.058594 0.118056
6 0.363281 0.693056 0.060156 0.119444
6 0.380469 0.313889 0.062500 0.088889
6 0.384375 0.441667 0.055469 0.118056
6 0.407813 0.558333 0.057813 0.118056
6 0.417969 0.684722 0.057813 0.120833
6 0.438281 0.422222 0.056250 0.118056
6 0.462500 0.548611 0.058594 0.120833
6 0.464844 0.683333 0.057813 0.119444
6 0.495312 0.413889 0.057031 0.116667
6 0.513281 0.675000 0.057813 0.118056
6 0.514062 0.536111 0.056250 0.118056
8 0.513281 0.675000 0.057813 0.118056
9 0.464844 0.683333 0.057813 0.119444
10 0.417969 0.684722 0.057813 0.120833
11 0.363281 0.693056 0.060156 0.119444
12 0.514062 0.536111 0.056250 0.118056
13 0.462500 0.548611 0.058594 0.120833
14 0.407813 0.558333 0.057813 0.118056
15 0.344531 0.573611 0.058594 0.118056
16 0.495312 0.413889 0.057031 0.116667
17 0.438281 0.422222 0.056250 0.118056
18 0.384375 0.441667 0.055469 0.118056
19 0.325781 0.451389 0.057031 0.118056
20 0.380469 0.313889 0.062500 0.088889