0 0.330078 0.212500 0.047656 0.108333
0 0.337500 0.340972 0.043750 0.104167
0 0.403125 0.229167 0.046875 0.108333
0 0.416016 0.543056 0.055469 0.113889
0 0.420312 0.671528 0.064062 0.101389
0 0.444531 0.381944 0.065625 0.108333
0 0.466016 0.229167 0.044531 0.105556
0 0.479687 0.659028 0.053125 0.112500
0 0.485156 0.526389 0.046875 0.105556
0 0.507031 0.367361 0.043750 0.104167
0 0.518359 0.234028 0.047656 0.109722
0 0.538672 0.754167 0.064844 0.108333
0 0.534375 0.517361 0.042188 0.101389
0 0.559375 0.360417 0.039062 0.101389
0 0.573438 0.665972 0.056250 0.118056
0 0.572656 0.488889 0.042188 0.100000
0 0.580469 0.206250 0.045312 0.106944
0 0.619531 0.753472 0.065625 0.104167
0 0.614062 0.343056 0.051562 0.111111
0 0.628906 0.629861 0.056250 0.115278
0 0.631250 0.204861 0.046875 0.106944
0 0.674219 0.580556 0.042188 0.105556
0 0.687500 0.708333 0.065625 0.100000
0 0.680078 0.342361 0.041406 0.101389
0 0.683203 0.191667 0.042969 0.102778
0 0.746875 0.331250 0.053125 0.112500
0 0.744531 0.583333 0.046875 0.105556
0 0.758594 0.197222 0.045312 0.105556
0 0.775781 0.439583 0.050000 0.109722
1 0.330078 0.212500 0.047656 0.108333
1 0.337500 0.340972 0.043750 0.104167
1 0.403125 0.229167 0.046875 0.108333
1 0.416016 0.543056 0.055469 0.113889
1 0.420312 0.671528 0.064062 0.101389
1 0.444531 0.381944 0.065625 0.108333
1 0.466016 0.229167 0.044531 0.105556
1 0.479687 0.659028 0.053125 0.112500
1 0.485156 0.526389 0.046875 0.105556
1 0.507031 0.367361 0.043750 0.104167
1 0.518359 0.234028 0.047656 0.109722
1 0.534375 0.517361 0.042188 0.101389
1 0.559375 0.360417 0.039062 0.101389
1 0.573438 0.665972 0.056250 0.118056
1 0.572656 0.488889 0.042188 0.100000
1 0.580469 0.206250 0.045312 0.106944
1 0.619531 0.753472 0.065625 0.104167
1 0.614062 0.343056 0.051562 0.111111
1 0.628906 0.629861 0.056250 0.115278
1 0.631250 0.204861 0.046875 0.106944
1 0.674219 0.580556 0.042188 0.105556
1 0.687500 0.708333 0.065625 0.100000
1 0.680078 0.342361 0.041406 0.101389
1 0.683203 0.191667 0.042969 0.102778
1 0.746875 0.331250 0.053125 0.112500
1 0.744531 0.583333 0.046875 0.105556
1 0.758594 0.197222 0.045312 0.105556
1 0.775781 0.439583 0.050000 0.109722
3 0.538672 0.754167 0.064844 0.108333
4 0.403125 0.229167 0.046875 0.108333
4 0.466016 0.229167 0.044531 0.105556
4 0.479687 0.659028 0.053125 0.112500
4 0.485156 0.526389 0.046875 0.105556
4 0.534375 0.517361 0.042188 0.101389
4 0.628906 0.629861 0.056250 0.115278
4 0.680078 0.342361 0.041406 0.101389
4 0.746875 0.331250 0.053125 0.112500
5 0.416016 0.543056 0.055469 0.113889
5 0.518359 0.234028 0.047656 0.109722
5 0.573438 0.665972 0.056250 0.118056
5 0.572656 0.488889 0.042188 0.100000
5 0.614062 0.343056 0.051562 0.111111
5 0.631250 0.204861 0.046875 0.106944
5 0.744531 0.583333 0.046875 0.105556
6 0.507031 0.367361 0.043750 0.104167
6 0.559375 0.360417 0.039062 0.101389
6 0.619531 0.753472 0.065625 0.104167
6 0.775781 0.439583 0.050000 0.109722
7 0.330078 0.212500 0.047656 0.108333
7 0.337500 0.340972 0.043750 0.104167
7 0.420312 0.671528 0.064062 0.101389
7 0.444531 0.381944 0.065625 0.108333
7 0.580469 0.206250 0.045312 0.106944
7 0.674219 0.580556 0.042188 0.105556
7 0.687500 0.708333 0.065625 0.100000
7 0.683203 0.191667 0.042969 0.102778
7 0.758594 0.197222 0.045312 0.105556
8 0.403125 0.229167 0.046875 0.108333
8 0.444531 0.381944 0.065625 0.108333
9 0.573438 0.665972 0.056250 0.118056
9 0.758594 0.197222 0.045312 0.105556
10 0.330078 0.212500 0.047656 0.108333
10 0.534375 0.517361 0.042188 0.101389
10 0.631250 0.204861 0.046875 0.106944
11 0.337500 0.340972 0.043750 0.104167
11 0.479687 0.659028 0.053125 0.112500
11 0.614062 0.343056 0.051562 0.111111
13 0.466016 0.229167 0.044531 0.105556
13 0.683203 0.191667 0.042969 0.102778
14 0.580469 0.206250 0.045312 0.106944
14 0.775781 0.439583 0.050000 0.109722
15 0.420312 0.671528 0.064062 0.101389
16 0.416016 0.543056 0.055469 0.113889
16 0.619531 0.753472 0.065625 0.104167
17 0.485156 0.526389 0.046875 0.105556
17 0.518359 0.234028 0.047656 0.109722
17 0.559375 0.360417 0.039062 0.101389
18 0.628906 0.629861 0.056250 0.115278
18 0.687500 0.708333 0.065625 0.100000
18 0.744531 0.583333 0.046875 0.105556
19 0.507031 0.367361 0.043750 0.104167
19 0.674219 0.580556 0.042188 0.105556
19 0.746875 0.331250 0.053125 0.112500
20 0.572656 0.488889 0.042188 0.100000
20 0.680078 0.342361 0.041406 0.101389