0 0.172266 0.332639 0.050781 0.106944
0 0.294141 0.531250 0.061719 0.120833
0 0.331641 0.497917 0.061719 0.123611
0 0.369922 0.464583 0.061719 0.118056
0 0.387500 0.695139 0.051562 0.115278
0 0.407813 0.434028 0.060937 0.120833
0 0.453125 0.565972 0.060937 0.095833
0 0.465625 0.237500 0.065625 0.102778
0 0.519141 0.198611 0.066406 0.100000
0 0.535547 0.265278 0.066406 0.100000
0 0.538672 0.545139 0.063281 0.093056
0 0.553125 0.332639 0.065625 0.101389
0 0.569531 0.397917 0.067187 0.104167
0 0.584766 0.733333 0.046094 0.105556
0 0.616016 0.561111 0.063281 0.105556
0 0.621875 0.356250 0.065625 0.101389
0 0.639062 0.427778 0.065625 0.097222
0 0.663672 0.693750 0.042969 0.104167
0 0.676172 0.796528 0.053906 0.076389
0 0.692187 0.391667 0.064062 0.100000
1 0.294141 0.531250 0.061719 0.120833
1 0.331641 0.497917 0.061719 0.123611
1 0.369922 0.464583 0.061719 0.118056
1 0.407813 0.434028 0.060937 0.120833
2 0.172266 0.332639 0.050781 0.106944
2 0.387500 0.695139 0.051562 0.115278
2 0.453125 0.565972 0.060937 0.095833
2 0.538672 0.545139 0.063281 0.093056
2 0.584766 0.733333 0.046094 0.105556
2 0.616016 0.561111 0.063281 0.105556
2 0.663672 0.693750 0.042969 0.104167
2 0.676172 0.796528 0.053906 0.076389
3 0.465625 0.237500 0.065625 0.102778
3 0.519141 0.198611 0.066406 0.100000
3 0.535547 0.265278 0.066406 0.100000
3 0.553125 0.332639 0.065625 0.101389
3 0.569531 0.397917 0.067187 0.104167
3 0.621875 0.356250 0.065625 0.101389
3 0.639062 0.427778 0.065625 0.097222
3 0.692187 0.391667 0.064062 0.100000
4 0.369922 0.464583 0.061719 0.118056
5 0.294141 0.531250 0.061719 0.120833
6 0.407813 0.434028 0.060937 0.120833
7 0.331641 0.497917 0.061719 0.123611
9 0.331641 0.497917 0.061719 0.123611
9 0.407813 0.434028 0.060937 0.120833
14 0.369922 0.464583 0.061719 0.118056
15 0.294141 0.531250 0.061719 0.120833