0 0.182812 0.547222 0.068750 0.105556
0 0.208594 0.668056 0.060937 0.119444
0 0.234766 0.840278 0.057031 0.116667
0 0.243359 0.361111 0.042969 0.102778
0 0.264844 0.654861 0.065625 0.120833
0 0.264844 0.516667 0.060937 0.119444
0 0.279687 0.777083 0.067187 0.098611
0 0.319922 0.615972 0.066406 0.101389
0 0.324609 0.476389 0.067969 0.111111
0 0.335156 0.776389 0.048438 0.108333
0 0.346484 0.319444 0.061719 0.122222
0 0.380859 0.863889 0.057031 0.116667
0 0.373047 0.624306 0.039844 0.101389
0 0.387500 0.522222 0.065625 0.113889
0 0.401172 0.395139 0.042969 0.106944
0 0.404297 0.738889 0.041406 0.100000
0 0.426563 0.905556 0.046875 0.108333
0 0.446484 0.490972 0.041406 0.101389
0 0.468359 0.625000 0.049219 0.108333
0 0.483594 0.872222 0.042188 0.102778
0 0.501953 0.447222 0.042969 0.105556
0 0.527734 0.568750 0.063281 0.095833
0 0.528906 0.693056 0.042188 0.102778
0 0.547656 0.818750 0.043750 0.104167
0 0.563281 0.308333 0.059375 0.119444
0 0.576562 0.500694 0.065625 0.106944
0 0.585156 0.936111 0.059375 0.083333
0 0.603906 0.637500 0.040625 0.100000
0 0.616016 0.351389 0.060156 0.119444
0 0.612500 0.785417 0.050000 0.109722
0 0.638281 0.464583 0.039062 0.098611
0 0.662500 0.637500 0.059375 0.116667
0 0.669531 0.781944 0.048438 0.108333
0 0.703125 0.493750 0.054688 0.115278
1 0.182812 0.547222 0.068750 0.105556
1 0.208594 0.668056 0.060937 0.119444
1 0.234766 0.840278 0.057031 0.116667
1 0.243359 0.361111 0.042969 0.102778
1 0.264844 0.654861 0.065625 0.120833
1 0.264844 0.516667 0.060937 0.119444
1 0.279687 0.777083 0.067187 0.098611
1 0.319922 0.615972 0.066406 0.101389
1 0.324609 0.476389 0.067969 0.111111
1 0.335156 0.776389 0.048438 0.108333
1 0.346484 0.319444 0.061719 0.122222
1 0.380859 0.863889 0.057031 0.116667
1 0.373047 0.624306 0.039844 0.101389
1 0.387500 0.522222 0.065625 0.113889
1 0.401172 0.395139 0.042969 0.106944
1 0.404297 0.738889 0.041406 0.100000
1 0.426563 0.905556 0.046875 0.108333
1 0.468359 0.625000 0.049219 0.108333
1 0.483594 0.872222 0.042188 0.102778
1 0.528906 0.693056 0.042188 0.102778
1 0.563281 0.308333 0.059375 0.119444
1 0.576562 0.500694 0.065625 0.106944
1 0.585156 0.936111 0.059375 0.083333
1 0.616016 0.351389 0.060156 0.119444
1 0.638281 0.464583 0.039062 0.098611
1 0.662500 0.637500 0.059375 0.116667
1 0.703125 0.493750 0.054688 0.115278
3 0.446484 0.490972 0.041406 0.101389
3 0.501953 0.447222 0.042969 0.105556
3 0.527734 0.568750 0.063281 0.095833
3 0.547656 0.818750 0.043750 0.104167
3 0.603906 0.637500 0.040625 0.100000
3 0.612500 0.785417 0.050000 0.109722
3 0.669531 0.781944 0.048438 0.108333
4 0.264844 0.516667 0.060937 0.119444
4 0.346484 0.319444 0.061719 0.122222
4 0.563281 0.308333 0.059375 0.119444
4 0.576562 0.500694 0.065625 0.106944
4 0.585156 0.936111 0.059375 0.083333
4 0.616016 0.351389 0.060156 0.119444
5 0.208594 0.668056 0.060937 0.119444
5 0.234766 0.840278 0.057031 0.116667
5 0.279687 0.777083 0.067187 0.098611
5 0.319922 0.615972 0.066406 0.101389
5 0.373047 0.624306 0.039844 0.101389
5 0.387500 0.522222 0.065625 0.113889
5 0.401172 0.395139 0.042969 0.106944
5 0.426563 0.905556 0.046875 0.108333
5 0.528906 0.693056 0.042188 0.102778
6 0.243359 0.361111 0.042969 0.102778
6 0.264844 0.654861 0.065625 0.120833
6 0.335156 0.776389 0.048438 0.108333
6 0.380859 0.863889 0.057031 0.116667
6 0.404297 0.738889 0.041406 0.100000
6 0.638281 0.464583 0.039062 0.098611
6 0.662500 0.637500 0.059375 0.116667
6 0.703125 0.493750 0.054688 0.115278
7 0.182812 0.547222 0.068750 0.105556
7 0.324609 0.476389 0.067969 0.111111
7 0.468359 0.625000 0.049219 0.108333
7 0.483594 0.872222 0.042188 0.102778
8 0.638281 0.464583 0.039062 0.098611
9 0.243359 0.361111 0.042969 0.102778
9 0.319922 0.615972 0.066406 0.101389
9 0.346484 0.319444 0.061719 0.122222
10 0.264844 0.516667 0.060937 0.119444
10 0.279687 0.777083 0.067187 0.098611
11 0.182812 0.547222 0.068750 0.105556
11 0.335156 0.776389 0.048438 0.108333
11 0.576562 0.500694 0.065625 0.106944
12 0.234766 0.840278 0.057031 0.116667
12 0.380859 0.863889 0.057031 0.116667
12 0.563281 0.308333 0.059375 0.119444
13 0.324609 0.476389 0.067969 0.111111
13 0.426563 0.905556 0.046875 0.108333
14 0.483594 0.872222 0.042188 0.102778
14 0.528906 0.693056 0.042188 0.102778
14 0.616016 0.351389 0.060156 0.119444
15 0.387500 0.522222 0.065625 0.113889
15 0.468359 0.625000 0.049219 0.108333
16 0.264844 0.654861 0.065625 0.120833
17 0.208594 0.668056 0.060937 0.119444
17 0.662500 0.637500 0.059375 0.116667
18 0.585156 0.936111 0.059375 0.083333
18 0.703125 0.493750 0.054688 0.115278
19 0.373047 0.624306 0.039844 0.101389
19 0.404297 0.738889 0.041406 0.100000
20 0.401172 0.395139 0.042969 0.106944