0 0.149609 0.690278 0.071094 0.125000
0 0.168750 0.882639 0.065625 0.126389
0 0.193359 0.629861 0.067969 0.126389
0 0.215625 0.815278 0.054688 0.119444
0 0.253516 0.601389 0.053906 0.116667
0 0.270313 0.804861 0.050000 0.112500
0 0.321484 0.631944 0.069531 0.113889
0 0.329297 0.946528 0.044531 0.106944
0 0.354297 0.725000 0.067969 0.122222
0 0.344141 0.381944 0.046094 0.105556
0 0.387109 0.511111 0.066406 0.122222
0 0.393750 0.786111 0.067187 0.125000
0 0.384766 0.279167 0.044531 0.105556
0 0.431250 0.554861 0.057813 0.118056
0 0.451562 0.798611 0.057813 0.119444
0 0.449219 0.393750 0.045312 0.106944
0 0.484375 0.570139 0.043750 0.104167
0 0.499609 0.925000 0.052344 0.113889
0 0.505859 0.788889 0.055469 0.119444
0 0.527734 0.662500 0.044531 0.102778
0 0.550391 0.883333 0.061719 0.125000
0 0.585938 0.683333 0.051562 0.111111
0 0.629687 0.456250 0.068750 0.120833
0 0.638672 0.727778 0.060156 0.116667
0 0.658203 0.519444 0.067969 0.122222
0 0.667188 0.794444 0.064062 0.116667
0 0.689063 0.892361 0.059375 0.087500
1 0.321484 0.631944 0.069531 0.113889
1 0.354297 0.725000 0.067969 0.122222
1 0.344141 0.381944 0.046094 0.105556
1 0.387109 0.511111 0.066406 0.122222
1 0.393750 0.786111 0.067187 0.125000
1 0.384766 0.279167 0.044531 0.105556
1 0.431250 0.554861 0.057813 0.118056
1 0.451562 0.798611 0.057813 0.119444
1 0.449219 0.393750 0.045312 0.106944
1 0.484375 0.570139 0.043750 0.104167
1 0.505859 0.788889 0.055469 0.119444
1 0.629687 0.456250 0.068750 0.120833
1 0.658203 0.519444 0.067969 0.122222
2 0.149609 0.690278 0.071094 0.125000
2 0.193359 0.629861 0.067969 0.126389
2 0.253516 0.601389 0.053906 0.116667
2 0.329297 0.946528 0.044531 0.106944
2 0.527734 0.662500 0.044531 0.102778
2 0.585938 0.683333 0.051562 0.111111
2 0.638672 0.727778 0.060156 0.116667
2 0.667188 0.794444 0.064062 0.116667
2 0.689063 0.892361 0.059375 0.087500
3 0.168750 0.882639 0.065625 0.126389
3 0.215625 0.815278 0.054688 0.119444
3 0.270313 0.804861 0.050000 0.112500
3 0.499609 0.925000 0.052344 0.113889
3 0.550391 0.883333 0.061719 0.125000
7 0.321484 0.631944 0.069531 0.113889
7 0.354297 0.725000 0.067969 0.122222
7 0.344141 0.381944 0.046094 0.105556
7 0.387109 0.511111 0.066406 0.122222
7 0.393750 0.786111 0.067187 0.125000
7 0.384766 0.279167 0.044531 0.105556
7 0.431250 0.554861 0.057813 0.118056
7 0.451562 0.798611 0.057813 0.119444
7 0.449219 0.393750 0.045312 0.106944
7 0.484375 0.570139 0.043750 0.104167
7 0.505859 0.788889 0.055469 0.119444
7 0.629687 0.456250 0.068750 0.120833
7 0.658203 0.519444 0.067969 0.122222
8 0.321484 0.631944 0.069531 0.113889
9 0.354297 0.725000 0.067969 0.122222
10 0.393750 0.786111 0.067187 0.125000
11 0.451562 0.798611 0.057813 0.119444
12 0.505859 0.788889 0.055469 0.119444
13 0.387109 0.511111 0.066406 0.122222
14 0.431250 0.554861 0.057813 0.118056
15 0.484375 0.570139 0.043750 0.104167
16 0.384766 0.279167 0.044531 0.105556
17 0.344141 0.381944 0.046094 0.105556
18 0.449219 0.393750 0.045312 0.106944
19 0.629687 0.456250 0.068750 0.120833
20 0.658203 0.519444 0.067969 0.122222