0 0.399219 0.532639 0.053125 0.115278
0 0.405859 0.717361 0.055469 0.115278
0 0.440625 0.837500 0.065625 0.102778
0 0.471094 0.611111 0.064062 0.100000
0 0.473828 0.491667 0.041406 0.100000
0 0.487109 0.706944 0.057031 0.077778
0 0.513672 0.793750 0.061719 0.084722
0 0.535156 0.600000 0.064062 0.119444
0 0.549219 0.466667 0.064062 0.113889
0 0.603125 0.706250 0.062500 0.115278
0 0.675391 0.692361 0.063281 0.120833
0 0.821875 0.857639 0.067187 0.109722
0 0.851172 0.613889 0.064844 0.119444
0 0.934375 0.543750 0.050000 0.112500
2 0.399219 0.532639 0.053125 0.115278
2 0.471094 0.611111 0.064062 0.100000
2 0.487109 0.706944 0.057031 0.077778
2 0.535156 0.600000 0.064062 0.119444
2 0.549219 0.466667 0.064062 0.113889
2 0.603125 0.706250 0.062500 0.115278
2 0.851172 0.613889 0.064844 0.119444
2 0.934375 0.543750 0.050000 0.112500
3 0.405859 0.717361 0.055469 0.115278
3 0.440625 0.837500 0.065625 0.102778
3 0.473828 0.491667 0.041406 0.100000
3 0.513672 0.793750 0.061719 0.084722
3 0.675391 0.692361 0.063281 0.120833
3 0.821875 0.857639 0.067187 0.109722