0 0.177344 0.413889 0.070312 0.111111
0 0.187891 0.700000 0.052344 0.111111
0 0.243750 0.483333 0.068750 0.119444
0 0.234766 0.602778 0.042969 0.100000
0 0.265625 0.308333 0.057813 0.077778
0 0.284375 0.762500 0.043750 0.102778
0 0.301953 0.452083 0.058594 0.118056
0 0.347266 0.411111 0.064844 0.119444
0 0.345703 0.606250 0.047656 0.109722
0 0.358594 0.773611 0.065625 0.116667
0 0.362109 0.296528 0.058594 0.081944
0 0.389062 0.576389 0.048438 0.108333
0 0.427734 0.462500 0.063281 0.119444
0 0.424609 0.248611 0.053906 0.116667
0 0.430859 0.663889 0.049219 0.111111
0 0.467187 0.372222 0.059375 0.086111
0 0.470313 0.833333 0.051562 0.111111
0 0.483984 0.486111 0.042969 0.102778
0 0.501172 0.679861 0.053906 0.115278
0 0.536719 0.550000 0.050000 0.108333
0 0.551172 0.333333 0.061719 0.119444
0 0.541016 0.782639 0.039844 0.098611
0 0.565625 0.661111 0.065625 0.116667
0 0.590625 0.492361 0.046875 0.106944
0 0.614062 0.729167 0.046875 0.105556
0 0.618750 0.858333 0.050000 0.108333
0 0.631250 0.338889 0.045312 0.105556
0 0.660547 0.538889 0.041406 0.100000
1 0.177344 0.413889 0.070312 0.111111
1 0.243750 0.483333 0.068750 0.119444
1 0.265625 0.308333 0.057813 0.077778
1 0.301953 0.452083 0.058594 0.118056
1 0.345703 0.606250 0.047656 0.109722
1 0.358594 0.773611 0.065625 0.116667
1 0.362109 0.296528 0.058594 0.081944
1 0.427734 0.462500 0.063281 0.119444
1 0.424609 0.248611 0.053906 0.116667
1 0.467187 0.372222 0.059375 0.086111
1 0.470313 0.833333 0.051562 0.111111
1 0.483984 0.486111 0.042969 0.102778
1 0.536719 0.550000 0.050000 0.108333
1 0.551172 0.333333 0.061719 0.119444
1 0.541016 0.782639 0.039844 0.098611
1 0.565625 0.661111 0.065625 0.116667
1 0.590625 0.492361 0.046875 0.106944
1 0.614062 0.729167 0.046875 0.105556
1 0.618750 0.858333 0.050000 0.108333
1 0.631250 0.338889 0.045312 0.105556
1 0.660547 0.538889 0.041406 0.100000
2 0.430859 0.663889 0.049219 0.111111
3 0.187891 0.700000 0.052344 0.111111
3 0.234766 0.602778 0.042969 0.100000
3 0.284375 0.762500 0.043750 0.102778
3 0.347266 0.411111 0.064844 0.119444
3 0.389062 0.576389 0.048438 0.108333
3 0.501172 0.679861 0.053906 0.115278
4 0.243750 0.483333 0.068750 0.119444
4 0.467187 0.372222 0.059375 0.086111
4 0.483984 0.486111 0.042969 0.102778
4 0.536719 0.550000 0.050000 0.108333
4 0.551172 0.333333 0.061719 0.119444
5 0.301953 0.452083 0.058594 0.118056
5 0.427734 0.462500 0.063281 0.119444
5 0.470313 0.833333 0.051562 0.111111
5 0.541016 0.782639 0.039844 0.098611
5 0.618750 0.858333 0.050000 0.108333
5 0.660547 0.538889 0.041406 0.100000
6 0.265625 0.308333 0.057813 0.077778
6 0.345703 0.606250 0.047656 0.109722
6 0.362109 0.296528 0.058594 0.081944
6 0.565625 0.661111 0.065625 0.116667
6 0.631250 0.338889 0.045312 0.105556
7 0.177344 0.413889 0.070312 0.111111
7 0.358594 0.773611 0.065625 0.116667
7 0.424609 0.248611 0.053906 0.116667
7 0.590625 0.492361 0.046875 0.106944
7 0.614062 0.729167 0.046875 0.105556
8 0.467187 0.372222 0.059375 0.086111
8 0.590625 0.492361 0.046875 0.106944
9 0.424609 0.248611 0.053906 0.116667
9 0.618750 0.858333 0.050000 0.108333
10 0.177344 0.413889 0.070312 0.111111
10 0.536719 0.550000 0.050000 0.108333
10 0.541016 0.782639 0.039844 0.098611
11 0.470313 0.833333 0.051562 0.111111
11 0.614062 0.729167 0.046875 0.105556
12 0.565625 0.661111 0.065625 0.116667
13 0.358594 0.773611 0.065625 0.116667
13 0.483984 0.486111 0.042969 0.102778
14 0.345703 0.606250 0.047656 0.109722
15 0.427734 0.462500 0.063281 0.119444
16 0.265625 0.308333 0.057813 0.077778
17 0.243750 0.483333 0.068750 0.119444
17 0.631250 0.338889 0.045312 0.105556
18 0.301953 0.452083 0.058594 0.118056
19 0.362109 0.296528 0.058594 0.081944
20 0.551172 0.333333 0.061719 0.119444
20 0.660547 0.538889 0.041406 0.100000