0 0.096094 0.568056 0.060937 0.119444
0 0.153125 0.275000 0.068750 0.125000
0 0.148438 0.779167 0.059375 0.119444
0 0.166016 0.471528 0.072656 0.112500
0 0.175391 0.618056 0.072656 0.122222
0 0.240625 0.359028 0.065625 0.090278
0 0.246094 0.734028 0.070312 0.120833
0 0.253125 0.245139 0.065625 0.093056
0 0.270313 0.540278 0.068750 0.108333
0 0.307422 0.708333 0.061719 0.100000
0 0.324219 0.397222 0.067187 0.111111
0 0.325781 0.200000 0.059375 0.119444
0 0.333203 0.818750 0.060156 0.084722
0 0.345703 0.536111 0.064844 0.122222
0 0.376563 0.671528 0.046875 0.109722
0 0.389844 0.307639 0.068750 0.112500
0 0.412500 0.212500 0.065625 0.097222
0 0.412891 0.788889 0.063281 0.094444
0 0.414844 0.425694 0.065625 0.101389
0 0.437109 0.529861 0.060156 0.079167
0 0.442578 0.633333 0.061719 0.113889
0 0.502734 0.725000 0.061719 0.088889
0 0.505469 0.437500 0.065625 0.119444
0 0.532031 0.555556 0.062500 0.111111
1 0.096094 0.568056 0.060937 0.119444
1 0.148438 0.779167 0.059375 0.119444
1 0.166016 0.471528 0.072656 0.112500
1 0.175391 0.618056 0.072656 0.122222
1 0.253125 0.245139 0.065625 0.093056
1 0.270313 0.540278 0.068750 0.108333
1 0.333203 0.818750 0.060156 0.084722
1 0.389844 0.307639 0.068750 0.112500
1 0.412500 0.212500 0.065625 0.097222
1 0.412891 0.788889 0.063281 0.094444
1 0.414844 0.425694 0.065625 0.101389
1 0.437109 0.529861 0.060156 0.079167
1 0.502734 0.725000 0.061719 0.088889
2 0.153125 0.275000 0.068750 0.125000
2 0.240625 0.359028 0.065625 0.090278
2 0.246094 0.734028 0.070312 0.120833
2 0.307422 0.708333 0.061719 0.100000
2 0.324219 0.397222 0.067187 0.111111
2 0.325781 0.200000 0.059375 0.119444
2 0.345703 0.536111 0.064844 0.122222
2 0.376563 0.671528 0.046875 0.109722
2 0.442578 0.633333 0.061719 0.113889
2 0.505469 0.437500 0.065625 0.119444
2 0.532031 0.555556 0.062500 0.111111
4 0.333203 0.818750 0.060156 0.084722
4 0.414844 0.425694 0.065625 0.101389
5 0.148438 0.779167 0.059375 0.119444
5 0.270313 0.540278 0.068750 0.108333
5 0.389844 0.307639 0.068750 0.112500
6 0.166016 0.471528 0.072656 0.112500
6 0.175391 0.618056 0.072656 0.122222
6 0.253125 0.245139 0.065625 0.093056
6 0.412500 0.212500 0.065625 0.097222
7 0.096094 0.568056 0.060937 0.119444
7 0.412891 0.788889 0.063281 0.094444
7 0.437109 0.529861 0.060156 0.079167
7 0.502734 0.725000 0.061719 0.088889
8 0.148438 0.779167 0.059375 0.119444
12 0.389844 0.307639 0.068750 0.112500
12 0.412891 0.788889 0.063281 0.094444
13 0.096094 0.568056 0.060937 0.119444
13 0.175391 0.618056 0.072656 0.122222
14 0.412500 0.212500 0.065625 0.097222
15 0.333203 0.818750 0.060156 0.084722
15 0.502734 0.725000 0.061719 0.088889
16 0.270313 0.540278 0.068750 0.108333
18 0.253125 0.245139 0.065625 0.093056
19 0.414844 0.425694 0.065625 0.101389
20 0.166016 0.471528 0.072656 0.112500
20 0.437109 0.529861 0.060156 0.079167