0 0.338281 0.636111 0.059375 0.119444
0 0.381250 0.404167 0.068750 0.108333
0 0.397656 0.674306 0.065625 0.118056
0 0.414844 0.852778 0.065625 0.100000
0 0.438281 0.738889 0.065625 0.105556
0 0.471484 0.604167 0.057031 0.116667
0 0.502344 0.868056 0.065625 0.116667
0 0.507812 0.718056 0.064062 0.113889
0 0.528516 0.476389 0.057031 0.080556
0 0.549609 0.603472 0.046094 0.104167
0 0.594141 0.217361 0.049219 0.109722
0 0.603125 0.787500 0.059375 0.119444
0 0.612891 0.630556 0.063281 0.100000
1 0.338281 0.636111 0.059375 0.119444
1 0.381250 0.404167 0.068750 0.108333
1 0.397656 0.674306 0.065625 0.118056
1 0.414844 0.852778 0.065625 0.100000
1 0.438281 0.738889 0.065625 0.105556
1 0.528516 0.476389 0.057031 0.080556
1 0.594141 0.217361 0.049219 0.109722
1 0.603125 0.787500 0.059375 0.119444
1 0.612891 0.630556 0.063281 0.100000
3 0.471484 0.604167 0.057031 0.116667
3 0.502344 0.868056 0.065625 0.116667
3 0.507812 0.718056 0.064062 0.113889
3 0.549609 0.603472 0.046094 0.104167
4 0.438281 0.738889 0.065625 0.105556
4 0.528516 0.476389 0.057031 0.080556
5 0.603125 0.787500 0.059375 0.119444
5 0.612891 0.630556 0.063281 0.100000
6 0.338281 0.636111 0.059375 0.119444
6 0.381250 0.404167 0.068750 0.108333
6 0.397656 0.674306 0.065625 0.118056
6 0.414844 0.852778 0.065625 0.100000
7 0.594141 0.217361 0.049219 0.109722
10 0.603125 0.787500 0.059375 0.119444
11 0.414844 0.852778 0.065625 0.100000
13 0.594141 0.217361 0.049219 0.109722
15 0.397656 0.674306 0.065625 0.118056
15 0.612891 0.630556 0.063281 0.100000
17 0.528516 0.476389 0.057031 0.080556
18 0.338281 0.636111 0.059375 0.119444
19 0.381250 0.404167 0.068750 0.108333
20 0.438281 0.738889 0.065625 0.105556