0 0.132031 0.525000 0.064062 0.120833
0 0.192969 0.755556 0.066406 0.125000
0 0.209375 0.461111 0.071875 0.118056
0 0.226562 0.633333 0.068750 0.123611
0 0.267969 0.530556 0.067187 0.109722
0 0.320312 0.763889 0.064062 0.097222
0 0.332031 0.390278 0.064062 0.120833
0 0.334375 0.602778 0.042188 0.104167
0 0.368750 0.876389 0.064062 0.111111
0 0.392188 0.475000 0.061719 0.120833
0 0.419531 0.791667 0.061719 0.094444
0 0.433594 0.647222 0.054688 0.118056
0 0.446094 0.380556 0.064062 0.119444
0 0.487500 0.818056 0.062500 0.090278
0 0.503125 0.275000 0.060156 0.113889
0 0.531250 0.443056 0.064844 0.119444
0 0.547656 0.629167 0.064062 0.116667
0 0.580469 0.726389 0.062500 0.120833
0 0.586719 0.330556 0.060937 0.113889
0 0.603906 0.477778 0.052344 0.113889
0 0.631250 0.623611 0.065625 0.113889
0 0.693750 0.459722 0.056250 0.086111
0 0.705469 0.598611 0.056250 0.115278
1 0.332031 0.390278 0.064062 0.120833
1 0.334375 0.602778 0.042188 0.104167
1 0.392188 0.475000 0.061719 0.120833
1 0.446094 0.380556 0.064062 0.119444
2 0.132031 0.525000 0.064062 0.120833
2 0.192969 0.755556 0.066406 0.125000
2 0.209375 0.461111 0.071875 0.118056
2 0.226562 0.633333 0.068750 0.123611
2 0.267969 0.530556 0.067187 0.109722
2 0.320312 0.763889 0.064062 0.097222
2 0.433594 0.647222 0.054688 0.118056
2 0.503125 0.275000 0.060156 0.113889
2 0.531250 0.443056 0.064844 0.119444
2 0.586719 0.330556 0.060937 0.113889
2 0.693750 0.459722 0.056250 0.086111
3 0.368750 0.876389 0.064062 0.111111
3 0.419531 0.791667 0.061719 0.094444
3 0.487500 0.818056 0.062500 0.090278
3 0.547656 0.629167 0.064062 0.116667
3 0.580469 0.726389 0.062500 0.120833
3 0.603906 0.477778 0.052344 0.113889
3 0.631250 0.623611 0.065625 0.113889
3 0.705469 0.598611 0.056250 0.115278
4 0.332031 0.390278 0.064062 0.120833
5 0.446094 0.380556 0.064062 0.119444
7 0.334375 0.602778 0.042188 0.104167
7 0.392188 0.475000 0.061719 0.120833
8 0.446094 0.380556 0.064062 0.119444
13 0.392188 0.475000 0.061719 0.120833
16 0.332031 0.390278 0.064062 0.120833
19 0.334375 0.602778 0.042188 0.104167