0 0.102344 0.655556 0.053125 0.113889
0 0.153516 0.544444 0.042969 0.102778
0 0.194922 0.365278 0.055469 0.116667
0 0.227344 0.717361 0.062500 0.120833
0 0.258984 0.375000 0.060156 0.119444
0 0.331250 0.457639 0.068750 0.118056
0 0.330469 0.706250 0.048438 0.109722
0 0.350781 0.334028 0.050000 0.112500
0 0.373437 0.834722 0.043750 0.105556
0 0.385156 0.559722 0.060937 0.119444
0 0.394531 0.702778 0.065625 0.116667
0 0.412109 0.409028 0.046094 0.104167
0 0.444531 0.260417 0.067187 0.112500
0 0.435937 0.806250 0.046875 0.106944
0 0.469531 0.554167 0.065625 0.116667
0 0.482812 0.422222 0.048438 0.108333
0 0.478906 0.676389 0.040625 0.100000
0 0.496875 0.807639 0.040625 0.098611
0 0.539062 0.632639 0.045312 0.106944
0 0.543750 0.356944 0.045312 0.105556
0 0.557813 0.497917 0.050000 0.112500
0 0.582031 0.769444 0.043750 0.102778
0 0.611719 0.599306 0.053125 0.112500
1 0.102344 0.655556 0.053125 0.113889
1 0.153516 0.544444 0.042969 0.102778
1 0.194922 0.365278 0.055469 0.116667
1 0.258984 0.375000 0.060156 0.119444
1 0.331250 0.457639 0.068750 0.118056
1 0.330469 0.706250 0.048438 0.109722
1 0.350781 0.334028 0.050000 0.112500
1 0.373437 0.834722 0.043750 0.105556
1 0.385156 0.559722 0.060937 0.119444
1 0.394531 0.702778 0.065625 0.116667
1 0.412109 0.409028 0.046094 0.104167
1 0.444531 0.260417 0.067187 0.112500
1 0.435937 0.806250 0.046875 0.106944
1 0.469531 0.554167 0.065625 0.116667
1 0.482812 0.422222 0.048438 0.108333
1 0.478906 0.676389 0.040625 0.100000
1 0.496875 0.807639 0.040625 0.098611
1 0.539062 0.632639 0.045312 0.106944
1 0.543750 0.356944 0.045312 0.105556
1 0.557813 0.497917 0.050000 0.112500
1 0.582031 0.769444 0.043750 0.102778
1 0.611719 0.599306 0.053125 0.112500
2 0.227344 0.717361 0.062500 0.120833
4 0.194922 0.365278 0.055469 0.116667
4 0.258984 0.375000 0.060156 0.119444
4 0.330469 0.706250 0.048438 0.109722
4 0.350781 0.334028 0.050000 0.112500
4 0.394531 0.702778 0.065625 0.116667
4 0.469531 0.554167 0.065625 0.116667
4 0.539062 0.632639 0.045312 0.106944
4 0.611719 0.599306 0.053125 0.112500
5 0.102344 0.655556 0.053125 0.113889
5 0.385156 0.559722 0.060937 0.119444
5 0.412109 0.409028 0.046094 0.104167
5 0.482812 0.422222 0.048438 0.108333
5 0.478906 0.676389 0.040625 0.100000
5 0.543750 0.356944 0.045312 0.105556
5 0.557813 0.497917 0.050000 0.112500
6 0.153516 0.544444 0.042969 0.102778
6 0.444531 0.260417 0.067187 0.112500
6 0.435937 0.806250 0.046875 0.106944
6 0.496875 0.807639 0.040625 0.098611
7 0.331250 0.457639 0.068750 0.118056
7 0.373437 0.834722 0.043750 0.105556
7 0.582031 0.769444 0.043750 0.102778
8 0.153516 0.544444 0.042969 0.102778
8 0.394531 0.702778 0.065625 0.116667
9 0.412109 0.409028 0.046094 0.104167
10 0.330469 0.706250 0.048438 0.109722
10 0.478906 0.676389 0.040625 0.100000
11 0.373437 0.834722 0.043750 0.105556
11 0.444531 0.260417 0.067187 0.112500
11 0.469531 0.554167 0.065625 0.116667
11 0.482812 0.422222 0.048438 0.108333
12 0.543750 0.356944 0.045312 0.105556
14 0.350781 0.334028 0.050000 0.112500
15 0.258984 0.375000 0.060156 0.119444
16 0.496875 0.807639 0.040625 0.098611
16 0.557813 0.497917 0.050000 0.112500
16 0.611719 0.599306 0.053125 0.112500
17 0.539062 0.632639 0.045312 0.106944
17 0.582031 0.769444 0.043750 0.102778
18 0.194922 0.365278 0.055469 0.116667
18 0.385156 0.559722 0.060937 0.119444
18 0.435937 0.806250 0.046875 0.106944
19 0.102344 0.655556 0.053125 0.113889
20 0.331250 0.457639 0.068750 0.118056