0 0.167969 0.476389 0.065625 0.122222
0 0.193750 0.595833 0.060937 0.119444
0 0.216016 0.445139 0.061719 0.120833
0 0.225391 0.747917 0.057031 0.118056
0 0.250391 0.543750 0.055469 0.118056
0 0.264844 0.393750 0.060937 0.118056
0 0.280859 0.681944 0.052344 0.113889
0 0.294141 0.835417 0.061719 0.123611
0 0.301563 0.523611 0.056250 0.119444
0 0.314844 0.359722 0.060937 0.119444
0 0.335938 0.623611 0.057813 0.116667
0 0.349219 0.270833 0.056250 0.113889
0 0.354297 0.727778 0.060156 0.122222
0 0.376953 0.365278 0.061719 0.122222
0 0.380859 0.571528 0.058594 0.115278
0 0.413281 0.245139 0.057813 0.118056
0 0.422266 0.505556 0.061719 0.119444
0 0.424609 0.679861 0.066406 0.120833
0 0.439063 0.354861 0.064062 0.118056
0 0.447266 0.786111 0.061719 0.125000
0 0.458984 0.196528 0.066406 0.120833
0 0.471875 0.472222 0.060937 0.119444
0 0.476562 0.617361 0.067187 0.118056
0 0.475391 0.315972 0.063281 0.109722
0 0.505859 0.259722 0.060156 0.108333
0 0.528516 0.752083 0.063281 0.123611
0 0.533984 0.547222 0.058594 0.119444
1 0.250391 0.543750 0.055469 0.118056
1 0.294141 0.835417 0.061719 0.123611
1 0.354297 0.727778 0.060156 0.122222
1 0.376953 0.365278 0.061719 0.122222
1 0.413281 0.245139 0.057813 0.118056
1 0.447266 0.786111 0.061719 0.125000
1 0.528516 0.752083 0.063281 0.123611
2 0.216016 0.445139 0.061719 0.120833
2 0.225391 0.747917 0.057031 0.118056
2 0.264844 0.393750 0.060937 0.118056
2 0.280859 0.681944 0.052344 0.113889
2 0.301563 0.523611 0.056250 0.119444
2 0.335938 0.623611 0.057813 0.116667
2 0.380859 0.571528 0.058594 0.115278
2 0.422266 0.505556 0.061719 0.119444
2 0.458984 0.196528 0.066406 0.120833
2 0.475391 0.315972 0.063281 0.109722
2 0.505859 0.259722 0.060156 0.108333
3 0.167969 0.476389 0.065625 0.122222
3 0.193750 0.595833 0.060937 0.119444
3 0.314844 0.359722 0.060937 0.119444
3 0.349219 0.270833 0.056250 0.113889
3 0.424609 0.679861 0.066406 0.120833
3 0.439063 0.354861 0.064062 0.118056
3 0.471875 0.472222 0.060937 0.119444
3 0.476562 0.617361 0.067187 0.118056
3 0.533984 0.547222 0.058594 0.119444
4 0.250391 0.543750 0.055469 0.118056
4 0.447266 0.786111 0.061719 0.125000
5 0.354297 0.727778 0.060156 0.122222
6 0.294141 0.835417 0.061719 0.123611
6 0.413281 0.245139 0.057813 0.118056
7 0.376953 0.365278 0.061719 0.122222
7 0.528516 0.752083 0.063281 0.123611
8 0.250391 0.543750 0.055469 0.118056
8 0.294141 0.835417 0.061719 0.123611
11 0.354297 0.727778 0.060156 0.122222
11 0.528516 0.752083 0.063281 0.123611
13 0.447266 0.786111 0.061719 0.125000
18 0.376953 0.365278 0.061719 0.122222
19 0.413281 0.245139 0.057813 0.118056