0 0.176563 0.413889 0.070312 0.113889
0 0.188281 0.700000 0.053125 0.111111
0 0.237891 0.473611 0.064844 0.102778
0 0.254688 0.592361 0.051562 0.109722
0 0.265625 0.308333 0.057813 0.077778
0 0.296094 0.737500 0.065625 0.122222
0 0.300781 0.451389 0.053125 0.113889
0 0.312891 0.579861 0.067969 0.115278
0 0.358984 0.773611 0.064844 0.119444
0 0.362109 0.298611 0.058594 0.080556
0 0.378516 0.572917 0.042969 0.098611
0 0.425000 0.250000 0.054688 0.116667
0 0.430859 0.662500 0.050781 0.113889
0 0.467187 0.370139 0.059375 0.084722
0 0.470313 0.832639 0.051562 0.109722
0 0.484375 0.525000 0.048438 0.108333
0 0.501172 0.680556 0.053906 0.116667
0 0.536719 0.550000 0.050000 0.111111
0 0.547656 0.402083 0.065625 0.115278
0 0.542188 0.782639 0.039062 0.098611
0 0.565625 0.661111 0.064062 0.116667
0 0.596094 0.571528 0.057813 0.115278
0 0.608203 0.438194 0.053906 0.112500
0 0.613672 0.729167 0.047656 0.105556
0 0.662500 0.663889 0.065625 0.113889
0 0.661719 0.540278 0.042188 0.100000
1 0.176563 0.413889 0.070312 0.113889
1 0.237891 0.473611 0.064844 0.102778
1 0.254688 0.592361 0.051562 0.109722
1 0.265625 0.308333 0.057813 0.077778
1 0.296094 0.737500 0.065625 0.122222
1 0.312891 0.579861 0.067969 0.115278
1 0.358984 0.773611 0.064844 0.119444
1 0.362109 0.298611 0.058594 0.080556
1 0.425000 0.250000 0.054688 0.116667
1 0.467187 0.370139 0.059375 0.084722
1 0.470313 0.832639 0.051562 0.109722
1 0.536719 0.550000 0.050000 0.111111
1 0.547656 0.402083 0.065625 0.115278
1 0.542188 0.782639 0.039062 0.098611
1 0.565625 0.661111 0.064062 0.116667
1 0.608203 0.438194 0.053906 0.112500
1 0.613672 0.729167 0.047656 0.105556
1 0.662500 0.663889 0.065625 0.113889
1 0.661719 0.540278 0.042188 0.100000
2 0.430859 0.662500 0.050781 0.113889
3 0.188281 0.700000 0.053125 0.111111
3 0.300781 0.451389 0.053125 0.113889
3 0.378516 0.572917 0.042969 0.098611
3 0.484375 0.525000 0.048438 0.108333
3 0.501172 0.680556 0.053906 0.116667
3 0.596094 0.571528 0.057813 0.115278
4 0.237891 0.473611 0.064844 0.102778
4 0.467187 0.370139 0.059375 0.084722
4 0.536719 0.550000 0.050000 0.111111
4 0.547656 0.402083 0.065625 0.115278
5 0.254688 0.592361 0.051562 0.109722
5 0.296094 0.737500 0.065625 0.122222
5 0.470313 0.832639 0.051562 0.109722
5 0.542188 0.782639 0.039062 0.098611
5 0.661719 0.540278 0.042188 0.100000
6 0.265625 0.308333 0.057813 0.077778
6 0.312891 0.579861 0.067969 0.115278
6 0.362109 0.298611 0.058594 0.080556
6 0.565625 0.661111 0.064062 0.116667
6 0.608203 0.438194 0.053906 0.112500
7 0.176563 0.413889 0.070312 0.113889
7 0.358984 0.773611 0.064844 0.119444
7 0.425000 0.250000 0.054688 0.116667
7 0.613672 0.729167 0.047656 0.105556
7 0.662500 0.663889 0.065625 0.113889
8 0.467187 0.370139 0.059375 0.084722
9 0.296094 0.737500 0.065625 0.122222
9 0.425000 0.250000 0.054688 0.116667
10 0.176563 0.413889 0.070312 0.113889
10 0.536719 0.550000 0.050000 0.111111
10 0.542188 0.782639 0.039062 0.098611
11 0.470313 0.832639 0.051562 0.109722
11 0.613672 0.729167 0.047656 0.105556
12 0.565625 0.661111 0.064062 0.116667
13 0.254688 0.592361 0.051562 0.109722
13 0.358984 0.773611 0.064844 0.119444
14 0.312891 0.579861 0.067969 0.115278
15 0.662500 0.663889 0.065625 0.113889
16 0.265625 0.308333 0.057813 0.077778
17 0.237891 0.473611 0.064844 0.102778
17 0.608203 0.438194 0.053906 0.112500
19 0.362109 0.298611 0.058594 0.080556
20 0.547656 0.402083 0.065625 0.115278
20 0.661719 0.540278 0.042188 0.100000