0 0.177734 0.632639 0.066406 0.095833
0 0.175391 0.728472 0.055469 0.112500
0 0.177344 0.247222 0.057813 0.119444
0 0.199609 0.855556 0.060156 0.075000
0 0.208984 0.536111 0.047656 0.105556
0 0.252344 0.357639 0.068750 0.115278
0 0.255078 0.255556 0.067969 0.122222
0 0.263672 0.800000 0.061719 0.086111
0 0.258984 0.653472 0.046094 0.106944
0 0.296484 0.470833 0.064844 0.105556
0 0.403516 0.803472 0.041406 0.101389
0 0.412500 0.477778 0.056250 0.113889
0 0.438672 0.586111 0.060156 0.088889
0 0.455469 0.671528 0.045312 0.104167
0 0.470313 0.293750 0.043750 0.104167
0 0.506641 0.461111 0.061719 0.100000
0 0.529687 0.345833 0.064062 0.119444
0 0.534375 0.592361 0.062500 0.109722
0 0.539062 0.706250 0.059375 0.079167
0 0.561719 0.812500 0.065625 0.113889
0 0.562500 0.234722 0.056250 0.113889
0 0.600391 0.614583 0.061719 0.118056
0 0.619922 0.789583 0.055469 0.115278
0 0.624609 0.428472 0.057031 0.118056
0 0.684375 0.282639 0.062500 0.104167
0 0.712109 0.429861 0.050781 0.109722
0 0.757422 0.256250 0.060156 0.098611
0 0.772656 0.504167 0.042188 0.102778
0 0.816016 0.647917 0.044531 0.104167
0 0.834375 0.386111 0.062500 0.108333
1 0.177734 0.632639 0.066406 0.095833
1 0.175391 0.728472 0.055469 0.112500
1 0.177344 0.247222 0.057813 0.119444
1 0.199609 0.855556 0.060156 0.075000
1 0.255078 0.255556 0.067969 0.122222
1 0.296484 0.470833 0.064844 0.105556
1 0.403516 0.803472 0.041406 0.101389
1 0.506641 0.461111 0.061719 0.100000
1 0.529687 0.345833 0.064062 0.119444
1 0.534375 0.592361 0.062500 0.109722
1 0.539062 0.706250 0.059375 0.079167
1 0.561719 0.812500 0.065625 0.113889
1 0.562500 0.234722 0.056250 0.113889
1 0.600391 0.614583 0.061719 0.118056
1 0.619922 0.789583 0.055469 0.115278
1 0.712109 0.429861 0.050781 0.109722
1 0.757422 0.256250 0.060156 0.098611
1 0.772656 0.504167 0.042188 0.102778
1 0.816016 0.647917 0.044531 0.104167
2 0.455469 0.671528 0.045312 0.104167
3 0.208984 0.536111 0.047656 0.105556
3 0.252344 0.357639 0.068750 0.115278
3 0.263672 0.800000 0.061719 0.086111
3 0.258984 0.653472 0.046094 0.106944
3 0.412500 0.477778 0.056250 0.113889
3 0.438672 0.586111 0.060156 0.088889
3 0.470313 0.293750 0.043750 0.104167
3 0.624609 0.428472 0.057031 0.118056
3 0.684375 0.282639 0.062500 0.104167
3 0.834375 0.386111 0.062500 0.108333
4 0.403516 0.803472 0.041406 0.101389
4 0.506641 0.461111 0.061719 0.100000
4 0.561719 0.812500 0.065625 0.113889
4 0.562500 0.234722 0.056250 0.113889
4 0.619922 0.789583 0.055469 0.115278
4 0.757422 0.256250 0.060156 0.098611
5 0.177344 0.247222 0.057813 0.119444
5 0.199609 0.855556 0.060156 0.075000
5 0.529687 0.345833 0.064062 0.119444
5 0.539062 0.706250 0.059375 0.079167
5 0.712109 0.429861 0.050781 0.109722
5 0.772656 0.504167 0.042188 0.102778
6 0.296484 0.470833 0.064844 0.105556
6 0.534375 0.592361 0.062500 0.109722
6 0.600391 0.614583 0.061719 0.118056
6 0.816016 0.647917 0.044531 0.104167
7 0.177734 0.632639 0.066406 0.095833
7 0.175391 0.728472 0.055469 0.112500
7 0.255078 0.255556 0.067969 0.122222
10 0.757422 0.256250 0.060156 0.098611
11 0.403516 0.803472 0.041406 0.101389
11 0.816016 0.647917 0.044531 0.104167
12 0.539062 0.706250 0.059375 0.079167
12 0.619922 0.789583 0.055469 0.115278
13 0.177734 0.632639 0.066406 0.095833
13 0.296484 0.470833 0.064844 0.105556
13 0.772656 0.504167 0.042188 0.102778
14 0.534375 0.592361 0.062500 0.109722
14 0.561719 0.812500 0.065625 0.113889
16 0.199609 0.855556 0.060156 0.075000
16 0.600391 0.614583 0.061719 0.118056
17 0.177344 0.247222 0.057813 0.119444
17 0.506641 0.461111 0.061719 0.100000
19 0.255078 0.255556 0.067969 0.122222
19 0.712109 0.429861 0.050781 0.109722
20 0.175391 0.728472 0.055469 0.112500
20 0.529687 0.345833 0.064062 0.119444
20 0.562500 0.234722 0.056250 0.113889