0 0.128516 0.320139 0.050781 0.115278
0 0.178516 0.361111 0.042969 0.105556
0 0.211719 0.523611 0.062500 0.119444
0 0.217188 0.212500 0.048438 0.113889
0 0.257812 0.428472 0.048438 0.109722
0 0.283594 0.273611 0.059375 0.119444
0 0.287500 0.598611 0.059375 0.119444
0 0.359766 0.279167 0.063281 0.122222
0 0.362500 0.438889 0.065625 0.119444
0 0.358984 0.603472 0.042969 0.101389
0 0.398828 0.181250 0.069531 0.120833
0 0.432031 0.568056 0.051562 0.111111
0 0.449219 0.353472 0.046875 0.109722
0 0.471875 0.236111 0.062500 0.091667
0 0.470313 0.662500 0.045312 0.105556
0 0.513672 0.387500 0.053906 0.113889
0 0.521094 0.147222 0.067187 0.105556
0 0.531250 0.643056 0.064062 0.105556
0 0.546484 0.275000 0.067969 0.116667
0 0.591406 0.647222 0.059375 0.113889
0 0.589844 0.439583 0.040625 0.098611
0 0.644531 0.684722 0.059375 0.113889
0 0.660156 0.467361 0.067187 0.112500
1 0.217188 0.212500 0.048438 0.113889
1 0.283594 0.273611 0.059375 0.119444
1 0.359766 0.279167 0.063281 0.122222
1 0.398828 0.181250 0.069531 0.120833
2 0.128516 0.320139 0.050781 0.115278
2 0.178516 0.361111 0.042969 0.105556
2 0.362500 0.438889 0.065625 0.119444
2 0.449219 0.353472 0.046875 0.109722
2 0.513672 0.387500 0.053906 0.113889
2 0.531250 0.643056 0.064062 0.105556
2 0.546484 0.275000 0.067969 0.116667
2 0.591406 0.647222 0.059375 0.113889
2 0.589844 0.439583 0.040625 0.098611
2 0.644531 0.684722 0.059375 0.113889
2 0.660156 0.467361 0.067187 0.112500
3 0.211719 0.523611 0.062500 0.119444
3 0.257812 0.428472 0.048438 0.109722
3 0.287500 0.598611 0.059375 0.119444
3 0.358984 0.603472 0.042969 0.101389
3 0.432031 0.568056 0.051562 0.111111
3 0.471875 0.236111 0.062500 0.091667
3 0.470313 0.662500 0.045312 0.105556
3 0.521094 0.147222 0.067187 0.105556
6 0.283594 0.273611 0.059375 0.119444
6 0.359766 0.279167 0.063281 0.122222
7 0.217188 0.212500 0.048438 0.113889
7 0.398828 0.181250 0.069531 0.120833
12 0.217188 0.212500 0.048438 0.113889
14 0.398828 0.181250 0.069531 0.120833
18 0.359766 0.279167 0.063281 0.122222
20 0.283594 0.273611 0.059375 0.119444