0 0.407031 0.700694 0.060937 0.084722
0 0.462891 0.584028 0.061719 0.120833
0 0.508594 0.482639 0.042188 0.101389
0 0.517969 0.855556 0.060937 0.086111
0 0.525391 0.745833 0.066406 0.102778
0 0.531641 0.634722 0.064844 0.119444
0 0.590625 0.829861 0.059375 0.087500
0 0.593359 0.552778 0.058594 0.119444
0 0.619141 0.701389 0.061719 0.091667
0 0.685547 0.265972 0.057031 0.115278
0 0.760938 0.795139 0.071875 0.120833
0 0.822266 0.858333 0.066406 0.111111
0 0.852734 0.612500 0.064844 0.119444
0 0.935937 0.544444 0.050000 0.113889
1 0.760938 0.795139 0.071875 0.120833
2 0.407031 0.700694 0.060937 0.084722
2 0.462891 0.584028 0.061719 0.120833
2 0.531641 0.634722 0.064844 0.119444
2 0.619141 0.701389 0.061719 0.091667
2 0.685547 0.265972 0.057031 0.115278
2 0.852734 0.612500 0.064844 0.119444
2 0.935937 0.544444 0.050000 0.113889
3 0.508594 0.482639 0.042188 0.101389
3 0.517969 0.855556 0.060937 0.086111
3 0.525391 0.745833 0.066406 0.102778
3 0.590625 0.829861 0.059375 0.087500
3 0.593359 0.552778 0.058594 0.119444
3 0.822266 0.858333 0.066406 0.111111
7 0.760938 0.795139 0.071875 0.120833
15 0.760938 0.795139 0.071875 0.120833