0 0.355469 0.716667 0.060156 0.120833
0 0.396094 0.534722 0.062500 0.094444
0 0.458594 0.781944 0.057813 0.079167
0 0.471094 0.516667 0.046094 0.105556
0 0.478125 0.618056 0.054688 0.075000
0 0.489844 0.704167 0.055469 0.075000
0 0.517969 0.790278 0.060937 0.081944
0 0.519531 0.409722 0.054688 0.113889
0 0.533594 0.575000 0.064062 0.119444
0 0.567187 0.326389 0.044531 0.102778
0 0.606250 0.704167 0.063281 0.118056
0 0.618750 0.555556 0.061719 0.119444
0 0.634375 0.404167 0.059375 0.087500
0 0.681250 0.609722 0.066406 0.116667
0 0.721094 0.483333 0.067969 0.119444
0 0.724219 0.295833 0.066406 0.097222
0 0.762500 0.795833 0.072656 0.120833
0 0.791406 0.334722 0.070312 0.120833
0 0.818750 0.451389 0.055469 0.116667
0 0.825781 0.858333 0.067187 0.108333
0 0.854688 0.613889 0.064844 0.118056
0 0.937500 0.544444 0.050781 0.113889
1 0.724219 0.295833 0.066406 0.097222
1 0.762500 0.795833 0.072656 0.120833
1 0.791406 0.334722 0.070312 0.120833
1 0.818750 0.451389 0.055469 0.116667
2 0.396094 0.534722 0.062500 0.094444
2 0.478125 0.618056 0.054688 0.075000
2 0.489844 0.704167 0.055469 0.075000
2 0.519531 0.409722 0.054688 0.113889
2 0.533594 0.575000 0.064062 0.119444
2 0.567187 0.326389 0.044531 0.102778
2 0.606250 0.704167 0.063281 0.118056
2 0.634375 0.404167 0.059375 0.087500
2 0.854688 0.613889 0.064844 0.118056
2 0.937500 0.544444 0.050781 0.113889
3 0.355469 0.716667 0.060156 0.120833
3 0.458594 0.781944 0.057813 0.079167
3 0.471094 0.516667 0.046094 0.105556
3 0.517969 0.790278 0.060937 0.081944
3 0.618750 0.555556 0.061719 0.119444
3 0.681250 0.609722 0.066406 0.116667
3 0.721094 0.483333 0.067969 0.119444
3 0.825781 0.858333 0.067187 0.108333
5 0.724219 0.295833 0.066406 0.097222
6 0.791406 0.334722 0.070312 0.120833
6 0.818750 0.451389 0.055469 0.116667
7 0.762500 0.795833 0.072656 0.120833
8 0.818750 0.451389 0.055469 0.116667
12 0.791406 0.334722 0.070312 0.120833
13 0.724219 0.295833 0.066406 0.097222
15 0.762500 0.795833 0.072656 0.120833