0 0.182422 0.548611 0.067969 0.108333
0 0.208984 0.668056 0.060156 0.119444
0 0.234766 0.840278 0.057031 0.116667
0 0.243359 0.361111 0.042969 0.105556
0 0.263672 0.654167 0.064844 0.119444
0 0.259766 0.499306 0.049219 0.109722
0 0.278906 0.776389 0.064062 0.094444
0 0.296875 0.332639 0.053125 0.115278
0 0.319531 0.615972 0.067187 0.104167
0 0.324609 0.476389 0.067969 0.111111
0 0.334375 0.777778 0.046875 0.108333
0 0.346484 0.318750 0.061719 0.120833
0 0.381250 0.863889 0.056250 0.116667
0 0.387500 0.521528 0.065625 0.115278
0 0.389844 0.665278 0.042188 0.100000
0 0.400781 0.393750 0.043750 0.104167
0 0.426953 0.905556 0.047656 0.108333
0 0.435937 0.750000 0.048438 0.108333
0 0.447266 0.490972 0.042969 0.104167
0 0.458203 0.318750 0.052344 0.115278
0 0.468359 0.625000 0.049219 0.108333
0 0.501563 0.446528 0.042188 0.104167
0 0.528125 0.569444 0.062500 0.094444
0 0.529687 0.693056 0.042188 0.102778
0 0.547656 0.820139 0.043750 0.104167
0 0.563281 0.307639 0.059375 0.118056
0 0.578125 0.500694 0.065625 0.112500
0 0.603906 0.637500 0.040625 0.100000
0 0.617188 0.351389 0.060937 0.119444
0 0.612500 0.785417 0.050000 0.109722
0 0.638281 0.464583 0.039062 0.098611
0 0.662500 0.637500 0.059375 0.116667
0 0.669531 0.781944 0.048438 0.108333
0 0.703125 0.493750 0.054688 0.115278
1 0.182422 0.548611 0.067969 0.108333
1 0.208984 0.668056 0.060156 0.119444
1 0.234766 0.840278 0.057031 0.116667
1 0.243359 0.361111 0.042969 0.105556
1 0.263672 0.654167 0.064844 0.119444
1 0.278906 0.776389 0.064062 0.094444
1 0.296875 0.332639 0.053125 0.115278
1 0.319531 0.615972 0.067187 0.104167
1 0.324609 0.476389 0.067969 0.111111
1 0.334375 0.777778 0.046875 0.108333
1 0.346484 0.318750 0.061719 0.120833
1 0.381250 0.863889 0.056250 0.116667
1 0.387500 0.521528 0.065625 0.115278
1 0.400781 0.393750 0.043750 0.104167
1 0.426953 0.905556 0.047656 0.108333
1 0.458203 0.318750 0.052344 0.115278
1 0.468359 0.625000 0.049219 0.108333
1 0.529687 0.693056 0.042188 0.102778
1 0.563281 0.307639 0.059375 0.118056
1 0.578125 0.500694 0.065625 0.112500
1 0.617188 0.351389 0.060937 0.119444
1 0.638281 0.464583 0.039062 0.098611
1 0.662500 0.637500 0.059375 0.116667
1 0.703125 0.493750 0.054688 0.115278
3 0.259766 0.499306 0.049219 0.109722
3 0.389844 0.665278 0.042188 0.100000
3 0.435937 0.750000 0.048438 0.108333
3 0.447266 0.490972 0.042969 0.104167
3 0.501563 0.446528 0.042188 0.104167
3 0.528125 0.569444 0.062500 0.094444
3 0.547656 0.820139 0.043750 0.104167
3 0.603906 0.637500 0.040625 0.100000
3 0.612500 0.785417 0.050000 0.109722
3 0.669531 0.781944 0.048438 0.108333
4 0.346484 0.318750 0.061719 0.120833
4 0.458203 0.318750 0.052344 0.115278
4 0.563281 0.307639 0.059375 0.118056
4 0.578125 0.500694 0.065625 0.112500
4 0.617188 0.351389 0.060937 0.119444
5 0.208984 0.668056 0.060156 0.119444
5 0.234766 0.840278 0.057031 0.116667
5 0.278906 0.776389 0.064062 0.094444
5 0.319531 0.615972 0.067187 0.104167
5 0.387500 0.521528 0.065625 0.115278
5 0.400781 0.393750 0.043750 0.104167
5 0.426953 0.905556 0.047656 0.108333
5 0.529687 0.693056 0.042188 0.102778
6 0.243359 0.361111 0.042969 0.105556
6 0.263672 0.654167 0.064844 0.119444
6 0.334375 0.777778 0.046875 0.108333
6 0.381250 0.863889 0.056250 0.116667
6 0.638281 0.464583 0.039062 0.098611
6 0.662500 0.637500 0.059375 0.116667
6 0.703125 0.493750 0.054688 0.115278
7 0.182422 0.548611 0.067969 0.108333
7 0.296875 0.332639 0.053125 0.115278
7 0.324609 0.476389 0.067969 0.111111
7 0.468359 0.625000 0.049219 0.108333
8 0.638281 0.464583 0.039062 0.098611
9 0.243359 0.361111 0.042969 0.105556
9 0.319531 0.615972 0.067187 0.104167
9 0.346484 0.318750 0.061719 0.120833
10 0.278906 0.776389 0.064062 0.094444
11 0.182422 0.548611 0.067969 0.108333
11 0.334375 0.777778 0.046875 0.108333
11 0.578125 0.500694 0.065625 0.112500
12 0.234766 0.840278 0.057031 0.116667
12 0.381250 0.863889 0.056250 0.116667
12 0.563281 0.307639 0.059375 0.118056
13 0.324609 0.477778 0.067969 0.111111
13 0.426953 0.905556 0.047656 0.108333
14 0.296875 0.332639 0.053125 0.115278
14 0.529687 0.693056 0.042188 0.102778
14 0.617188 0.351389 0.060937 0.119444
15 0.387500 0.521528 0.065625 0.115278
15 0.468359 0.625000 0.049219 0.108333
16 0.263672 0.654167 0.064844 0.119444
17 0.208984 0.668056 0.060156 0.119444
17 0.662500 0.637500 0.059375 0.116667
18 0.458203 0.318750 0.052344 0.115278
18 0.703125 0.493750 0.054688 0.115278
20 0.400781 0.393750 0.043750 0.104167