0 0.250781 0.756250 0.057813 0.123611
0 0.273438 0.551389 0.070312 0.108333
0 0.319922 0.692361 0.072656 0.126389
0 0.322656 0.693750 0.071875 0.129167
0 0.321875 0.831250 0.065625 0.129167
0 0.327344 0.387500 0.070312 0.102778
0 0.345703 0.201389 0.066406 0.091667
0 0.368750 0.580556 0.068750 0.130556
0 0.378125 0.831944 0.056250 0.125000
0 0.423828 0.527778 0.072656 0.113889
0 0.444531 0.202778 0.064062 0.086111
0 0.446094 0.648611 0.064062 0.130556
0 0.459766 0.297222 0.064844 0.086111
0 0.450000 0.832639 0.043750 0.109722
0 0.475391 0.425000 0.067969 0.097222
0 0.529297 0.181944 0.067969 0.094444
0 0.532031 0.619444 0.068750 0.127778
0 0.560547 0.290972 0.074219 0.112500
0 0.572266 0.505556 0.071094 0.111111
0 0.571484 0.818750 0.053906 0.120833
0 0.618750 0.197917 0.070312 0.098611
0 0.634766 0.690278 0.069531 0.125000
1 0.345703 0.201389 0.066406 0.091667
1 0.444531 0.202778 0.064062 0.086111
1 0.529297 0.181944 0.067969 0.094444
1 0.618750 0.197917 0.070312 0.098611
2 0.250781 0.756250 0.057813 0.123611
2 0.273438 0.551389 0.070312 0.108333
2 0.319922 0.692361 0.072656 0.126389
2 0.322656 0.693750 0.071875 0.129167
2 0.423828 0.527778 0.072656 0.113889
2 0.450000 0.832639 0.043750 0.109722
2 0.475391 0.425000 0.067969 0.097222
2 0.532031 0.619444 0.068750 0.127778
2 0.572266 0.505556 0.071094 0.111111
2 0.571484 0.818750 0.053906 0.120833
2 0.634766 0.690278 0.069531 0.125000
3 0.321875 0.831250 0.065625 0.129167
3 0.327344 0.387500 0.070312 0.102778
3 0.368750 0.580556 0.068750 0.130556
3 0.378125 0.831944 0.056250 0.125000
3 0.446094 0.648611 0.064062 0.130556
3 0.459766 0.297222 0.064844 0.086111
3 0.560547 0.290972 0.074219 0.112500
5 0.529297 0.181944 0.067969 0.094444
5 0.618750 0.197917 0.070312 0.098611
6 0.444531 0.202778 0.064062 0.086111
7 0.345703 0.201389 0.066406 0.091667
9 0.618750 0.197917 0.070312 0.098611
11 0.345703 0.201389 0.066406 0.091667
14 0.529297 0.181944 0.067969 0.094444
17 0.444531 0.202778 0.064062 0.086111