0 0.090234 0.527083 0.049219 0.109722
0 0.131250 0.382639 0.068750 0.101389
0 0.153906 0.700000 0.060937 0.080556
0 0.155469 0.556944 0.062500 0.086111
0 0.196484 0.393056 0.053906 0.116667
0 0.221875 0.713889 0.051562 0.111111
0 0.225000 0.540972 0.053125 0.115278
0 0.231250 0.132639 0.059375 0.081944
0 0.250781 0.433333 0.065625 0.094444
0 0.278125 0.605556 0.060937 0.086111
0 0.282813 0.741667 0.064062 0.091667
0 0.291016 0.323611 0.055469 0.077778
0 0.293750 0.083333 0.056250 0.077778
0 0.320312 0.461111 0.057813 0.119444
0 0.338281 0.584722 0.059375 0.119444
0 0.357031 0.703472 0.059375 0.120833
0 0.365625 0.176389 0.057813 0.075000
0 0.375000 0.322917 0.062500 0.084722
0 0.378906 0.453472 0.054688 0.118056
0 0.385156 0.812500 0.057813 0.080556
0 0.400391 0.568750 0.057031 0.118056
0 0.411328 0.695833 0.058594 0.119444
0 0.431641 0.432639 0.055469 0.118056
0 0.446875 0.818750 0.050000 0.112500
0 0.456641 0.559028 0.058594 0.120833
0 0.458594 0.693750 0.059375 0.120833
0 0.487500 0.248611 0.060937 0.091667
0 0.490625 0.425000 0.057813 0.119444
0 0.506641 0.687500 0.058594 0.119444
0 0.508594 0.546528 0.056250 0.118056
0 0.526953 0.804861 0.047656 0.106944
0 0.585156 0.794444 0.059375 0.080556
1 0.320312 0.461111 0.057813 0.119444
1 0.338281 0.584722 0.059375 0.119444
1 0.357031 0.703472 0.059375 0.120833
1 0.375000 0.322917 0.062500 0.084722
1 0.378906 0.453472 0.054688 0.118056
1 0.400391 0.568750 0.057031 0.118056
1 0.411328 0.695833 0.058594 0.119444
1 0.431641 0.432639 0.055469 0.118056
1 0.456641 0.559028 0.058594 0.120833
1 0.458594 0.693750 0.059375 0.120833
1 0.490625 0.425000 0.057813 0.119444
1 0.506641 0.687500 0.058594 0.119444
1 0.508594 0.546528 0.056250 0.118056
2 0.131250 0.382639 0.068750 0.101389
2 0.153906 0.700000 0.060937 0.080556
2 0.196484 0.393056 0.053906 0.116667
2 0.221875 0.713889 0.051562 0.111111
2 0.231250 0.132639 0.059375 0.081944
2 0.250781 0.433333 0.065625 0.094444
2 0.282813 0.741667 0.064062 0.091667
2 0.291016 0.323611 0.055469 0.077778
2 0.293750 0.083333 0.056250 0.077778
2 0.365625 0.176389 0.057813 0.075000
2 0.487500 0.248611 0.060937 0.091667
3 0.090234 0.527083 0.049219 0.109722
3 0.155469 0.556944 0.062500 0.086111
3 0.225000 0.540972 0.053125 0.115278
3 0.278125 0.605556 0.060937 0.086111
3 0.385156 0.812500 0.057813 0.080556
3 0.446875 0.818750 0.050000 0.112500
3 0.526953 0.804861 0.047656 0.106944
3 0.585156 0.794444 0.059375 0.080556
6 0.320312 0.461111 0.057813 0.119444
6 0.338281 0.584722 0.059375 0.119444
6 0.357031 0.703472 0.059375 0.120833
6 0.375000 0.322917 0.062500 0.084722
6 0.378906 0.453472 0.054688 0.118056
6 0.400391 0.568750 0.057031 0.118056
6 0.411328 0.695833 0.058594 0.119444
6 0.431641 0.432639 0.055469 0.118056
6 0.456641 0.559028 0.058594 0.120833
6 0.458594 0.693750 0.059375 0.120833
6 0.490625 0.425000 0.057813 0.119444
6 0.506641 0.687500 0.058594 0.119444
6 0.508594 0.546528 0.056250 0.118056
8 0.506641 0.687500 0.058594 0.119444
9 0.458594 0.693750 0.059375 0.120833
10 0.411328 0.695833 0.058594 0.119444
11 0.357031 0.703472 0.059375 0.120833
12 0.508594 0.546528 0.056250 0.118056
13 0.456641 0.559028 0.058594 0.120833
14 0.400391 0.568750 0.057031 0.118056
15 0.338281 0.584722 0.059375 0.119444
16 0.490625 0.425000 0.057813 0.119444
17 0.431641 0.432639 0.055469 0.118056
18 0.378906 0.453472 0.054688 0.118056
19 0.320312 0.461111 0.057813 0.119444
20 0.375000 0.322917 0.062500 0.084722