0 0.105078 0.594444 0.049219 0.108333
0 0.148438 0.452083 0.067187 0.101389
0 0.165234 0.768750 0.061719 0.084722
0 0.169531 0.624306 0.062500 0.087500
0 0.211719 0.462500 0.054688 0.116667
0 0.232031 0.782639 0.053125 0.115278
0 0.238281 0.611111 0.054688 0.113889
0 0.264844 0.503472 0.065625 0.095833
0 0.289844 0.676389 0.062500 0.086111
0 0.291016 0.812500 0.064844 0.094444
0 0.371484 0.757639 0.047656 0.112500
0 0.384766 0.246528 0.058594 0.079167
0 0.394141 0.887500 0.058594 0.080556
0 0.420312 0.466667 0.046875 0.108333
0 0.425391 0.758333 0.044531 0.108333
0 0.450391 0.256944 0.063281 0.097222
0 0.456641 0.895139 0.052344 0.115278
0 0.480469 0.470139 0.043750 0.104167
0 0.480859 0.748611 0.044531 0.105556
0 0.516406 0.268750 0.060937 0.090278
0 0.535156 0.751389 0.043750 0.105556
0 0.537500 0.883333 0.046875 0.108333
0 0.541406 0.486111 0.043750 0.102778
0 0.583594 0.280556 0.065625 0.097222
0 0.596875 0.875000 0.059375 0.083333
0 0.603125 0.762500 0.046875 0.108333
0 0.650000 0.294444 0.057813 0.077778
0 0.687891 0.879861 0.061719 0.093056
0 0.696875 0.768750 0.062500 0.093056
0 0.707031 0.675000 0.062500 0.091667
0 0.709375 0.581944 0.059375 0.086111
0 0.721094 0.479167 0.060937 0.094444
1 0.371484 0.757639 0.047656 0.112500
1 0.384766 0.246528 0.058594 0.079167
1 0.420312 0.466667 0.046875 0.108333
1 0.425391 0.758333 0.044531 0.108333
1 0.450391 0.256944 0.063281 0.097222
1 0.480469 0.470139 0.043750 0.104167
1 0.480859 0.748611 0.044531 0.105556
1 0.516406 0.268750 0.060937 0.090278
1 0.535156 0.751389 0.043750 0.105556
1 0.541406 0.486111 0.043750 0.102778
1 0.583594 0.280556 0.065625 0.097222
1 0.603125 0.762500 0.046875 0.108333
1 0.650000 0.294444 0.057813 0.077778
2 0.148438 0.452083 0.067187 0.101389
2 0.165234 0.768750 0.061719 0.084722
2 0.211719 0.462500 0.054688 0.116667
2 0.232031 0.782639 0.053125 0.115278
2 0.264844 0.503472 0.065625 0.095833
2 0.291016 0.812500 0.064844 0.094444
2 0.687891 0.879861 0.061719 0.093056
2 0.696875 0.768750 0.062500 0.093056
2 0.707031 0.675000 0.062500 0.091667
2 0.709375 0.581944 0.059375 0.086111
2 0.721094 0.479167 0.060937 0.094444
3 0.105078 0.594444 0.049219 0.108333
3 0.169531 0.624306 0.062500 0.087500
3 0.238281 0.611111 0.054688 0.113889
3 0.289844 0.676389 0.062500 0.086111
3 0.394141 0.887500 0.058594 0.080556
3 0.456641 0.895139 0.052344 0.115278
3 0.537500 0.883333 0.046875 0.108333
3 0.596875 0.875000 0.059375 0.083333
5 0.371484 0.757639 0.047656 0.112500
5 0.420312 0.466667 0.046875 0.108333
5 0.425391 0.758333 0.044531 0.108333
5 0.450391 0.256944 0.063281 0.097222
5 0.480469 0.470139 0.043750 0.104167
5 0.480859 0.748611 0.044531 0.105556
5 0.516406 0.268750 0.060937 0.090278
5 0.535156 0.751389 0.043750 0.105556
5 0.541406 0.486111 0.043750 0.102778
5 0.583594 0.280556 0.065625 0.097222
5 0.603125 0.762500 0.046875 0.108333
5 0.650000 0.294444 0.057813 0.077778
6 0.384766 0.246528 0.058594 0.079167
8 0.603125 0.762500 0.046875 0.108333
9 0.535156 0.751389 0.043750 0.105556
10 0.480859 0.748611 0.044531 0.105556
11 0.425391 0.758333 0.044531 0.108333
12 0.371484 0.757639 0.047656 0.112500
13 0.384766 0.246528 0.058594 0.079167
14 0.450391 0.256944 0.063281 0.097222
15 0.516406 0.268750 0.060937 0.090278
16 0.583594 0.280556 0.065625 0.097222
17 0.650000 0.294444 0.057813 0.077778
18 0.420312 0.466667 0.046875 0.108333
19 0.480469 0.470139 0.043750 0.104167
20 0.541406 0.486111 0.043750 0.102778