0 0.192188 0.441667 0.043750 0.105556
0 0.224219 0.591667 0.060156 0.077778
0 0.264062 0.461111 0.052344 0.113889
0 0.299219 0.652778 0.043750 0.105556
0 0.341406 0.336111 0.060156 0.115278
0 0.334375 0.491667 0.044531 0.105556
0 0.357031 0.619444 0.044531 0.104167
0 0.388281 0.798611 0.057813 0.076389
0 0.382812 0.486111 0.044531 0.105556
0 0.407813 0.268056 0.047656 0.108333
0 0.416406 0.601389 0.057813 0.076389
0 0.438281 0.480556 0.041406 0.102778
0 0.464844 0.688889 0.063281 0.105556
0 0.475781 0.259722 0.058594 0.087500
0 0.488281 0.570833 0.064062 0.104167
0 0.502344 0.455556 0.065625 0.118056
0 0.563281 0.250000 0.067187 0.113889
0 0.578125 0.595833 0.058594 0.079167
0 0.594531 0.372222 0.064844 0.109722
1 0.299219 0.652778 0.043750 0.105556
1 0.388281 0.798611 0.057813 0.076389
1 0.563281 0.250000 0.067187 0.113889
1 0.578125 0.595833 0.058594 0.079167
2 0.192188 0.441667 0.043750 0.105556
2 0.264062 0.461111 0.052344 0.113889
2 0.341406 0.336111 0.060156 0.115278
2 0.334375 0.491667 0.044531 0.105556
2 0.382812 0.486111 0.044531 0.105556
2 0.407813 0.268056 0.047656 0.108333
2 0.438281 0.480556 0.041406 0.102778
2 0.464844 0.688889 0.063281 0.105556
2 0.475781 0.259722 0.058594 0.087500
2 0.488281 0.570833 0.064062 0.104167
2 0.502344 0.455556 0.065625 0.118056
3 0.224219 0.591667 0.060156 0.077778
3 0.357031 0.619444 0.044531 0.104167
3 0.416406 0.601389 0.057813 0.076389
3 0.594531 0.372222 0.064844 0.109722
5 0.578125 0.595833 0.058594 0.079167
6 0.299219 0.652778 0.043750 0.105556
6 0.388281 0.798611 0.057813 0.076389
6 0.563281 0.250000 0.067187 0.113889
14 0.299219 0.652778 0.043750 0.105556
15 0.563281 0.250000 0.067187 0.113889
15 0.578125 0.595833 0.058594 0.079167
16 0.388281 0.798611 0.057813 0.076389