0 0.267578 0.646528 0.058594 0.112500
0 0.264844 0.500000 0.042188 0.097222
0 0.308984 0.518750 0.039844 0.098611
0 0.330859 0.684722 0.052344 0.111111
0 0.359766 0.504167 0.049219 0.105556
0 0.418750 0.786111 0.065625 0.116667
0 0.450781 0.554167 0.059375 0.119444
0 0.466797 0.691667 0.060156 0.086111
0 0.482422 0.411111 0.066406 0.119444
0 0.508594 0.884722 0.062500 0.122222
0 0.525781 0.620833 0.065625 0.119444
0 0.571484 0.488889 0.064844 0.122222
0 0.569531 0.145139 0.059375 0.076389
0 0.582031 0.868056 0.059375 0.127778
0 0.603125 0.659028 0.050000 0.112500
0 0.628125 0.136111 0.059375 0.075000
0 0.629297 0.538889 0.057031 0.116667
0 0.650781 0.379861 0.051562 0.112500
0 0.665234 0.727778 0.058594 0.119444
0 0.687500 0.128472 0.059375 0.079167
0 0.698828 0.600000 0.071094 0.122222
0 0.742969 0.740972 0.071875 0.120833
1 0.569531 0.145139 0.059375 0.076389
1 0.628125 0.136111 0.059375 0.075000
1 0.687500 0.128472 0.059375 0.079167
2 0.267578 0.646528 0.058594 0.112500
2 0.264844 0.500000 0.042188 0.097222
2 0.308984 0.518750 0.039844 0.098611
2 0.330859 0.684722 0.052344 0.111111
2 0.359766 0.504167 0.049219 0.105556
2 0.450781 0.554167 0.059375 0.119444
2 0.466797 0.691667 0.060156 0.086111
2 0.482422 0.411111 0.066406 0.119444
2 0.571484 0.488889 0.064844 0.122222
2 0.629297 0.538889 0.057031 0.116667
2 0.698828 0.600000 0.071094 0.122222
3 0.418750 0.786111 0.065625 0.116667
3 0.508594 0.884722 0.062500 0.122222
3 0.525781 0.620833 0.065625 0.119444
3 0.582031 0.868056 0.059375 0.127778
3 0.603125 0.659028 0.050000 0.112500
3 0.650781 0.379861 0.051562 0.112500
3 0.665234 0.727778 0.058594 0.119444
3 0.742969 0.740972 0.071875 0.120833
6 0.569531 0.145139 0.059375 0.076389
6 0.628125 0.136111 0.059375 0.075000
6 0.687500 0.128472 0.059375 0.079167
10 0.687500 0.128472 0.059375 0.079167
11 0.628125 0.136111 0.059375 0.075000
19 0.569531 0.145139 0.059375 0.076389