0 0.203125 0.834722 0.064062 0.083333
0 0.240625 0.590972 0.064062 0.087500
0 0.266797 0.740278 0.069531 0.108333
0 0.303125 0.856250 0.059375 0.073611
0 0.328906 0.605556 0.068750 0.108333
0 0.351562 0.726389 0.060937 0.086111
0 0.433203 0.743750 0.061719 0.090278
0 0.486719 0.565972 0.062500 0.115278
0 0.489844 0.432639 0.056250 0.115278
0 0.521875 0.306250 0.062500 0.118056
0 0.543359 0.493750 0.061719 0.101389
0 0.576562 0.390972 0.059375 0.079167
0 0.569922 0.600000 0.044531 0.105556
0 0.655859 0.425000 0.055469 0.119444
0 0.659375 0.566667 0.059375 0.075000
0 0.658594 0.700000 0.056250 0.069444
0 0.703906 0.408333 0.059375 0.111111
0 0.734766 0.757639 0.055469 0.070833
0 0.738281 0.533333 0.060937 0.116667
0 0.791016 0.442361 0.063281 0.109722
0 0.794922 0.261806 0.061719 0.098611
0 0.808203 0.677083 0.060156 0.084722
0 0.828125 0.560417 0.062500 0.115278
1 0.203125 0.834722 0.064062 0.083333
1 0.266797 0.740278 0.069531 0.108333
1 0.303125 0.856250 0.059375 0.073611
1 0.328906 0.605556 0.068750 0.108333
1 0.351562 0.726389 0.060937 0.086111
1 0.433203 0.743750 0.061719 0.090278
1 0.486719 0.565972 0.062500 0.115278
1 0.489844 0.432639 0.056250 0.115278
1 0.521875 0.306250 0.062500 0.118056
1 0.543359 0.493750 0.061719 0.101389
1 0.576562 0.390972 0.059375 0.079167
1 0.569922 0.600000 0.044531 0.105556
1 0.655859 0.425000 0.055469 0.119444
1 0.659375 0.566667 0.059375 0.075000
1 0.658594 0.700000 0.056250 0.069444
1 0.703906 0.408333 0.059375 0.111111
1 0.734766 0.757639 0.055469 0.070833
1 0.738281 0.533333 0.060937 0.116667
1 0.791016 0.442361 0.063281 0.109722
1 0.794922 0.261806 0.061719 0.098611
1 0.808203 0.677083 0.060156 0.084722
1 0.828125 0.560417 0.062500 0.115278
3 0.240625 0.590972 0.064062 0.087500
4 0.433203 0.743750 0.061719 0.090278
4 0.486719 0.565972 0.062500 0.115278
5 0.266797 0.740278 0.069531 0.108333
5 0.303125 0.856250 0.059375 0.073611
5 0.328906 0.605556 0.068750 0.108333
5 0.351562 0.726389 0.060937 0.086111
5 0.489844 0.432639 0.056250 0.115278
5 0.658594 0.700000 0.056250 0.069444
5 0.738281 0.533333 0.060937 0.116667
5 0.791016 0.442361 0.063281 0.109722
6 0.576562 0.390972 0.059375 0.079167
6 0.734766 0.757639 0.055469 0.070833
6 0.808203 0.677083 0.060156 0.084722
6 0.828125 0.560417 0.062500 0.115278
7 0.203125 0.834722 0.064062 0.083333
7 0.521875 0.306250 0.062500 0.118056
7 0.543359 0.493750 0.061719 0.101389
7 0.569922 0.600000 0.044531 0.105556
7 0.655859 0.425000 0.055469 0.119444
7 0.659375 0.566667 0.059375 0.075000
7 0.703906 0.408333 0.059375 0.111111
7 0.794922 0.261806 0.061719 0.098611
8 0.433203 0.743750 0.061719 0.090278
8 0.658594 0.700000 0.056250 0.069444
9 0.266797 0.740278 0.069531 0.108333
10 0.659375 0.566667 0.059375 0.075000
11 0.203125 0.834722 0.064062 0.083333
11 0.351562 0.726389 0.060937 0.086111
11 0.486719 0.565972 0.062500 0.115278
11 0.828125 0.560417 0.062500 0.115278
12 0.521875 0.306250 0.062500 0.118056
13 0.576562 0.390972 0.059375 0.079167
13 0.655859 0.425000 0.055469 0.119444
13 0.791016 0.442361 0.063281 0.109722
14 0.303125 0.856250 0.059375 0.073611
16 0.738281 0.533333 0.060937 0.116667
17 0.489844 0.432639 0.056250 0.115278
17 0.543359 0.493750 0.061719 0.101389
17 0.808203 0.677083 0.060156 0.084722
18 0.328906 0.605556 0.068750 0.108333
18 0.703906 0.408333 0.059375 0.111111
19 0.734766 0.757639 0.055469 0.070833
19 0.794922 0.261806 0.061719 0.098611
20 0.569922 0.600000 0.044531 0.105556