0 0.189844 0.505556 0.054688 0.113889
0 0.208203 0.667361 0.061719 0.118056
0 0.242969 0.361111 0.042188 0.102778
0 0.267969 0.537500 0.054688 0.116667
0 0.274609 0.784722 0.047656 0.108333
0 0.290625 0.656250 0.060937 0.084722
0 0.289844 0.918750 0.042188 0.104167
0 0.324219 0.473611 0.068750 0.122222
0 0.347266 0.318056 0.063281 0.119444
0 0.353516 0.765278 0.055469 0.116667
0 0.346875 0.897222 0.042188 0.102778
0 0.382031 0.633333 0.059375 0.083333
0 0.387891 0.521528 0.063281 0.120833
0 0.399609 0.393750 0.042969 0.104167
0 0.403516 0.737500 0.041406 0.100000
0 0.415625 0.862500 0.065625 0.105556
0 0.443359 0.527778 0.042969 0.105556
0 0.466016 0.775000 0.060156 0.077778
0 0.467187 0.665278 0.059375 0.083333
0 0.468750 0.379167 0.043750 0.105556
0 0.477344 0.882639 0.059375 0.118056
0 0.505859 0.540972 0.047656 0.109722
0 0.522266 0.695139 0.039844 0.098611
0 0.549609 0.828472 0.041406 0.101389
0 0.562500 0.308333 0.059375 0.119444
0 0.560156 0.597917 0.042188 0.101389
0 0.575781 0.498611 0.065625 0.105556
0 0.587500 0.703472 0.056250 0.115278
0 0.616406 0.351389 0.060937 0.119444
0 0.618359 0.861111 0.046094 0.105556
0 0.645312 0.743750 0.045312 0.106944
0 0.657813 0.602083 0.051562 0.112500
1 0.189844 0.505556 0.054688 0.113889
1 0.208203 0.667361 0.061719 0.118056
1 0.242969 0.361111 0.042188 0.102778
1 0.267969 0.537500 0.054688 0.116667
1 0.274609 0.784722 0.047656 0.108333
1 0.290625 0.656250 0.060937 0.084722
1 0.289844 0.918750 0.042188 0.104167
1 0.324219 0.473611 0.068750 0.122222
1 0.347266 0.318056 0.063281 0.119444
1 0.353516 0.765278 0.055469 0.116667
1 0.346875 0.897222 0.042188 0.102778
1 0.382031 0.633333 0.059375 0.083333
1 0.387891 0.521528 0.063281 0.120833
1 0.399609 0.393750 0.042969 0.104167
1 0.403516 0.737500 0.041406 0.100000
1 0.415625 0.862500 0.065625 0.105556
1 0.443359 0.527778 0.042969 0.105556
1 0.466016 0.775000 0.060156 0.077778
1 0.467187 0.665278 0.059375 0.083333
1 0.468750 0.379167 0.043750 0.105556
1 0.477344 0.882639 0.059375 0.118056
1 0.505859 0.540972 0.047656 0.109722
1 0.522266 0.695139 0.039844 0.098611
1 0.549609 0.828472 0.041406 0.101389
1 0.562500 0.308333 0.059375 0.119444
1 0.560156 0.597917 0.042188 0.101389
1 0.575781 0.498611 0.065625 0.105556
1 0.587500 0.703472 0.056250 0.115278
1 0.616406 0.351389 0.060937 0.119444
1 0.618359 0.861111 0.046094 0.105556
1 0.645312 0.743750 0.045312 0.106944
1 0.657813 0.602083 0.051562 0.112500
4 0.289844 0.918750 0.042188 0.104167
4 0.347266 0.318056 0.063281 0.119444
4 0.415625 0.862500 0.065625 0.105556
4 0.477344 0.882639 0.059375 0.118056
4 0.562500 0.308333 0.059375 0.119444
4 0.575781 0.498611 0.065625 0.105556
4 0.616406 0.351389 0.060937 0.119444
4 0.618359 0.861111 0.046094 0.105556
4 0.645312 0.743750 0.045312 0.106944
5 0.208203 0.667361 0.061719 0.118056
5 0.274609 0.784722 0.047656 0.108333
5 0.290625 0.656250 0.060937 0.084722
5 0.382031 0.633333 0.059375 0.083333
5 0.387891 0.521528 0.063281 0.120833
5 0.399609 0.393750 0.042969 0.104167
5 0.467187 0.665278 0.059375 0.083333
5 0.505859 0.540972 0.047656 0.109722
5 0.522266 0.695139 0.039844 0.098611
5 0.560156 0.597917 0.042188 0.101389
6 0.242969 0.361111 0.042188 0.102778
6 0.353516 0.765278 0.055469 0.116667
6 0.346875 0.897222 0.042188 0.102778
6 0.403516 0.737500 0.041406 0.100000
6 0.443359 0.527778 0.042969 0.105556
6 0.468750 0.379167 0.043750 0.105556
6 0.587500 0.703472 0.056250 0.115278
6 0.657813 0.602083 0.051562 0.112500
7 0.189844 0.505556 0.054688 0.113889
7 0.267969 0.537500 0.054688 0.116667
7 0.324219 0.473611 0.068750 0.122222
7 0.466016 0.775000 0.060156 0.077778
7 0.549609 0.828472 0.041406 0.101389
9 0.242969 0.361111 0.042188 0.102778
9 0.274609 0.784722 0.047656 0.108333
9 0.347266 0.318056 0.063281 0.119444
10 0.415625 0.862500 0.065625 0.105556
10 0.505859 0.540972 0.047656 0.109722
11 0.382031 0.633333 0.059375 0.083333
11 0.466016 0.775000 0.060156 0.077778
11 0.468750 0.379167 0.043750 0.105556
11 0.575781 0.498611 0.065625 0.105556
12 0.346875 0.897222 0.042188 0.102778
12 0.467187 0.665278 0.059375 0.083333
12 0.562500 0.308333 0.059375 0.119444
13 0.324219 0.473611 0.068750 0.122222
13 0.522266 0.695139 0.039844 0.098611
14 0.267969 0.537500 0.054688 0.116667
14 0.560156 0.597917 0.042188 0.101389
14 0.616406 0.351389 0.060937 0.119444
15 0.387891 0.521528 0.063281 0.120833
15 0.549609 0.828472 0.041406 0.101389
15 0.587500 0.703472 0.056250 0.115278
16 0.477344 0.882639 0.059375 0.118056
16 0.657813 0.602083 0.051562 0.112500
17 0.208203 0.667361 0.061719 0.118056
17 0.289844 0.918750 0.042188 0.104167
17 0.353516 0.765278 0.055469 0.116667
18 0.645312 0.743750 0.045312 0.106944
19 0.189844 0.505556 0.054688 0.113889
19 0.290625 0.656250 0.060937 0.084722
19 0.403516 0.737500 0.041406 0.100000
20 0.399609 0.393750 0.042969 0.104167
20 0.443359 0.527778 0.042969 0.105556
20 0.618359 0.861111 0.046094 0.105556