0 0.123828 0.540972 0.067969 0.126389
0 0.150781 0.694444 0.070312 0.125000
0 0.170703 0.887500 0.066406 0.125000
0 0.174609 0.496528 0.066406 0.126389
0 0.194922 0.633333 0.066406 0.125000
0 0.216016 0.818750 0.055469 0.118056
0 0.227734 0.459028 0.053906 0.115278
0 0.255859 0.604861 0.053906 0.115278
0 0.271875 0.809722 0.048438 0.111111
0 0.322656 0.636111 0.070312 0.116667
0 0.312109 0.459028 0.042969 0.104167
0 0.357031 0.729861 0.067187 0.123611
0 0.368750 0.404861 0.051562 0.112500
0 0.389062 0.515278 0.067187 0.122222
0 0.391016 0.243056 0.061719 0.094444
0 0.394141 0.790278 0.066406 0.125000
0 0.432812 0.557639 0.057813 0.118056
0 0.451172 0.804167 0.055469 0.119444
0 0.486328 0.576389 0.042969 0.105556
0 0.501563 0.930556 0.051562 0.113889
0 0.507031 0.793750 0.054688 0.118056
0 0.529687 0.666667 0.043750 0.100000
0 0.552734 0.886111 0.061719 0.119444
0 0.587500 0.688889 0.053125 0.111111
0 0.640625 0.732639 0.060937 0.118056
1 0.123828 0.540972 0.067969 0.126389
1 0.174609 0.496528 0.066406 0.126389
1 0.227734 0.459028 0.053906 0.115278
1 0.322656 0.636111 0.070312 0.116667
1 0.312109 0.459028 0.042969 0.104167
1 0.357031 0.729861 0.067187 0.123611
1 0.368750 0.404861 0.051562 0.112500
1 0.389062 0.515278 0.067187 0.122222
1 0.394141 0.790278 0.066406 0.125000
1 0.432812 0.557639 0.057813 0.118056
1 0.451172 0.804167 0.055469 0.119444
1 0.486328 0.576389 0.042969 0.105556
1 0.507031 0.793750 0.054688 0.118056
2 0.150781 0.694444 0.070312 0.125000
2 0.194922 0.633333 0.066406 0.125000
2 0.255859 0.604861 0.053906 0.115278
2 0.391016 0.243056 0.061719 0.094444
2 0.529687 0.666667 0.043750 0.100000
2 0.587500 0.688889 0.053125 0.111111
2 0.640625 0.732639 0.060937 0.118056
3 0.170703 0.887500 0.066406 0.125000
3 0.216016 0.818750 0.055469 0.118056
3 0.271875 0.809722 0.048438 0.111111
3 0.501563 0.930556 0.051562 0.113889
3 0.552734 0.886111 0.061719 0.119444
7 0.123828 0.540972 0.067969 0.126389
7 0.174609 0.496528 0.066406 0.126389
7 0.227734 0.459028 0.053906 0.115278
7 0.322656 0.636111 0.070312 0.116667
7 0.312109 0.459028 0.042969 0.104167
7 0.357031 0.729861 0.067187 0.123611
7 0.368750 0.404861 0.051562 0.112500
7 0.389062 0.515278 0.067187 0.122222
7 0.394141 0.790278 0.066406 0.125000
7 0.432812 0.557639 0.057813 0.118056
7 0.451172 0.804167 0.055469 0.119444
7 0.486328 0.576389 0.042969 0.105556
7 0.507031 0.793750 0.054688 0.118056
8 0.322656 0.636111 0.070312 0.116667
9 0.357031 0.729861 0.067187 0.123611
10 0.394141 0.790278 0.066406 0.125000
11 0.451172 0.804167 0.055469 0.119444
12 0.507031 0.793750 0.054688 0.118056
13 0.389062 0.515278 0.067187 0.122222
14 0.432812 0.557639 0.057813 0.118056
15 0.486328 0.576389 0.042969 0.105556
16 0.123828 0.540972 0.067969 0.126389
17 0.174609 0.496528 0.066406 0.126389
18 0.227734 0.459028 0.053906 0.115278
19 0.312109 0.459028 0.042969 0.104167
20 0.368750 0.404861 0.051562 0.112500