0 0.071094 0.465972 0.057813 0.120833
0 0.118750 0.593750 0.068750 0.120833
0 0.109375 0.312500 0.046875 0.108333
0 0.155469 0.433333 0.064062 0.088889
0 0.162891 0.750000 0.050781 0.111111
0 0.182422 0.279167 0.069531 0.125000
0 0.210156 0.615278 0.068750 0.119444
0 0.238672 0.429861 0.058594 0.120833
0 0.246094 0.728472 0.071875 0.120833
0 0.268359 0.539583 0.063281 0.087500
0 0.265625 0.279167 0.043750 0.105556
0 0.312109 0.443750 0.063281 0.112500
0 0.326172 0.823611 0.064844 0.097222
0 0.318359 0.661111 0.046094 0.108333
0 0.333984 0.166667 0.063281 0.125000
0 0.339062 0.525000 0.064062 0.108333
0 0.341406 0.307639 0.064062 0.118056
0 0.372656 0.662500 0.057813 0.119444
0 0.400000 0.193750 0.057813 0.120833
0 0.404687 0.441667 0.067187 0.111111
0 0.412891 0.778472 0.067969 0.109722
0 0.441016 0.622917 0.060156 0.115278
0 0.451172 0.318056 0.061719 0.119444
0 0.462891 0.523611 0.061719 0.119444
0 0.463672 0.171528 0.060156 0.120833
0 0.504297 0.429861 0.064844 0.118056
0 0.504687 0.663889 0.056250 0.116667
0 0.530859 0.547222 0.061719 0.111111
0 0.550000 0.331944 0.048438 0.111111
0 0.577734 0.468750 0.042969 0.104167
1 0.071094 0.465972 0.057813 0.120833
1 0.109375 0.312500 0.046875 0.108333
1 0.182422 0.279167 0.069531 0.125000
1 0.265625 0.279167 0.043750 0.105556
1 0.333984 0.166667 0.063281 0.125000
1 0.372656 0.662500 0.057813 0.119444
1 0.400000 0.193750 0.057813 0.120833
1 0.451172 0.318056 0.061719 0.119444
1 0.462891 0.523611 0.061719 0.119444
1 0.463672 0.171528 0.060156 0.120833
1 0.504687 0.663889 0.056250 0.116667
1 0.550000 0.331944 0.048438 0.111111
1 0.577734 0.468750 0.042969 0.104167
2 0.155469 0.433333 0.064062 0.088889
2 0.238672 0.429861 0.058594 0.120833
2 0.246094 0.728472 0.071875 0.120833
2 0.312109 0.443750 0.063281 0.112500
2 0.318359 0.661111 0.046094 0.108333
2 0.339062 0.525000 0.064062 0.108333
2 0.341406 0.307639 0.064062 0.118056
2 0.404687 0.441667 0.067187 0.111111
2 0.441016 0.622917 0.060156 0.115278
2 0.504297 0.429861 0.064844 0.118056
2 0.530859 0.547222 0.061719 0.111111
3 0.118750 0.593750 0.068750 0.120833
3 0.162891 0.750000 0.050781 0.111111
3 0.210156 0.615278 0.068750 0.119444
3 0.268359 0.539583 0.063281 0.087500
3 0.326172 0.823611 0.064844 0.097222
3 0.412891 0.778472 0.067969 0.109722
4 0.071094 0.465972 0.057813 0.120833
4 0.182422 0.279167 0.069531 0.125000
4 0.577734 0.468750 0.042969 0.104167
5 0.265625 0.279167 0.043750 0.105556
5 0.462891 0.523611 0.061719 0.119444
6 0.109375 0.312500 0.046875 0.108333
6 0.372656 0.662500 0.057813 0.119444
6 0.451172 0.318056 0.061719 0.119444
6 0.504687 0.663889 0.056250 0.116667
7 0.333984 0.166667 0.063281 0.125000
7 0.400000 0.193750 0.057813 0.120833
7 0.463672 0.171528 0.060156 0.120833
7 0.550000 0.331944 0.048438 0.111111
8 0.504687 0.663889 0.056250 0.116667
8 0.577734 0.468750 0.042969 0.104167
9 0.109375 0.312500 0.046875 0.108333
10 0.265625 0.279167 0.043750 0.105556
10 0.550000 0.331944 0.048438 0.111111
11 0.372656 0.662500 0.057813 0.119444
11 0.462891 0.523611 0.061719 0.119444
12 0.071094 0.465972 0.057813 0.120833
12 0.451172 0.318056 0.061719 0.119444
14 0.182422 0.279167 0.069531 0.125000
14 0.400000 0.193750 0.057813 0.120833
16 0.333984 0.166667 0.063281 0.125000
18 0.463672 0.171528 0.060156 0.120833