0 0.159375 0.845139 0.059375 0.120833
0 0.154297 0.545139 0.044531 0.104167
0 0.187500 0.434028 0.046875 0.106944
0 0.241406 0.550000 0.059375 0.119444
0 0.244922 0.724306 0.050781 0.112500
0 0.259375 0.375000 0.059375 0.119444
0 0.272266 0.229167 0.060156 0.122222
0 0.310547 0.579167 0.057031 0.116667
0 0.316016 0.703472 0.063281 0.120833
0 0.324219 0.829167 0.056250 0.116667
0 0.332813 0.459722 0.067187 0.116667
0 0.340625 0.336111 0.059375 0.119444
0 0.389062 0.395833 0.067187 0.119444
0 0.395313 0.704167 0.067187 0.122222
0 0.397266 0.577778 0.052344 0.111111
0 0.408984 0.875000 0.041406 0.105556
0 0.444141 0.262500 0.067969 0.113889
0 0.470703 0.553472 0.066406 0.115278
0 0.473828 0.719444 0.053906 0.116667
0 0.480859 0.865972 0.066406 0.109722
0 0.476562 0.407639 0.053125 0.115278
0 0.533594 0.381250 0.050000 0.112500
0 0.536719 0.637500 0.056250 0.116667
0 0.539062 0.784722 0.040625 0.102778
0 0.553125 0.529861 0.059375 0.115278
0 0.617188 0.548611 0.056250 0.077778
1 0.159375 0.845139 0.059375 0.120833
1 0.154297 0.545139 0.044531 0.104167
1 0.241406 0.550000 0.059375 0.119444
1 0.244922 0.724306 0.050781 0.112500
1 0.259375 0.375000 0.059375 0.119444
1 0.272266 0.229167 0.060156 0.122222
1 0.310547 0.579167 0.057031 0.116667
1 0.316016 0.703472 0.063281 0.120833
1 0.324219 0.829167 0.056250 0.116667
1 0.332813 0.459722 0.067187 0.116667
1 0.340625 0.336111 0.059375 0.119444
1 0.389062 0.395833 0.067187 0.119444
1 0.395313 0.704167 0.067187 0.122222
1 0.397266 0.577778 0.052344 0.111111
1 0.408984 0.875000 0.041406 0.105556
1 0.444141 0.262500 0.067969 0.113889
1 0.470703 0.553472 0.066406 0.115278
1 0.473828 0.719444 0.053906 0.116667
1 0.480859 0.865972 0.066406 0.109722
1 0.476562 0.407639 0.053125 0.115278
1 0.533594 0.381250 0.050000 0.112500
1 0.536719 0.637500 0.056250 0.116667
1 0.539062 0.784722 0.040625 0.102778
1 0.553125 0.529861 0.059375 0.115278
1 0.617188 0.548611 0.056250 0.077778
2 0.187500 0.434028 0.046875 0.106944
4 0.159375 0.845139 0.059375 0.120833
4 0.241406 0.550000 0.059375 0.119444
4 0.259375 0.375000 0.059375 0.119444
4 0.389062 0.395833 0.067187 0.119444
4 0.395313 0.704167 0.067187 0.122222
4 0.470703 0.553472 0.066406 0.115278
4 0.533594 0.381250 0.050000 0.112500
4 0.536719 0.637500 0.056250 0.116667
5 0.244922 0.724306 0.050781 0.112500
5 0.272266 0.229167 0.060156 0.122222
5 0.340625 0.336111 0.059375 0.119444
5 0.408984 0.875000 0.041406 0.105556
5 0.473828 0.719444 0.053906 0.116667
5 0.476562 0.407639 0.053125 0.115278
5 0.553125 0.529861 0.059375 0.115278
6 0.154297 0.545139 0.044531 0.104167
6 0.316016 0.703472 0.063281 0.120833
6 0.397266 0.577778 0.052344 0.111111
6 0.444141 0.262500 0.067969 0.113889
6 0.617188 0.548611 0.056250 0.077778
7 0.310547 0.579167 0.057031 0.116667
7 0.324219 0.829167 0.056250 0.116667
7 0.332813 0.459722 0.067187 0.116667
7 0.480859 0.865972 0.066406 0.109722
7 0.539062 0.784722 0.040625 0.102778
8 0.154297 0.545139 0.044531 0.104167
8 0.395313 0.704167 0.067187 0.122222
9 0.476562 0.407639 0.053125 0.115278
10 0.159375 0.845139 0.059375 0.120833
10 0.244922 0.724306 0.050781 0.112500
11 0.324219 0.829167 0.056250 0.116667
11 0.444141 0.262500 0.067969 0.113889
11 0.470703 0.553472 0.066406 0.115278
11 0.553125 0.529861 0.059375 0.115278
12 0.340625 0.336111 0.059375 0.119444
13 0.310547 0.579167 0.057031 0.116667
14 0.533594 0.381250 0.050000 0.112500
15 0.259375 0.375000 0.059375 0.119444
16 0.397266 0.577778 0.052344 0.111111
16 0.473828 0.719444 0.053906 0.116667
16 0.480859 0.865972 0.066406 0.109722
16 0.536719 0.637500 0.056250 0.116667
17 0.241406 0.550000 0.059375 0.119444
17 0.539062 0.784722 0.040625 0.102778
17 0.617188 0.548611 0.056250 0.077778
18 0.272266 0.229167 0.060156 0.122222
18 0.316016 0.703472 0.063281 0.120833
18 0.389062 0.395833 0.067187 0.119444
19 0.408984 0.875000 0.041406 0.105556
20 0.332813 0.459722 0.067187 0.116667