0 0.458594 0.872222 0.060937 0.119444
0 0.493750 0.769444 0.052344 0.113889
0 0.593750 0.797222 0.061719 0.084722
0 0.667969 0.788889 0.061719 0.119444
0 0.728906 0.719444 0.068750 0.109722
0 0.785937 0.655556 0.060156 0.116667
0 0.811719 0.779167 0.067969 0.100000
0 0.938281 0.530556 0.050781 0.112500
2 0.493750 0.769444 0.052344 0.113889
2 0.728906 0.719444 0.068750 0.109722
2 0.785937 0.655556 0.060156 0.116667
2 0.938281 0.530556 0.050781 0.112500
3 0.458594 0.872222 0.060937 0.119444
3 0.593750 0.797222 0.061719 0.084722
3 0.667969 0.788889 0.061719 0.119444
3 0.811719 0.779167 0.067969 0.100000