0 0.280859 0.640278 0.061719 0.113889
0 0.315625 0.493750 0.062500 0.109722
0 0.327344 0.651389 0.060937 0.113889
0 0.361719 0.518056 0.060937 0.108333
0 0.402734 0.301389 0.063281 0.119444
0 0.406250 0.543750 0.062500 0.109722
0 0.408203 0.713889 0.064844 0.119444
0 0.448828 0.318056 0.064844 0.119444
0 0.458203 0.729167 0.063281 0.116667
0 0.493750 0.336111 0.062500 0.119444
0 0.504297 0.500000 0.066406 0.119444
0 0.508984 0.744444 0.064844 0.119444
0 0.543359 0.345833 0.064844 0.122222
0 0.560547 0.505556 0.066406 0.119444
0 0.582422 0.656944 0.067969 0.119444
0 0.611328 0.525000 0.067969 0.119444
0 0.622266 0.309028 0.064844 0.120833
0 0.637109 0.670139 0.066406 0.120833
0 0.666406 0.541667 0.068750 0.119444
0 0.670312 0.387500 0.068750 0.119444
0 0.693359 0.680556 0.066406 0.122222
0 0.715625 0.418750 0.070312 0.120833
0 0.743750 0.706944 0.068750 0.122222
1 0.402734 0.301389 0.063281 0.119444
1 0.448828 0.318056 0.064844 0.119444
1 0.493750 0.336111 0.062500 0.119444
1 0.543359 0.345833 0.064844 0.122222
2 0.280859 0.640278 0.061719 0.113889
2 0.315625 0.493750 0.062500 0.109722
2 0.327344 0.651389 0.060937 0.113889
2 0.361719 0.518056 0.060937 0.108333
2 0.406250 0.543750 0.062500 0.109722
2 0.504297 0.500000 0.066406 0.119444
2 0.560547 0.505556 0.066406 0.119444
2 0.611328 0.525000 0.067969 0.119444
2 0.666406 0.541667 0.068750 0.119444
2 0.670312 0.387500 0.068750 0.119444
2 0.715625 0.418750 0.070312 0.120833
3 0.408203 0.713889 0.064844 0.119444
3 0.458203 0.729167 0.063281 0.116667
3 0.508984 0.744444 0.064844 0.119444
3 0.582422 0.656944 0.067969 0.119444
3 0.622266 0.309028 0.064844 0.120833
3 0.637109 0.670139 0.066406 0.120833
3 0.693359 0.680556 0.066406 0.122222
3 0.743750 0.706944 0.068750 0.122222
6 0.402734 0.301389 0.063281 0.119444
6 0.448828 0.318056 0.064844 0.119444
6 0.493750 0.336111 0.062500 0.119444
6 0.543359 0.345833 0.064844 0.122222
10 0.543359 0.345833 0.064844 0.122222
11 0.402734 0.301389 0.063281 0.119444
16 0.448828 0.318056 0.064844 0.119444
19 0.493750 0.336111 0.062500 0.119444