0 0.454688 0.420833 0.060937 0.116667
0 0.457031 0.247222 0.040625 0.100000
0 0.505859 0.555556 0.063281 0.111111
0 0.515234 0.299306 0.063281 0.098611
0 0.526953 0.171528 0.061719 0.087500
0 0.539453 0.416667 0.050781 0.111111
0 0.595703 0.515972 0.055469 0.118056
0 0.596484 0.311111 0.053906 0.119444
0 0.609375 0.154861 0.053125 0.118056
0 0.655859 0.440972 0.061719 0.109722
0 0.681250 0.265972 0.060937 0.120833
0 0.689844 0.115972 0.070312 0.126389
0 0.725000 0.404167 0.067187 0.119444
0 0.775391 0.193056 0.058594 0.125000
1 0.596484 0.311111 0.053906 0.119444
2 0.454688 0.420833 0.060937 0.116667
2 0.457031 0.247222 0.040625 0.100000
2 0.505859 0.555556 0.063281 0.111111
2 0.515234 0.299306 0.063281 0.098611
2 0.539453 0.416667 0.050781 0.111111
2 0.595703 0.515972 0.055469 0.118056
2 0.609375 0.154861 0.053125 0.118056
2 0.655859 0.440972 0.061719 0.109722
2 0.681250 0.265972 0.060937 0.120833
2 0.725000 0.404167 0.067187 0.119444
2 0.775391 0.193056 0.058594 0.125000
3 0.526953 0.171528 0.061719 0.087500
3 0.689844 0.115972 0.070312 0.126389
4 0.596484 0.311111 0.053906 0.119444
8 0.596484 0.311111 0.053906 0.119444