0 0.208203 0.667361 0.060156 0.118056
0 0.235937 0.840278 0.054688 0.116667
0 0.242969 0.361111 0.042188 0.102778
0 0.264844 0.654167 0.067187 0.119444
0 0.263672 0.515972 0.060156 0.118056
0 0.283984 0.772917 0.053906 0.112500
0 0.311719 0.877778 0.060937 0.122222
0 0.323437 0.473611 0.067187 0.119444
0 0.318359 0.612500 0.044531 0.105556
0 0.346484 0.318750 0.061719 0.120833
0 0.347266 0.747222 0.057031 0.119444
0 0.380078 0.626389 0.064844 0.097222
0 0.381250 0.518056 0.059375 0.119444
0 0.377734 0.906250 0.041406 0.101389
0 0.400000 0.394444 0.043750 0.105556
0 0.403516 0.738889 0.041406 0.100000
0 0.430859 0.884722 0.044531 0.105556
0 0.443359 0.527778 0.042969 0.105556
0 0.450000 0.665972 0.040625 0.098611
0 0.466016 0.776389 0.057031 0.075000
0 0.490234 0.875000 0.041406 0.102778
0 0.498047 0.535417 0.041406 0.101389
0 0.515234 0.688889 0.042969 0.102778
0 0.538672 0.800000 0.049219 0.111111
0 0.563281 0.307639 0.059375 0.118056
0 0.560156 0.600000 0.042188 0.102778
0 0.575391 0.498611 0.064844 0.105556
0 0.600000 0.783333 0.039062 0.100000
0 0.603125 0.636111 0.040625 0.097222
0 0.616016 0.351389 0.060156 0.119444
0 0.638281 0.464583 0.039062 0.098611
0 0.680078 0.625000 0.047656 0.111111
0 0.703125 0.493750 0.054688 0.115278
1 0.208203 0.667361 0.060156 0.118056
1 0.235937 0.840278 0.054688 0.116667
1 0.242969 0.361111 0.042188 0.102778
1 0.264844 0.654167 0.067187 0.119444
1 0.263672 0.515972 0.060156 0.118056
1 0.283984 0.772917 0.053906 0.112500
1 0.323437 0.473611 0.067187 0.119444
1 0.318359 0.612500 0.044531 0.105556
1 0.346484 0.318750 0.061719 0.120833
1 0.347266 0.747222 0.057031 0.119444
1 0.380078 0.626389 0.064844 0.097222
1 0.377734 0.906250 0.041406 0.101389
1 0.400000 0.394444 0.043750 0.105556
1 0.403516 0.738889 0.041406 0.100000
1 0.430859 0.884722 0.044531 0.105556
1 0.443359 0.527778 0.042969 0.105556
1 0.450000 0.665972 0.040625 0.098611
1 0.466016 0.776389 0.057031 0.075000
1 0.490234 0.875000 0.041406 0.102778
1 0.498047 0.535417 0.041406 0.101389
1 0.515234 0.688889 0.042969 0.102778
1 0.538672 0.800000 0.049219 0.111111
1 0.563281 0.307639 0.059375 0.118056
1 0.560156 0.600000 0.042188 0.102778
1 0.575391 0.498611 0.064844 0.105556
1 0.600000 0.783333 0.039062 0.100000
1 0.616016 0.351389 0.060156 0.119444
1 0.638281 0.464583 0.039062 0.098611
1 0.703125 0.493750 0.054688 0.115278
3 0.311719 0.877778 0.060937 0.122222
3 0.381250 0.518056 0.059375 0.119444
3 0.603125 0.636111 0.040625 0.097222
3 0.680078 0.625000 0.047656 0.111111
4 0.263672 0.515972 0.060156 0.118056
4 0.346484 0.318750 0.061719 0.120833
4 0.380078 0.626389 0.064844 0.097222
4 0.498047 0.535417 0.041406 0.101389
4 0.538672 0.800000 0.049219 0.111111
4 0.563281 0.307639 0.059375 0.118056
4 0.575391 0.498611 0.064844 0.105556
4 0.616016 0.351389 0.060156 0.119444
5 0.208203 0.667361 0.060156 0.118056
5 0.235937 0.840278 0.054688 0.116667
5 0.318359 0.612500 0.044531 0.105556
5 0.377734 0.906250 0.041406 0.101389
5 0.400000 0.394444 0.043750 0.105556
5 0.450000 0.665972 0.040625 0.098611
5 0.560156 0.600000 0.042188 0.102778
5 0.600000 0.783333 0.039062 0.100000
6 0.242969 0.361111 0.042188 0.102778
6 0.264844 0.654167 0.067187 0.119444
6 0.283984 0.772917 0.053906 0.112500
6 0.347266 0.747222 0.057031 0.119444
6 0.403516 0.738889 0.041406 0.100000
6 0.430859 0.884722 0.044531 0.105556
6 0.443359 0.527778 0.042969 0.105556
6 0.638281 0.464583 0.039062 0.098611
6 0.703125 0.493750 0.054688 0.115278
7 0.323437 0.473611 0.067187 0.119444
7 0.466016 0.776389 0.057031 0.075000
7 0.490234 0.875000 0.041406 0.102778
7 0.515234 0.688889 0.042969 0.102778
8 0.638281 0.464583 0.039062 0.098611
9 0.242969 0.361111 0.042188 0.102778
9 0.318359 0.612500 0.044531 0.105556
9 0.346484 0.318750 0.061719 0.120833
10 0.263672 0.515972 0.060156 0.118056
10 0.377734 0.906250 0.041406 0.101389
11 0.283984 0.772917 0.053906 0.112500
11 0.466016 0.776389 0.057031 0.075000
11 0.575391 0.498611 0.064844 0.105556
11 0.600000 0.783333 0.039062 0.100000
12 0.235937 0.840278 0.054688 0.116667
12 0.430859 0.884722 0.044531 0.105556
12 0.563281 0.307639 0.059375 0.118056
13 0.323437 0.473611 0.067187 0.119444
13 0.450000 0.665972 0.040625 0.098611
14 0.490234 0.875000 0.041406 0.102778
14 0.560156 0.600000 0.042188 0.102778
14 0.616016 0.351389 0.060156 0.119444
15 0.515234 0.688889 0.042969 0.102778
16 0.264844 0.654167 0.067187 0.119444
16 0.538672 0.800000 0.049219 0.111111
17 0.208203 0.667361 0.060156 0.118056
17 0.347266 0.747222 0.057031 0.119444
17 0.498047 0.535417 0.041406 0.101389
18 0.703125 0.493750 0.054688 0.115278
19 0.403516 0.738889 0.041406 0.100000
20 0.380078 0.626389 0.064844 0.097222
20 0.400000 0.394444 0.043750 0.105556
20 0.443359 0.527778 0.042969 0.105556