0 0.185938 0.525000 0.061719 0.118056
0 0.189844 0.706944 0.065625 0.091667
0 0.190625 0.706944 0.064844 0.090278
0 0.240625 0.623611 0.050781 0.113889
0 0.246094 0.365278 0.057813 0.116667
0 0.291406 0.511111 0.051562 0.106944
0 0.323437 0.763889 0.065625 0.097222
0 0.371875 0.877778 0.065625 0.111111
0 0.375000 0.618056 0.061719 0.120833
0 0.436719 0.766667 0.064062 0.095833
0 0.508594 0.795833 0.067187 0.105556
0 0.525000 0.238889 0.062500 0.106944
0 0.531250 0.644444 0.066406 0.111111
0 0.544531 0.433333 0.064062 0.118056
0 0.585156 0.356944 0.064062 0.112500
0 0.585938 0.593056 0.062500 0.097222
0 0.588281 0.722222 0.058594 0.091667
0 0.621875 0.266667 0.046875 0.106944
0 0.657031 0.366667 0.055469 0.088889
0 0.667188 0.576389 0.046875 0.106944
2 0.185938 0.525000 0.061719 0.118056
2 0.189844 0.706944 0.065625 0.091667
2 0.190625 0.706944 0.064844 0.090278
2 0.240625 0.623611 0.050781 0.113889
2 0.246094 0.365278 0.057813 0.116667
2 0.291406 0.511111 0.051562 0.106944
2 0.323437 0.763889 0.065625 0.097222
2 0.375000 0.618056 0.061719 0.120833
2 0.525000 0.238889 0.062500 0.106944
2 0.544531 0.433333 0.064062 0.118056
2 0.621875 0.266667 0.046875 0.106944
2 0.657031 0.366667 0.055469 0.088889
3 0.371875 0.877778 0.065625 0.111111
3 0.436719 0.766667 0.064062 0.095833
3 0.508594 0.795833 0.067187 0.105556
3 0.531250 0.644444 0.066406 0.111111
3 0.585156 0.356944 0.064062 0.112500
3 0.585938 0.593056 0.062500 0.097222
3 0.588281 0.722222 0.058594 0.091667
3 0.667188 0.576389 0.046875 0.106944