0 0.220312 0.512500 0.053125 0.111111
0 0.228125 0.286111 0.065625 0.094444
0 0.230859 0.762500 0.044531 0.102778
0 0.271875 0.592361 0.043750 0.106944
0 0.288672 0.906250 0.066406 0.101389
0 0.337500 0.147222 0.059375 0.119444
0 0.337500 0.634722 0.059375 0.119444
0 0.343750 0.793750 0.043750 0.104167
0 0.369922 0.518750 0.061719 0.118056
0 0.395703 0.671528 0.064844 0.118056
0 0.412500 0.852083 0.064062 0.101389
0 0.434375 0.508333 0.059375 0.083333
0 0.436719 0.738889 0.064062 0.108333
0 0.467187 0.222222 0.059375 0.083333
0 0.470313 0.604167 0.057813 0.116667
0 0.478125 0.082639 0.062500 0.093056
0 0.500781 0.867361 0.065625 0.115278
0 0.506250 0.717361 0.064062 0.115278
0 0.547656 0.604167 0.045312 0.105556
0 0.609375 0.629167 0.064062 0.102778
0 0.665625 0.666667 0.064062 0.116667
0 0.686328 0.254861 0.066406 0.106944
0 0.705859 0.846528 0.058594 0.115278
0 0.712891 0.318750 0.064844 0.101389
0 0.719531 0.481944 0.045312 0.105556
0 0.761328 0.568750 0.063281 0.101389
0 0.763672 0.768750 0.063281 0.109722
0 0.859375 0.506250 0.045312 0.104167
0 0.950000 0.530556 0.039062 0.097222
0 0.959375 0.831250 0.056250 0.112500
1 0.271875 0.592361 0.043750 0.106944
1 0.288672 0.906250 0.066406 0.101389
1 0.337500 0.147222 0.059375 0.119444
1 0.337500 0.634722 0.059375 0.119444
1 0.343750 0.793750 0.043750 0.104167
1 0.369922 0.518750 0.061719 0.118056
1 0.395703 0.671528 0.064844 0.118056
1 0.412500 0.852083 0.064062 0.101389
1 0.434375 0.508333 0.059375 0.083333
1 0.436719 0.738889 0.064062 0.108333
1 0.478125 0.082639 0.062500 0.093056
1 0.609375 0.629167 0.064062 0.102778
1 0.665625 0.666667 0.064062 0.116667
1 0.686328 0.254861 0.066406 0.106944
1 0.705859 0.846528 0.058594 0.115278
1 0.859375 0.506250 0.045312 0.104167
1 0.950000 0.530556 0.039062 0.097222
2 0.761328 0.568750 0.063281 0.101389
3 0.220312 0.512500 0.053125 0.111111
3 0.228125 0.286111 0.065625 0.094444
3 0.230859 0.762500 0.044531 0.102778
3 0.467187 0.222222 0.059375 0.083333
3 0.470313 0.604167 0.057813 0.116667
3 0.500781 0.867361 0.065625 0.115278
3 0.506250 0.717361 0.064062 0.115278
3 0.547656 0.604167 0.045312 0.105556
3 0.712891 0.318750 0.064844 0.101389
3 0.719531 0.481944 0.045312 0.105556
3 0.763672 0.768750 0.063281 0.109722
3 0.959375 0.831250 0.056250 0.112500
4 0.436719 0.738889 0.064062 0.108333
4 0.705859 0.846528 0.058594 0.115278
4 0.859375 0.506250 0.045312 0.104167
5 0.337500 0.147222 0.059375 0.119444
5 0.478125 0.082639 0.062500 0.093056
5 0.609375 0.629167 0.064062 0.102778
5 0.665625 0.666667 0.064062 0.116667
5 0.950000 0.530556 0.039062 0.097222
6 0.271875 0.592361 0.043750 0.106944
6 0.288672 0.906250 0.066406 0.101389
6 0.337500 0.634722 0.059375 0.119444
6 0.343750 0.793750 0.043750 0.104167
6 0.395703 0.671528 0.064844 0.118056
6 0.412500 0.852083 0.064062 0.101389
7 0.369922 0.518750 0.061719 0.118056
7 0.434375 0.508333 0.059375 0.083333
7 0.686328 0.254861 0.066406 0.106944
8 0.271875 0.592361 0.043750 0.106944
8 0.665625 0.666667 0.064062 0.116667
9 0.288672 0.906250 0.066406 0.101389
9 0.478125 0.082639 0.062500 0.093056
10 0.343750 0.793750 0.043750 0.104167
11 0.412500 0.852083 0.064062 0.101389
12 0.950000 0.530556 0.039062 0.097222
13 0.337500 0.147222 0.059375 0.119444
15 0.395703 0.671528 0.064844 0.118056
15 0.434375 0.508333 0.059375 0.083333
15 0.609375 0.629167 0.064062 0.102778
16 0.369922 0.518750 0.061719 0.118056
18 0.337500 0.634722 0.059375 0.119444
18 0.686328 0.254861 0.066406 0.106944
18 0.705859 0.846528 0.058594 0.115278
19 0.859375 0.506250 0.045312 0.104167
20 0.436719 0.738889 0.064062 0.108333