0 0.074219 0.568750 0.050000 0.109722
0 0.117969 0.422917 0.068750 0.101389
0 0.138281 0.743750 0.062500 0.084722
0 0.140234 0.598611 0.063281 0.086111
0 0.182812 0.432639 0.054688 0.118056
0 0.207031 0.756944 0.053125 0.113889
0 0.211719 0.581250 0.054688 0.115278
0 0.236719 0.473611 0.065625 0.094444
0 0.263672 0.646528 0.063281 0.087500
0 0.267578 0.784722 0.064844 0.091667
0 0.306641 0.502778 0.057031 0.119444
0 0.325000 0.626389 0.059375 0.119444
0 0.343750 0.745833 0.059375 0.122222
0 0.356250 0.277778 0.059375 0.080556
0 0.366406 0.493750 0.054688 0.118056
0 0.372656 0.856250 0.059375 0.081944
0 0.387891 0.609028 0.057031 0.118056
0 0.398828 0.737500 0.058594 0.119444
0 0.420312 0.475000 0.056250 0.119444
0 0.434375 0.862500 0.051562 0.113889
0 0.444141 0.600000 0.060156 0.119444
0 0.446094 0.736111 0.059375 0.119444
0 0.478125 0.465278 0.057813 0.116667
0 0.495312 0.728472 0.059375 0.120833
0 0.494922 0.588889 0.057031 0.119444
0 0.515234 0.845139 0.047656 0.109722
0 0.558203 0.631250 0.064844 0.101389
0 0.573438 0.836111 0.059375 0.080556
0 0.580469 0.481250 0.062500 0.095833
0 0.589063 0.734028 0.060937 0.090278
0 0.619141 0.582639 0.063281 0.098611
0 0.639062 0.431250 0.059375 0.087500
1 0.306641 0.502778 0.057031 0.119444
1 0.325000 0.626389 0.059375 0.119444
1 0.343750 0.745833 0.059375 0.122222
1 0.356250 0.277778 0.059375 0.080556
1 0.366406 0.493750 0.054688 0.118056
1 0.387891 0.609028 0.057031 0.118056
1 0.398828 0.737500 0.058594 0.119444
1 0.420312 0.475000 0.056250 0.119444
1 0.444141 0.600000 0.060156 0.119444
1 0.446094 0.736111 0.059375 0.119444
1 0.478125 0.465278 0.057813 0.116667
1 0.495312 0.728472 0.059375 0.120833
1 0.494922 0.588889 0.057031 0.119444
2 0.117969 0.422917 0.068750 0.101389
2 0.138281 0.743750 0.062500 0.084722
2 0.182812 0.432639 0.054688 0.118056
2 0.207031 0.756944 0.053125 0.113889
2 0.236719 0.473611 0.065625 0.094444
2 0.267578 0.784722 0.064844 0.091667
2 0.558203 0.631250 0.064844 0.101389
2 0.580469 0.481250 0.062500 0.095833
2 0.589063 0.734028 0.060937 0.090278
2 0.619141 0.582639 0.063281 0.098611
2 0.639062 0.431250 0.059375 0.087500
3 0.074219 0.568750 0.050000 0.109722
3 0.140234 0.598611 0.063281 0.086111
3 0.211719 0.581250 0.054688 0.115278
3 0.263672 0.646528 0.063281 0.087500
3 0.372656 0.856250 0.059375 0.081944
3 0.434375 0.862500 0.051562 0.113889
3 0.515234 0.845139 0.047656 0.109722
3 0.573438 0.836111 0.059375 0.080556
6 0.306641 0.502778 0.057031 0.119444
6 0.325000 0.626389 0.059375 0.119444
6 0.343750 0.745833 0.059375 0.122222
6 0.356250 0.277778 0.059375 0.080556
6 0.366406 0.493750 0.054688 0.118056
6 0.387891 0.609028 0.057031 0.118056
6 0.398828 0.737500 0.058594 0.119444
6 0.420312 0.475000 0.056250 0.119444
6 0.444141 0.600000 0.060156 0.119444
6 0.446094 0.736111 0.059375 0.119444
6 0.478125 0.465278 0.057813 0.116667
6 0.495312 0.728472 0.059375 0.120833
6 0.494922 0.588889 0.057031 0.119444
8 0.495312 0.728472 0.059375 0.120833
9 0.446094 0.736111 0.059375 0.119444
10 0.398828 0.737500 0.058594 0.119444
11 0.343750 0.745833 0.059375 0.122222
12 0.494922 0.588889 0.057031 0.119444
13 0.444141 0.600000 0.060156 0.119444
14 0.387891 0.609028 0.057031 0.118056
15 0.325000 0.626389 0.059375 0.119444
16 0.478125 0.465278 0.057813 0.116667
17 0.420312 0.475000 0.056250 0.119444
18 0.366406 0.493750 0.054688 0.118056
19 0.306641 0.502778 0.057031 0.119444
20 0.356250 0.277778 0.059375 0.080556