0 0.280859 0.411111 0.063281 0.105556
0 0.340234 0.237500 0.060156 0.116667
0 0.346484 0.381944 0.063281 0.105556
0 0.360938 0.520833 0.064062 0.119444
0 0.412109 0.233333 0.063281 0.102778
0 0.410938 0.404167 0.051562 0.111111
0 0.517969 0.247222 0.062500 0.094444
0 0.533984 0.718750 0.064844 0.120833
0 0.549609 0.843056 0.066406 0.105556
0 0.604688 0.647222 0.067187 0.102778
0 0.614844 0.338889 0.067187 0.119444
0 0.636719 0.802778 0.056250 0.119444
0 0.639844 0.490972 0.050000 0.112500
0 0.695312 0.702778 0.051562 0.111111
0 0.710938 0.836111 0.067187 0.116667
0 0.719531 0.391667 0.059375 0.077778
0 0.746484 0.605556 0.066406 0.097222
0 0.783203 0.487500 0.060156 0.077778
0 0.803906 0.725000 0.067187 0.100000
2 0.412109 0.233333 0.063281 0.102778
2 0.410938 0.404167 0.051562 0.111111
2 0.517969 0.247222 0.062500 0.094444
2 0.614844 0.338889 0.067187 0.119444
2 0.639844 0.490972 0.050000 0.112500
2 0.695312 0.702778 0.051562 0.111111
2 0.710938 0.836111 0.067187 0.116667
2 0.719531 0.391667 0.059375 0.077778
2 0.746484 0.605556 0.066406 0.097222
2 0.783203 0.487500 0.060156 0.077778
2 0.803906 0.725000 0.067187 0.100000
3 0.280859 0.411111 0.063281 0.105556
3 0.340234 0.237500 0.060156 0.116667
3 0.346484 0.381944 0.063281 0.105556
3 0.360938 0.520833 0.064062 0.119444
3 0.533984 0.718750 0.064844 0.120833
3 0.549609 0.843056 0.066406 0.105556
3 0.604688 0.647222 0.067187 0.102778
3 0.636719 0.802778 0.056250 0.119444