0 0.182031 0.159028 0.045312 0.101389
0 0.235156 0.165278 0.043750 0.100000
0 0.247266 0.529861 0.060156 0.079167
0 0.248438 0.663889 0.062500 0.083333
0 0.288281 0.170833 0.045312 0.100000
0 0.294922 0.752778 0.058594 0.077778
0 0.310156 0.418750 0.060937 0.081944
0 0.328125 0.542361 0.059375 0.081944
0 0.327734 0.651389 0.058594 0.077778
0 0.336719 0.173611 0.043750 0.105556
0 0.365625 0.756250 0.059375 0.079167
0 0.387500 0.184722 0.045312 0.105556
0 0.395703 0.377778 0.050781 0.113889
0 0.401172 0.655556 0.058594 0.077778
0 0.403906 0.540972 0.057813 0.079167
0 0.482031 0.475000 0.048438 0.108333
0 0.570312 0.844444 0.068750 0.122222
0 0.604297 0.456944 0.052344 0.113889
0 0.671094 0.495139 0.051562 0.115278
2 0.182031 0.159028 0.045312 0.101389
2 0.235156 0.165278 0.043750 0.100000
2 0.288281 0.170833 0.045312 0.100000
2 0.336719 0.173611 0.043750 0.105556
2 0.387500 0.184722 0.045312 0.105556
2 0.395703 0.377778 0.050781 0.113889
2 0.403906 0.540972 0.057813 0.079167
2 0.482031 0.475000 0.048438 0.108333
2 0.570312 0.844444 0.068750 0.122222
2 0.604297 0.456944 0.052344 0.113889
2 0.671094 0.495139 0.051562 0.115278
3 0.247266 0.529861 0.060156 0.079167
3 0.248438 0.663889 0.062500 0.083333
3 0.294922 0.752778 0.058594 0.077778
3 0.310156 0.418750 0.060937 0.081944
3 0.328125 0.542361 0.059375 0.081944
3 0.327734 0.651389 0.058594 0.077778
3 0.365625 0.756250 0.059375 0.079167
3 0.401172 0.655556 0.058594 0.077778