0 0.163281 0.420833 0.046875 0.105556
0 0.200391 0.279861 0.066406 0.101389
0 0.225000 0.447917 0.059375 0.084722
0 0.225781 0.588889 0.057813 0.080556
0 0.263281 0.288889 0.053125 0.116667
0 0.289844 0.603472 0.048438 0.109722
0 0.292187 0.434028 0.051562 0.112500
0 0.315625 0.329861 0.065625 0.095833
0 0.343359 0.500000 0.060156 0.083333
0 0.347266 0.631944 0.061719 0.088889
0 0.439063 0.490278 0.062500 0.108333
0 0.447266 0.703472 0.057031 0.079167
0 0.496875 0.238889 0.065625 0.116667
0 0.508594 0.712500 0.050000 0.111111
0 0.523828 0.484028 0.064844 0.109722
0 0.573828 0.255556 0.067969 0.119444
0 0.587500 0.700000 0.046875 0.105556
0 0.608594 0.511111 0.065625 0.105556
0 0.646094 0.693056 0.059375 0.080556
2 0.200391 0.279861 0.066406 0.101389
2 0.225781 0.588889 0.057813 0.080556
2 0.263281 0.288889 0.053125 0.116667
2 0.289844 0.603472 0.048438 0.109722
2 0.315625 0.329861 0.065625 0.095833
2 0.347266 0.631944 0.061719 0.088889
2 0.439063 0.490278 0.062500 0.108333
2 0.496875 0.238889 0.065625 0.116667
2 0.523828 0.484028 0.064844 0.109722
2 0.573828 0.255556 0.067969 0.119444
2 0.608594 0.511111 0.065625 0.105556
3 0.163281 0.420833 0.046875 0.105556
3 0.225000 0.447917 0.059375 0.084722
3 0.292187 0.434028 0.051562 0.112500
3 0.343359 0.500000 0.060156 0.083333
3 0.447266 0.703472 0.057031 0.079167
3 0.508594 0.712500 0.050000 0.111111
3 0.587500 0.700000 0.046875 0.105556
3 0.646094 0.693056 0.059375 0.080556