0 0.341406 0.332639 0.067187 0.112500
0 0.388281 0.445833 0.060937 0.083333
0 0.403125 0.159028 0.059375 0.095833
0 0.430078 0.281250 0.063281 0.098611
0 0.453906 0.525000 0.054688 0.116667
0 0.485156 0.414583 0.067187 0.120833
0 0.523828 0.507639 0.064844 0.098611
0 0.520312 0.333333 0.054688 0.113889
0 0.540625 0.207639 0.062500 0.095833
0 0.570703 0.582639 0.066406 0.104167
0 0.581641 0.435417 0.041406 0.101389
0 0.604297 0.324306 0.063281 0.093056
0 0.611719 0.713889 0.064062 0.122222
0 0.647266 0.479861 0.060156 0.079167
0 0.668359 0.373611 0.061719 0.119444
0 0.707031 0.218056 0.056250 0.080556
1 0.453906 0.525000 0.054688 0.116667
1 0.520312 0.333333 0.054688 0.113889
2 0.341406 0.332639 0.067187 0.112500
2 0.403125 0.159028 0.059375 0.095833
2 0.430078 0.281250 0.063281 0.098611
2 0.485156 0.414583 0.067187 0.120833
2 0.523828 0.507639 0.064844 0.098611
2 0.540625 0.207639 0.062500 0.095833
2 0.581641 0.435417 0.041406 0.101389
2 0.604297 0.324306 0.063281 0.093056
2 0.611719 0.713889 0.064062 0.122222
2 0.707031 0.218056 0.056250 0.080556
3 0.388281 0.445833 0.060937 0.083333
3 0.570703 0.582639 0.066406 0.104167
3 0.647266 0.479861 0.060156 0.079167
3 0.668359 0.373611 0.061719 0.119444
6 0.453906 0.525000 0.054688 0.116667
6 0.520312 0.333333 0.054688 0.113889
11 0.453906 0.525000 0.054688 0.116667
13 0.520312 0.333333 0.054688 0.113889