0 0.165234 0.534722 0.058594 0.116667
0 0.164844 0.829861 0.054688 0.115278
0 0.175391 0.413194 0.069531 0.112500
0 0.187500 0.681250 0.056250 0.118056
0 0.234766 0.793750 0.046094 0.106944
0 0.243750 0.599306 0.051562 0.112500
0 0.264062 0.308333 0.059375 0.077778
0 0.267188 0.465278 0.054688 0.116667
0 0.312500 0.587500 0.065625 0.097222
0 0.335938 0.794444 0.064062 0.100000
0 0.336328 0.442361 0.061719 0.120833
0 0.359766 0.296528 0.058594 0.079167
0 0.392188 0.585417 0.046875 0.109722
0 0.408984 0.440972 0.053906 0.115278
0 0.418750 0.776389 0.056250 0.119444
0 0.424219 0.250000 0.053125 0.113889
0 0.444531 0.613889 0.046875 0.105556
0 0.465625 0.340278 0.065625 0.119444
0 0.483594 0.525000 0.050000 0.108333
0 0.496875 0.852778 0.065625 0.113889
0 0.495312 0.687500 0.056250 0.116667
0 0.528906 0.401389 0.062500 0.119444
0 0.546875 0.556944 0.057813 0.116667
0 0.558203 0.709028 0.055469 0.112500
0 0.596484 0.573611 0.057031 0.116667
0 0.616016 0.423611 0.049219 0.108333
0 0.624609 0.827778 0.064844 0.105556
0 0.650781 0.647222 0.048438 0.108333
1 0.165234 0.534722 0.058594 0.116667
1 0.164844 0.829861 0.054688 0.115278
1 0.175391 0.413194 0.069531 0.112500
1 0.187500 0.681250 0.056250 0.118056
1 0.243750 0.599306 0.051562 0.112500
1 0.264062 0.308333 0.059375 0.077778
1 0.267188 0.465278 0.054688 0.116667
1 0.312500 0.587500 0.065625 0.097222
1 0.335938 0.794444 0.064062 0.100000
1 0.336328 0.442361 0.061719 0.120833
1 0.359766 0.296528 0.058594 0.079167
1 0.392188 0.585417 0.046875 0.109722
1 0.408984 0.440972 0.053906 0.115278
1 0.424219 0.250000 0.053125 0.113889
1 0.465625 0.340278 0.065625 0.119444
1 0.496875 0.852778 0.065625 0.113889
1 0.495312 0.687500 0.056250 0.116667
1 0.528906 0.401389 0.062500 0.119444
1 0.546875 0.556944 0.057813 0.116667
1 0.616016 0.423611 0.049219 0.108333
1 0.624609 0.827778 0.064844 0.105556
1 0.650781 0.647222 0.048438 0.108333
2 0.418750 0.776389 0.056250 0.119444
3 0.234766 0.793750 0.046094 0.106944
3 0.444531 0.613889 0.046875 0.105556
3 0.483594 0.525000 0.050000 0.108333
3 0.558203 0.709028 0.055469 0.112500
3 0.596484 0.573611 0.057031 0.116667
4 0.165234 0.534722 0.058594 0.116667
4 0.335938 0.794444 0.064062 0.100000
4 0.392188 0.585417 0.046875 0.109722
4 0.465625 0.340278 0.065625 0.119444
5 0.187500 0.681250 0.056250 0.118056
5 0.243750 0.599306 0.051562 0.112500
5 0.312500 0.587500 0.065625 0.097222
5 0.495312 0.687500 0.056250 0.116667
5 0.528906 0.401389 0.062500 0.119444
5 0.546875 0.556944 0.057813 0.116667
5 0.616016 0.423611 0.049219 0.108333
5 0.624609 0.827778 0.064844 0.105556
6 0.264062 0.308333 0.059375 0.077778
6 0.336328 0.442361 0.061719 0.120833
6 0.359766 0.296528 0.058594 0.079167
6 0.408984 0.440972 0.053906 0.115278
7 0.164844 0.829861 0.054688 0.115278
7 0.175391 0.413194 0.069531 0.112500
7 0.267188 0.465278 0.054688 0.116667
7 0.424219 0.250000 0.053125 0.113889
7 0.496875 0.852778 0.065625 0.113889
7 0.650781 0.647222 0.048438 0.108333
8 0.392188 0.585417 0.046875 0.109722
9 0.424219 0.250000 0.053125 0.113889
9 0.616016 0.423611 0.049219 0.108333
10 0.165234 0.534722 0.058594 0.116667
10 0.175391 0.413194 0.069531 0.112500
10 0.495312 0.687500 0.056250 0.116667
11 0.528906 0.401389 0.062500 0.119444
11 0.650781 0.647222 0.048438 0.108333
12 0.336328 0.442361 0.061719 0.120833
13 0.243750 0.599306 0.051562 0.112500
13 0.496875 0.852778 0.065625 0.113889
15 0.267188 0.465278 0.054688 0.116667
15 0.312500 0.587500 0.065625 0.097222
16 0.264062 0.308333 0.059375 0.077778
17 0.335938 0.794444 0.064062 0.100000
17 0.408984 0.440972 0.053906 0.115278
17 0.624609 0.827778 0.064844 0.105556
18 0.164844 0.829861 0.054688 0.115278
18 0.187500 0.681250 0.056250 0.118056
19 0.359766 0.296528 0.058594 0.079167
20 0.465625 0.340278 0.065625 0.119444
20 0.546875 0.556944 0.057813 0.116667