0 0.208594 0.668056 0.060937 0.119444
0 0.242969 0.361111 0.042188 0.102778
0 0.263672 0.515972 0.060156 0.118056
0 0.268359 0.639583 0.067969 0.109722
0 0.324219 0.473611 0.067187 0.119444
0 0.347656 0.318750 0.062500 0.120833
0 0.355859 0.766667 0.057031 0.116667
0 0.379297 0.627778 0.064844 0.100000
0 0.388672 0.522222 0.063281 0.119444
0 0.400000 0.393750 0.042188 0.104167
0 0.443750 0.527778 0.043750 0.105556
0 0.469531 0.379167 0.045312 0.105556
0 0.505859 0.689583 0.052344 0.115278
0 0.525391 0.409722 0.058594 0.119444
0 0.549609 0.829861 0.042969 0.101389
0 0.563281 0.309722 0.059375 0.119444
0 0.559766 0.600000 0.042969 0.102778
0 0.575391 0.498611 0.064844 0.105556
0 0.586719 0.725000 0.039062 0.097222
0 0.616016 0.352778 0.060156 0.119444
0 0.632812 0.608333 0.039062 0.100000
0 0.637500 0.464583 0.040625 0.098611
0 0.662109 0.791667 0.049219 0.111111
0 0.702734 0.493750 0.053906 0.115278
0 0.713281 0.627778 0.048438 0.108333
1 0.208594 0.668056 0.060937 0.119444
1 0.242969 0.361111 0.042188 0.102778
1 0.263672 0.515972 0.060156 0.118056
1 0.268359 0.639583 0.067969 0.109722
1 0.324219 0.473611 0.067187 0.119444
1 0.347656 0.318750 0.062500 0.120833
1 0.355859 0.766667 0.057031 0.116667
1 0.379297 0.627778 0.064844 0.100000
1 0.388672 0.522222 0.063281 0.119444
1 0.400000 0.393750 0.042188 0.104167
1 0.443750 0.527778 0.043750 0.105556
1 0.469531 0.379167 0.045312 0.105556
1 0.505859 0.689583 0.052344 0.115278
1 0.525391 0.409722 0.058594 0.119444
1 0.549609 0.829861 0.042969 0.101389
1 0.563281 0.309722 0.059375 0.119444
1 0.559766 0.600000 0.042969 0.102778
1 0.575391 0.498611 0.064844 0.105556
1 0.586719 0.725000 0.039062 0.097222
1 0.616016 0.352778 0.060156 0.119444
1 0.632812 0.608333 0.039062 0.100000
1 0.637500 0.464583 0.040625 0.098611
1 0.662109 0.791667 0.049219 0.111111
1 0.702734 0.493750 0.053906 0.115278
1 0.713281 0.627778 0.048438 0.108333
4 0.263672 0.515972 0.060156 0.118056
4 0.347656 0.318750 0.062500 0.120833
4 0.379297 0.627778 0.064844 0.100000
4 0.563281 0.309722 0.059375 0.119444
4 0.575391 0.498611 0.064844 0.105556
4 0.616016 0.352778 0.060156 0.119444
5 0.208594 0.668056 0.060937 0.119444
5 0.388672 0.522222 0.063281 0.119444
5 0.400000 0.393750 0.042188 0.104167
5 0.505859 0.689583 0.052344 0.115278
5 0.525391 0.409722 0.058594 0.119444
5 0.559766 0.600000 0.042969 0.102778
5 0.662109 0.791667 0.049219 0.111111
5 0.713281 0.627778 0.048438 0.108333
6 0.242969 0.361111 0.042188 0.102778
6 0.268359 0.639583 0.067969 0.109722
6 0.355859 0.766667 0.057031 0.116667
6 0.443750 0.527778 0.043750 0.105556
6 0.469531 0.379167 0.045312 0.105556
6 0.586719 0.725000 0.039062 0.097222
6 0.637500 0.464583 0.040625 0.098611
6 0.702734 0.493750 0.053906 0.115278
7 0.324219 0.473611 0.067187 0.119444
7 0.549609 0.829861 0.042969 0.101389
7 0.632812 0.608333 0.039062 0.100000
8 0.637500 0.464583 0.040625 0.098611
9 0.242969 0.361111 0.042188 0.102778
9 0.347656 0.318750 0.062500 0.120833
9 0.662109 0.791667 0.049219 0.111111
10 0.263672 0.515972 0.060156 0.118056
10 0.505859 0.689583 0.052344 0.115278
11 0.469531 0.379167 0.045312 0.105556
11 0.575391 0.498611 0.064844 0.105556
12 0.525391 0.409722 0.058594 0.119444
12 0.563281 0.309722 0.059375 0.119444
13 0.324219 0.473611 0.067187 0.119444
14 0.559766 0.600000 0.042969 0.102778
14 0.616016 0.352778 0.060156 0.119444
15 0.388672 0.522222 0.063281 0.119444
15 0.549609 0.829861 0.042969 0.101389
15 0.586719 0.725000 0.039062 0.097222
16 0.268359 0.639583 0.067969 0.109722
17 0.208594 0.668056 0.060937 0.119444
17 0.355859 0.766667 0.057031 0.116667
18 0.702734 0.493750 0.053906 0.115278
19 0.632812 0.608333 0.039062 0.100000
19 0.713281 0.627778 0.048438 0.108333
20 0.379297 0.627778 0.064844 0.100000
20 0.400000 0.393750 0.042188 0.104167
20 0.443750 0.527778 0.043750 0.105556