0 0.293750 0.414583 0.046875 0.101389
0 0.331641 0.561111 0.060156 0.100000
0 0.338281 0.763889 0.060937 0.094444
0 0.424609 0.309028 0.055469 0.073611
0 0.437500 0.443750 0.056250 0.073611
0 0.439063 0.515972 0.056250 0.073611
0 0.481250 0.306944 0.056250 0.072222
0 0.483594 0.744444 0.054688 0.116667
0 0.493359 0.435417 0.057031 0.076389
0 0.494922 0.511111 0.057031 0.075000
0 0.523828 0.719444 0.057031 0.122222
0 0.537109 0.304167 0.055469 0.075000
0 0.561719 0.688889 0.054688 0.111111
0 0.577734 0.534722 0.061719 0.086111
0 0.646094 0.568056 0.065625 0.097222
0 0.643750 0.429167 0.059375 0.116667
0 0.703516 0.483333 0.063281 0.122222
0 0.718750 0.806944 0.062500 0.086111
0 0.722656 0.729861 0.060937 0.081944
0 0.725391 0.650000 0.060156 0.080556
0 0.775391 0.413889 0.071094 0.116667
0 0.784766 0.737500 0.063281 0.086111
0 0.796875 0.616667 0.046875 0.102778
1 0.437500 0.443750 0.056250 0.073611
1 0.439063 0.515972 0.056250 0.073611
1 0.493359 0.435417 0.057031 0.076389
1 0.494922 0.511111 0.057031 0.075000
2 0.293750 0.414583 0.046875 0.101389
2 0.331641 0.561111 0.060156 0.100000
2 0.424609 0.309028 0.055469 0.073611
2 0.481250 0.306944 0.056250 0.072222
2 0.483594 0.744444 0.054688 0.116667
2 0.523828 0.719444 0.057031 0.122222
2 0.537109 0.304167 0.055469 0.075000
2 0.561719 0.688889 0.054688 0.111111
2 0.643750 0.429167 0.059375 0.116667
2 0.775391 0.413889 0.071094 0.116667
2 0.796875 0.616667 0.046875 0.102778
3 0.338281 0.763889 0.060937 0.094444
3 0.577734 0.534722 0.061719 0.086111
3 0.646094 0.568056 0.065625 0.097222
3 0.703516 0.483333 0.063281 0.122222
3 0.718750 0.806944 0.062500 0.086111
3 0.722656 0.729861 0.060937 0.081944
3 0.725391 0.650000 0.060156 0.080556
3 0.784766 0.737500 0.063281 0.086111
4 0.437500 0.443750 0.056250 0.073611
4 0.439063 0.515972 0.056250 0.073611
4 0.493359 0.435417 0.057031 0.076389
4 0.494922 0.511111 0.057031 0.075000
10 0.494922 0.511111 0.057031 0.075000
12 0.439063 0.515972 0.056250 0.073611
13 0.437500 0.443750 0.056250 0.073611
20 0.493359 0.435417 0.057031 0.076389