0 0.241406 0.638889 0.060937 0.080556
0 0.253125 0.477778 0.062500 0.122222
0 0.278125 0.737500 0.068750 0.105556
0 0.319141 0.404861 0.063281 0.112500
0 0.322266 0.563889 0.061719 0.091667
0 0.365625 0.664583 0.067187 0.101389
0 0.368750 0.268750 0.065625 0.098611
0 0.393750 0.393056 0.059375 0.113889
0 0.403125 0.518750 0.065625 0.104167
0 0.436328 0.713889 0.061719 0.086111
0 0.471094 0.347917 0.057813 0.115278
0 0.481250 0.620139 0.065625 0.109722
0 0.491016 0.498611 0.058594 0.083333
0 0.531641 0.311111 0.066406 0.119444
0 0.535156 0.732639 0.060937 0.098611
0 0.563281 0.455556 0.064062 0.094444
0 0.569922 0.595139 0.057031 0.076389
0 0.613281 0.371528 0.059375 0.118056
0 0.631641 0.515972 0.049219 0.109722
1 0.278125 0.737500 0.068750 0.105556
1 0.368750 0.268750 0.065625 0.098611
1 0.613281 0.371528 0.059375 0.118056
1 0.631641 0.515972 0.049219 0.109722
2 0.253125 0.477778 0.062500 0.122222
2 0.319141 0.404861 0.063281 0.112500
2 0.322266 0.563889 0.061719 0.091667
2 0.365625 0.664583 0.067187 0.101389
2 0.393750 0.393056 0.059375 0.113889
2 0.403125 0.518750 0.065625 0.104167
2 0.471094 0.347917 0.057813 0.115278
2 0.481250 0.620139 0.065625 0.109722
2 0.491016 0.498611 0.058594 0.083333
2 0.531641 0.311111 0.066406 0.119444
2 0.535156 0.732639 0.060937 0.098611
3 0.241406 0.638889 0.060937 0.080556
3 0.436328 0.713889 0.061719 0.086111
3 0.563281 0.455556 0.064062 0.094444
3 0.569922 0.595139 0.057031 0.076389
4 0.613281 0.371528 0.059375 0.118056
5 0.278125 0.737500 0.068750 0.105556
6 0.368750 0.268750 0.065625 0.098611
6 0.631641 0.515972 0.049219 0.109722
13 0.368750 0.268750 0.065625 0.098611
16 0.278125 0.737500 0.068750 0.105556
19 0.613281 0.371528 0.059375 0.118056
20 0.631641 0.515972 0.049219 0.109722