0 0.171094 0.490278 0.067187 0.122222
0 0.178516 0.357639 0.069531 0.120833
0 0.223047 0.408333 0.064844 0.119444
0 0.226953 0.264583 0.069531 0.120833
0 0.225000 0.686806 0.057813 0.118056
0 0.233984 0.546528 0.064844 0.120833
0 0.269922 0.323611 0.067969 0.119444
0 0.275000 0.450000 0.062500 0.119444
0 0.278906 0.630556 0.051562 0.113889
0 0.288281 0.134722 0.059375 0.116667
0 0.292969 0.840278 0.060937 0.122222
0 0.319141 0.347222 0.060156 0.122222
0 0.322656 0.504861 0.060937 0.115278
0 0.334375 0.169444 0.064062 0.119444
0 0.332031 0.668750 0.054688 0.115278
0 0.375781 0.236111 0.065625 0.119444
0 0.378906 0.547222 0.067187 0.111111
0 0.379688 0.386111 0.056250 0.116667
0 0.436719 0.588889 0.056250 0.119444
0 0.438672 0.238194 0.058594 0.115278
0 0.441016 0.365972 0.055469 0.115278
0 0.445312 0.788889 0.059375 0.119444
0 0.457422 0.482639 0.052344 0.109722
0 0.471094 0.686111 0.064062 0.091667
0 0.507422 0.430556 0.064844 0.116667
0 0.528125 0.756250 0.064062 0.123611
0 0.532031 0.553472 0.059375 0.115278
0 0.578125 0.443750 0.056250 0.073611
0 0.589453 0.173611 0.064844 0.111111
0 0.600000 0.568056 0.059375 0.116667
1 0.171094 0.490278 0.067187 0.122222
1 0.292969 0.840278 0.060937 0.122222
1 0.319141 0.347222 0.060156 0.122222
1 0.334375 0.169444 0.064062 0.119444
1 0.378906 0.547222 0.067187 0.111111
1 0.441016 0.365972 0.055469 0.115278
1 0.445312 0.788889 0.059375 0.119444
1 0.528125 0.756250 0.064062 0.123611
2 0.178516 0.357639 0.069531 0.120833
2 0.226953 0.264583 0.069531 0.120833
2 0.225000 0.686806 0.057813 0.118056
2 0.275000 0.450000 0.062500 0.119444
2 0.278906 0.630556 0.051562 0.113889
2 0.322656 0.504861 0.060937 0.115278
2 0.332031 0.668750 0.054688 0.115278
2 0.436719 0.588889 0.056250 0.119444
2 0.438672 0.238194 0.058594 0.115278
2 0.457422 0.482639 0.052344 0.109722
3 0.223047 0.408333 0.064844 0.119444
3 0.233984 0.546528 0.064844 0.120833
3 0.269922 0.323611 0.067969 0.119444
3 0.288281 0.134722 0.059375 0.116667
3 0.375781 0.236111 0.065625 0.119444
3 0.379688 0.386111 0.056250 0.116667
3 0.471094 0.686111 0.064062 0.091667
3 0.507422 0.430556 0.064844 0.116667
3 0.532031 0.553472 0.059375 0.115278
3 0.578125 0.443750 0.056250 0.073611
3 0.589453 0.173611 0.064844 0.111111
3 0.600000 0.568056 0.059375 0.116667
4 0.171094 0.490278 0.067187 0.122222
4 0.445312 0.788889 0.059375 0.119444
5 0.378906 0.547222 0.067187 0.111111
5 0.441016 0.365972 0.055469 0.115278
6 0.292969 0.840278 0.060937 0.122222
6 0.334375 0.169444 0.064062 0.119444
7 0.319141 0.347222 0.060156 0.122222
7 0.528125 0.756250 0.064062 0.123611
8 0.171094 0.490278 0.067187 0.122222
8 0.292969 0.840278 0.060937 0.122222
11 0.378906 0.547222 0.067187 0.111111
11 0.528125 0.756250 0.064062 0.123611
13 0.445312 0.788889 0.059375 0.119444
16 0.441016 0.365972 0.055469 0.115278
18 0.319141 0.347222 0.060156 0.122222
19 0.334375 0.169444 0.064062 0.119444