0 0.113281 0.402778 0.062500 0.123611
0 0.121875 0.568056 0.062500 0.120833
0 0.150000 0.219444 0.072656 0.126389
0 0.190625 0.458333 0.063281 0.088889
0 0.195312 0.368056 0.061719 0.087500
0 0.200781 0.591667 0.068750 0.115278
0 0.243750 0.255556 0.064062 0.125000
0 0.253906 0.663889 0.067187 0.122222
0 0.250000 0.106944 0.047656 0.109722
0 0.264062 0.402778 0.043750 0.105556
0 0.264844 0.520833 0.043750 0.105556
0 0.315625 0.388889 0.042969 0.105556
0 0.315625 0.515278 0.042969 0.106944
0 0.321875 0.234722 0.040625 0.100000
0 0.335938 0.700000 0.046875 0.105556
0 0.375781 0.119444 0.065625 0.122222
0 0.364063 0.512500 0.040625 0.102778
0 0.365625 0.387500 0.041406 0.105556
0 0.394531 0.256944 0.067969 0.122222
0 0.412500 0.604167 0.066406 0.116667
0 0.426563 0.383333 0.060156 0.088889
0 0.438281 0.490278 0.060156 0.090278
0 0.474219 0.238889 0.060937 0.122222
0 0.510156 0.431944 0.042188 0.104167
1 0.113281 0.402778 0.062500 0.123611
1 0.121875 0.568056 0.062500 0.120833
1 0.150000 0.219444 0.072656 0.126389
1 0.250000 0.106944 0.047656 0.109722
1 0.264062 0.402778 0.043750 0.105556
1 0.264844 0.520833 0.043750 0.105556
1 0.315625 0.388889 0.042969 0.105556
1 0.315625 0.515278 0.042969 0.106944
1 0.375781 0.119444 0.065625 0.122222
1 0.364063 0.512500 0.040625 0.102778
1 0.365625 0.387500 0.041406 0.105556
1 0.474219 0.238889 0.060937 0.122222
1 0.510156 0.431944 0.042188 0.104167
2 0.190625 0.458333 0.063281 0.088889
2 0.195312 0.368056 0.061719 0.087500
2 0.200781 0.591667 0.068750 0.115278
2 0.243750 0.255556 0.064062 0.125000
2 0.253906 0.663889 0.067187 0.122222
2 0.321875 0.234722 0.040625 0.100000
2 0.335938 0.700000 0.046875 0.105556
2 0.394531 0.256944 0.067969 0.122222
2 0.412500 0.604167 0.066406 0.116667
2 0.426563 0.383333 0.060156 0.088889
2 0.438281 0.490278 0.060156 0.090278
4 0.113281 0.402778 0.062500 0.123611
4 0.121875 0.568056 0.062500 0.120833
4 0.510156 0.431944 0.042188 0.104167
5 0.264844 0.520833 0.043750 0.105556
5 0.315625 0.515278 0.042969 0.106944
6 0.150000 0.219444 0.072656 0.126389
6 0.264062 0.402778 0.043750 0.105556
7 0.250000 0.106944 0.047656 0.109722
7 0.315625 0.388889 0.042969 0.105556
7 0.375781 0.119444 0.065625 0.122222
7 0.364063 0.512500 0.040625 0.102778
7 0.365625 0.387500 0.041406 0.105556
7 0.474219 0.238889 0.060937 0.122222
8 0.150000 0.219444 0.072656 0.126389
8 0.474219 0.238889 0.060937 0.122222
9 0.315625 0.515278 0.042969 0.106944
10 0.364063 0.512500 0.040625 0.102778
11 0.375781 0.119444 0.065625 0.122222
13 0.113281 0.402778 0.062500 0.123611
13 0.365625 0.387500 0.041406 0.105556
15 0.264844 0.520833 0.043750 0.105556
16 0.121875 0.568056 0.062500 0.120833
18 0.510156 0.431944 0.042188 0.104167
19 0.315625 0.388889 0.042969 0.105556
20 0.250000 0.106944 0.047656 0.109722
20 0.264062 0.402778 0.043750 0.105556