0 0.255859 0.359722 0.053906 0.111111
0 0.258594 0.495139 0.040625 0.095833
0 0.271094 0.259028 0.056250 0.073611
0 0.304688 0.559722 0.053125 0.113889
0 0.329688 0.288889 0.060937 0.088889
0 0.365625 0.100000 0.062500 0.086111
0 0.360938 0.543750 0.053125 0.115278
0 0.400000 0.311111 0.053125 0.116667
0 0.419531 0.428472 0.062500 0.090278
0 0.423438 0.088889 0.059375 0.080556
0 0.451562 0.518750 0.056250 0.112500
0 0.485156 0.077778 0.057813 0.077778
0 0.507422 0.419444 0.050781 0.108333
0 0.516406 0.258333 0.064062 0.097222
0 0.545312 0.071528 0.057813 0.076389
0 0.574219 0.264583 0.042188 0.098611
0 0.623047 0.390972 0.057031 0.076389
0 0.637500 0.512500 0.065625 0.105556
0 0.710938 0.402778 0.048438 0.108333
0 0.749219 0.256250 0.070312 0.115278
1 0.365625 0.100000 0.062500 0.086111
1 0.423438 0.088889 0.059375 0.080556
1 0.485156 0.077778 0.057813 0.077778
1 0.545312 0.071528 0.057813 0.076389
2 0.255859 0.359722 0.053906 0.111111
2 0.258594 0.495139 0.040625 0.095833
2 0.304688 0.559722 0.053125 0.113889
2 0.360938 0.543750 0.053125 0.115278
2 0.451562 0.518750 0.056250 0.112500
2 0.507422 0.419444 0.050781 0.108333
2 0.574219 0.264583 0.042188 0.098611
2 0.623047 0.390972 0.057031 0.076389
2 0.637500 0.512500 0.065625 0.105556
2 0.710938 0.402778 0.048438 0.108333
2 0.749219 0.256250 0.070312 0.115278
3 0.271094 0.259028 0.056250 0.073611
3 0.329688 0.288889 0.060937 0.088889
3 0.400000 0.311111 0.053125 0.116667
3 0.419531 0.428472 0.062500 0.090278
3 0.516406 0.258333 0.064062 0.097222
4 0.365625 0.100000 0.062500 0.086111
5 0.545312 0.071528 0.057813 0.076389
6 0.485156 0.077778 0.057813 0.077778
7 0.423438 0.088889 0.059375 0.080556
9 0.423438 0.088889 0.059375 0.080556
9 0.485156 0.077778 0.057813 0.077778
14 0.365625 0.100000 0.062500 0.086111
15 0.545312 0.071528 0.057813 0.076389