0 0.387500 0.779167 0.048438 0.109722
0 0.450000 0.527778 0.042188 0.104167
0 0.483594 0.670833 0.057031 0.080556
0 0.498437 0.906944 0.067187 0.115278
0 0.526563 0.452778 0.050000 0.112500
0 0.542188 0.606944 0.044531 0.105556
0 0.561719 0.769444 0.059375 0.084722
0 0.592969 0.472222 0.056250 0.075000
0 0.605469 0.641667 0.061719 0.087500
0 0.614062 0.373611 0.058594 0.116667
0 0.635156 0.819444 0.063281 0.097222
0 0.651563 0.551389 0.067187 0.105556
0 0.664844 0.720833 0.056250 0.118056
0 0.678125 0.336111 0.053125 0.113889
0 0.716406 0.888889 0.067969 0.125000
0 0.760938 0.365278 0.065625 0.108333
0 0.794531 0.477778 0.057031 0.075000
0 0.801562 0.825000 0.068750 0.112500
0 0.849219 0.615278 0.064062 0.116667
0 0.932031 0.544444 0.050000 0.112500
1 0.716406 0.888889 0.067969 0.125000
2 0.387500 0.779167 0.048438 0.109722
2 0.450000 0.527778 0.042188 0.104167
2 0.483594 0.670833 0.057031 0.080556
2 0.498437 0.906944 0.067187 0.115278
2 0.526563 0.452778 0.050000 0.112500
2 0.614062 0.373611 0.058594 0.116667
2 0.678125 0.336111 0.053125 0.113889
2 0.760938 0.365278 0.065625 0.108333
2 0.794531 0.477778 0.057031 0.075000
2 0.849219 0.615278 0.064062 0.116667
2 0.932031 0.544444 0.050000 0.112500
3 0.542188 0.606944 0.044531 0.105556
3 0.561719 0.769444 0.059375 0.084722
3 0.592969 0.472222 0.056250 0.075000
3 0.605469 0.641667 0.061719 0.087500
3 0.635156 0.819444 0.063281 0.097222
3 0.651563 0.551389 0.067187 0.105556
3 0.664844 0.720833 0.056250 0.118056
3 0.801562 0.825000 0.068750 0.112500
6 0.716406 0.888889 0.067969 0.125000
11 0.716406 0.888889 0.067969 0.125000