0 0.079687 0.581944 0.051562 0.111111
0 0.123828 0.444444 0.072656 0.122222
0 0.135547 0.748611 0.067969 0.100000
0 0.148438 0.572222 0.067187 0.097222
0 0.184375 0.227778 0.059375 0.080556
0 0.187109 0.446528 0.057031 0.118056
0 0.208984 0.771528 0.057031 0.118056
0 0.212891 0.595139 0.055469 0.115278
0 0.246875 0.489583 0.067187 0.098611
0 0.249609 0.234722 0.058594 0.080556
0 0.267188 0.798611 0.060937 0.122222
0 0.274219 0.634722 0.070312 0.119444
0 0.312500 0.240278 0.059375 0.080556
0 0.331250 0.456944 0.056250 0.116667
0 0.351172 0.595139 0.058594 0.120833
0 0.371484 0.875000 0.060156 0.080556
0 0.375391 0.243750 0.058594 0.079167
0 0.388672 0.462500 0.053906 0.116667
0 0.416797 0.588889 0.046094 0.105556
0 0.433984 0.882639 0.052344 0.115278
0 0.439844 0.243750 0.059375 0.079167
0 0.456250 0.448611 0.050000 0.108333
0 0.472266 0.597222 0.042969 0.105556
0 0.516016 0.464583 0.049219 0.109722
0 0.514844 0.870139 0.046875 0.109722
0 0.533203 0.592361 0.042969 0.104167
0 0.568750 0.387500 0.062500 0.116667
0 0.572266 0.862500 0.060156 0.083333
0 0.601562 0.468056 0.065625 0.111111
0 0.632812 0.559028 0.057813 0.112500
0 0.646875 0.671528 0.053125 0.112500
0 0.649609 0.794444 0.042969 0.100000
1 0.184375 0.227778 0.059375 0.080556
1 0.249609 0.234722 0.058594 0.080556
1 0.312500 0.240278 0.059375 0.080556
1 0.331250 0.456944 0.056250 0.116667
1 0.351172 0.595139 0.058594 0.120833
1 0.375391 0.243750 0.058594 0.079167
1 0.388672 0.462500 0.053906 0.116667
1 0.416797 0.588889 0.046094 0.105556
1 0.439844 0.243750 0.059375 0.079167
1 0.456250 0.448611 0.050000 0.108333
1 0.472266 0.597222 0.042969 0.105556
1 0.516016 0.464583 0.049219 0.109722
1 0.533203 0.592361 0.042969 0.104167
2 0.123828 0.444444 0.072656 0.122222
2 0.135547 0.748611 0.067969 0.100000
2 0.187109 0.446528 0.057031 0.118056
2 0.208984 0.771528 0.057031 0.118056
2 0.246875 0.489583 0.067187 0.098611
2 0.267188 0.798611 0.060937 0.122222
2 0.568750 0.387500 0.062500 0.116667
2 0.601562 0.468056 0.065625 0.111111
2 0.632812 0.559028 0.057813 0.112500
2 0.646875 0.671528 0.053125 0.112500
2 0.649609 0.794444 0.042969 0.100000
3 0.079687 0.581944 0.051562 0.111111
3 0.148438 0.572222 0.067187 0.097222
3 0.212891 0.595139 0.055469 0.115278
3 0.274219 0.634722 0.070312 0.119444
3 0.371484 0.875000 0.060156 0.080556
3 0.433984 0.882639 0.052344 0.115278
3 0.514844 0.870139 0.046875 0.109722
3 0.572266 0.862500 0.060156 0.083333
4 0.184375 0.227778 0.059375 0.080556
4 0.249609 0.234722 0.058594 0.080556
4 0.312500 0.240278 0.059375 0.080556
4 0.331250 0.456944 0.056250 0.116667
4 0.351172 0.595139 0.058594 0.120833
4 0.375391 0.243750 0.058594 0.079167
4 0.388672 0.462500 0.053906 0.116667
4 0.416797 0.588889 0.046094 0.105556
4 0.439844 0.243750 0.059375 0.079167
4 0.456250 0.448611 0.050000 0.108333
4 0.472266 0.597222 0.042969 0.105556
4 0.516016 0.464583 0.049219 0.109722
4 0.533203 0.592361 0.042969 0.104167
8 0.184375 0.227778 0.059375 0.080556
9 0.249609 0.234722 0.058594 0.080556
10 0.312500 0.240278 0.059375 0.080556
11 0.375391 0.242361 0.058594 0.079167
12 0.439844 0.243750 0.059375 0.079167
13 0.351172 0.595139 0.058594 0.120833
14 0.416797 0.588889 0.046094 0.105556
15 0.472266 0.597222 0.042969 0.105556
16 0.533203 0.592361 0.042969 0.104167
17 0.331250 0.456944 0.056250 0.116667
18 0.388672 0.462500 0.053906 0.116667
19 0.456250 0.448611 0.050000 0.108333
20 0.516016 0.464583 0.049219 0.109722