0 0.219531 0.715278 0.071094 0.125000
0 0.235156 0.865278 0.060937 0.122222
0 0.272656 0.612500 0.071094 0.116667
0 0.318750 0.494444 0.067969 0.108333
0 0.321875 0.698611 0.058594 0.080556
0 0.331250 0.826389 0.070312 0.112500
0 0.394531 0.469444 0.067187 0.119444
0 0.410156 0.883333 0.067969 0.120833
0 0.408594 0.611111 0.059375 0.086111
0 0.427344 0.744444 0.065625 0.122222
0 0.443750 0.384722 0.043750 0.101389
0 0.496094 0.691667 0.057031 0.080556
0 0.502344 0.569444 0.054688 0.075000
0 0.498437 0.438889 0.046094 0.105556
0 0.526563 0.804167 0.067187 0.116667
0 0.561719 0.445833 0.063281 0.113889
0 0.571094 0.581944 0.045312 0.104167
0 0.595313 0.693056 0.064062 0.100000
0 0.630469 0.768056 0.066406 0.115278
0 0.637500 0.523611 0.061719 0.102778
0 0.683594 0.593056 0.052344 0.109722
0 0.694531 0.702778 0.058594 0.083333
1 0.219531 0.715278 0.071094 0.125000
1 0.410156 0.883333 0.067969 0.120833
1 0.694531 0.702778 0.058594 0.083333
2 0.235156 0.865278 0.060937 0.122222
2 0.272656 0.612500 0.071094 0.116667
2 0.318750 0.494444 0.067969 0.108333
2 0.321875 0.698611 0.058594 0.080556
2 0.331250 0.826389 0.070312 0.112500
2 0.394531 0.469444 0.067187 0.119444
2 0.443750 0.384722 0.043750 0.101389
2 0.498437 0.438889 0.046094 0.105556
2 0.561719 0.445833 0.063281 0.113889
2 0.637500 0.523611 0.061719 0.102778
2 0.683594 0.593056 0.052344 0.109722
3 0.408594 0.611111 0.059375 0.086111
3 0.427344 0.744444 0.065625 0.122222
3 0.496094 0.691667 0.057031 0.080556
3 0.502344 0.569444 0.054688 0.075000
3 0.526563 0.804167 0.067187 0.116667
3 0.571094 0.581944 0.045312 0.104167
3 0.595313 0.693056 0.064062 0.100000
3 0.630469 0.768056 0.066406 0.115278
6 0.219531 0.715278 0.071094 0.125000
7 0.410156 0.883333 0.067969 0.120833
7 0.694531 0.702778 0.058594 0.083333
12 0.694531 0.702778 0.058594 0.083333
14 0.410156 0.883333 0.067969 0.120833
20 0.219531 0.715278 0.071094 0.125000