0 0.162500 0.602778 0.056250 0.116667
0 0.177344 0.786111 0.048438 0.108333
0 0.208594 0.378472 0.050000 0.112500
0 0.218750 0.537500 0.059375 0.083333
0 0.248438 0.668056 0.053125 0.111111
0 0.263281 0.803472 0.050000 0.109722
0 0.281250 0.284028 0.050000 0.109722
0 0.297656 0.427778 0.045312 0.105556
0 0.323047 0.573611 0.058594 0.119444
0 0.363281 0.275000 0.054688 0.116667
0 0.380078 0.705556 0.046094 0.108333
0 0.387109 0.412500 0.049219 0.108333
0 0.403906 0.834028 0.056250 0.115278
0 0.415625 0.573611 0.056250 0.075000
0 0.437891 0.704167 0.042969 0.102778
0 0.469531 0.318750 0.065625 0.106944
0 0.469531 0.493056 0.057813 0.116667
0 0.480469 0.825000 0.067187 0.111111
0 0.489063 0.684028 0.053125 0.115278
0 0.525000 0.468056 0.040625 0.105556
0 0.544922 0.629861 0.064844 0.112500
0 0.564453 0.781250 0.055469 0.112500
0 0.594531 0.500000 0.045312 0.105556
0 0.607422 0.708333 0.046094 0.105556
1 0.162500 0.602778 0.056250 0.116667
1 0.177344 0.786111 0.048438 0.108333
1 0.208594 0.378472 0.050000 0.112500
1 0.248438 0.668056 0.053125 0.111111
1 0.281250 0.284028 0.050000 0.109722
1 0.297656 0.427778 0.045312 0.105556
1 0.323047 0.573611 0.058594 0.119444
1 0.363281 0.275000 0.054688 0.116667
1 0.380078 0.705556 0.046094 0.108333
1 0.387109 0.412500 0.049219 0.108333
1 0.415625 0.573611 0.056250 0.075000
1 0.437891 0.704167 0.042969 0.102778
1 0.469531 0.318750 0.065625 0.106944
1 0.469531 0.493056 0.057813 0.116667
1 0.480469 0.825000 0.067187 0.111111
1 0.489063 0.684028 0.053125 0.115278
1 0.544922 0.629861 0.064844 0.112500
1 0.564453 0.781250 0.055469 0.112500
1 0.594531 0.500000 0.045312 0.105556
1 0.607422 0.708333 0.046094 0.105556
2 0.218750 0.537500 0.059375 0.083333
2 0.263281 0.803472 0.050000 0.109722
3 0.403906 0.834028 0.056250 0.115278
3 0.525000 0.468056 0.040625 0.105556
4 0.162500 0.602778 0.056250 0.116667
4 0.177344 0.786111 0.048438 0.108333
4 0.248438 0.668056 0.053125 0.111111
4 0.323047 0.573611 0.058594 0.119444
4 0.380078 0.705556 0.046094 0.108333
4 0.607422 0.708333 0.046094 0.105556
5 0.415625 0.573611 0.056250 0.075000
5 0.564453 0.781250 0.055469 0.112500
6 0.387109 0.412500 0.049219 0.108333
6 0.437891 0.704167 0.042969 0.102778
6 0.469531 0.318750 0.065625 0.106944
6 0.480469 0.825000 0.067187 0.111111
7 0.208594 0.378472 0.050000 0.112500
7 0.281250 0.284028 0.050000 0.109722
7 0.297656 0.427778 0.045312 0.105556
7 0.363281 0.275000 0.054688 0.116667
7 0.469531 0.493056 0.057813 0.116667
7 0.489063 0.684028 0.053125 0.115278
7 0.544922 0.629861 0.064844 0.112500
7 0.594531 0.500000 0.045312 0.105556
8 0.162500 0.602778 0.056250 0.116667
8 0.297656 0.427778 0.045312 0.105556
8 0.415625 0.573611 0.056250 0.075000
9 0.469531 0.493056 0.057813 0.116667
10 0.387109 0.412500 0.049219 0.108333
10 0.544922 0.629861 0.064844 0.112500
12 0.208594 0.378472 0.050000 0.112500
13 0.323047 0.573611 0.058594 0.119444
13 0.437891 0.704167 0.042969 0.102778
14 0.480469 0.825000 0.067187 0.111111
15 0.380078 0.705556 0.046094 0.108333
16 0.489063 0.684028 0.053125 0.115278
16 0.564453 0.781250 0.055469 0.112500
17 0.248438 0.668056 0.053125 0.111111
17 0.594531 0.500000 0.045312 0.105556
18 0.177344 0.786111 0.048438 0.108333
18 0.281250 0.284028 0.050000 0.109722
19 0.607422 0.708333 0.046094 0.105556
20 0.363281 0.275000 0.054688 0.116667
20 0.469531 0.318750 0.065625 0.106944