0 0.224609 0.451389 0.042969 0.105556
0 0.259375 0.312500 0.062500 0.097222
0 0.284375 0.477778 0.057813 0.080556
0 0.285156 0.615278 0.056250 0.077778
0 0.319531 0.318750 0.050000 0.112500
0 0.348828 0.462500 0.049219 0.108333
0 0.347656 0.627778 0.046875 0.105556
0 0.371094 0.356944 0.062500 0.091667
0 0.399219 0.523611 0.059375 0.083333
0 0.404687 0.655556 0.060937 0.088889
0 0.505078 0.727083 0.057031 0.076389
0 0.516406 0.462500 0.064062 0.105556
0 0.564844 0.733333 0.051562 0.111111
0 0.572266 0.211111 0.063281 0.100000
0 0.590625 0.501389 0.065625 0.105556
0 0.644531 0.718750 0.048438 0.106944
0 0.669141 0.518056 0.058594 0.083333
0 0.682813 0.220139 0.060937 0.084722
0 0.703906 0.711111 0.060937 0.080556
2 0.259375 0.312500 0.062500 0.097222
2 0.285156 0.615278 0.056250 0.077778
2 0.319531 0.318750 0.050000 0.112500
2 0.347656 0.627778 0.046875 0.105556
2 0.371094 0.356944 0.062500 0.091667
2 0.404687 0.655556 0.060937 0.088889
2 0.516406 0.462500 0.064062 0.105556
2 0.572266 0.211111 0.063281 0.100000
2 0.590625 0.501389 0.065625 0.105556
2 0.669141 0.518056 0.058594 0.083333
2 0.682813 0.220139 0.060937 0.084722
3 0.224609 0.451389 0.042969 0.105556
3 0.284375 0.477778 0.057813 0.080556
3 0.348828 0.462500 0.049219 0.108333
3 0.399219 0.523611 0.059375 0.083333
3 0.505078 0.727083 0.057031 0.076389
3 0.564844 0.733333 0.051562 0.111111
3 0.644531 0.718750 0.048438 0.106944
3 0.703906 0.711111 0.060937 0.080556