0 0.392188 0.777778 0.048438 0.111111
0 0.454688 0.527778 0.042188 0.102778
0 0.488281 0.668056 0.057813 0.079167
0 0.502344 0.906944 0.067969 0.116667
0 0.532031 0.452778 0.050781 0.109722
0 0.566406 0.768056 0.058594 0.083333
0 0.640625 0.819444 0.062500 0.093056
0 0.669531 0.719444 0.058594 0.115278
0 0.805469 0.826389 0.068750 0.112500
0 0.854688 0.615278 0.064844 0.116667
0 0.937500 0.547222 0.050781 0.113889
2 0.392188 0.777778 0.048438 0.111111
2 0.454688 0.527778 0.042188 0.102778
2 0.488281 0.668056 0.057813 0.079167
2 0.502344 0.906944 0.067969 0.116667
2 0.532031 0.452778 0.050781 0.109722
2 0.854688 0.615278 0.064844 0.116667
2 0.937500 0.547222 0.050781 0.113889
3 0.566406 0.768056 0.058594 0.083333
3 0.640625 0.819444 0.062500 0.093056
3 0.669531 0.719444 0.058594 0.115278
3 0.805469 0.826389 0.068750 0.112500