0 0.459766 0.409722 0.055469 0.113889
0 0.481250 0.240278 0.068750 0.113889
0 0.491797 0.131944 0.046094 0.102778
0 0.495703 0.522917 0.042969 0.106944
0 0.541406 0.443750 0.056250 0.076389
0 0.569531 0.240972 0.059375 0.079167
0 0.574219 0.345833 0.057813 0.083333
0 0.595703 0.515278 0.050781 0.105556
0 0.634375 0.279167 0.059375 0.122222
0 0.641797 0.418056 0.061719 0.091667
0 0.663281 0.155556 0.065625 0.127778
0 0.666406 0.554861 0.064062 0.118056
0 0.707812 0.342361 0.045312 0.104167
0 0.745313 0.164583 0.067187 0.095833
1 0.495703 0.522917 0.042969 0.106944
1 0.569531 0.240972 0.059375 0.079167
2 0.459766 0.409722 0.055469 0.113889
2 0.491797 0.131944 0.046094 0.102778
2 0.541406 0.443750 0.056250 0.076389
2 0.574219 0.345833 0.057813 0.083333
2 0.595703 0.515278 0.050781 0.105556
2 0.634375 0.279167 0.059375 0.122222
2 0.641797 0.418056 0.061719 0.091667
2 0.666406 0.554861 0.064062 0.118056
2 0.707812 0.342361 0.045312 0.104167
2 0.745313 0.164583 0.067187 0.095833
3 0.481250 0.240278 0.068750 0.113889
3 0.663281 0.155556 0.065625 0.127778
5 0.495703 0.522917 0.042969 0.106944
6 0.569531 0.240972 0.059375 0.079167
8 0.569531 0.240972 0.059375 0.079167
19 0.495703 0.522917 0.042969 0.106944