0 0.449219 0.512500 0.062500 0.116667
0 0.493750 0.400694 0.057813 0.118056
0 0.497266 0.865278 0.061719 0.091667
0 0.528516 0.741667 0.064844 0.105556
0 0.564453 0.393750 0.049219 0.106944
0 0.584375 0.829167 0.040625 0.100000
0 0.611328 0.519444 0.066406 0.113889
0 0.656641 0.795833 0.047656 0.108333
0 0.671094 0.420139 0.065625 0.115278
0 0.676172 0.599306 0.042969 0.104167
1 0.449219 0.512500 0.062500 0.116667
1 0.493750 0.400694 0.057813 0.118056
1 0.528516 0.741667 0.064844 0.105556
1 0.564453 0.393750 0.049219 0.106944
1 0.584375 0.829167 0.040625 0.100000
1 0.611328 0.519444 0.066406 0.113889
1 0.656641 0.795833 0.047656 0.108333
1 0.671094 0.420139 0.065625 0.115278
1 0.676172 0.599306 0.042969 0.104167
3 0.497266 0.865278 0.061719 0.091667
4 0.611328 0.519444 0.066406 0.113889
5 0.584375 0.829167 0.040625 0.100000
5 0.671094 0.420139 0.065625 0.115278
6 0.656641 0.795833 0.047656 0.108333
7 0.449219 0.512500 0.062500 0.116667
7 0.493750 0.400694 0.057813 0.118056
7 0.528516 0.741667 0.064844 0.105556
7 0.564453 0.393750 0.049219 0.106944
7 0.676172 0.599306 0.042969 0.104167
8 0.449219 0.512500 0.062500 0.116667
8 0.656641 0.795833 0.047656 0.108333
8 0.671094 0.420139 0.065625 0.115278
9 0.493750 0.400694 0.057813 0.118056
10 0.564453 0.393750 0.049219 0.106944
12 0.528516 0.741667 0.064844 0.105556
18 0.611328 0.519444 0.066406 0.113889
19 0.584375 0.829167 0.040625 0.100000
19 0.676172 0.599306 0.042969 0.104167