0 0.200781 0.450000 0.051562 0.113889
0 0.214844 0.598611 0.057813 0.119444
0 0.268359 0.456944 0.061719 0.080556
0 0.274609 0.317361 0.046094 0.104167
0 0.299609 0.829167 0.069531 0.105556
0 0.301563 0.579861 0.060937 0.070833
0 0.344531 0.395139 0.053125 0.115278
0 0.357031 0.261806 0.048438 0.112500
0 0.357031 0.706944 0.048438 0.108333
0 0.375000 0.513194 0.059375 0.081944
0 0.414062 0.377778 0.046875 0.108333
0 0.417187 0.236111 0.039062 0.097222
0 0.435156 0.646528 0.054688 0.115278
0 0.449219 0.495139 0.043750 0.104167
0 0.477734 0.349306 0.052344 0.112500
0 0.479687 0.207639 0.051562 0.112500
0 0.491016 0.786111 0.066406 0.119444
0 0.506641 0.503472 0.049219 0.109722
0 0.518750 0.634028 0.059375 0.118056
0 0.526953 0.386111 0.039844 0.097222
0 0.557031 0.243056 0.065625 0.116667
0 0.593359 0.631250 0.064844 0.120833
0 0.596875 0.485417 0.059375 0.081944
0 0.657422 0.376389 0.058594 0.083333
1 0.299609 0.829167 0.069531 0.105556
1 0.491016 0.786111 0.066406 0.119444
1 0.506641 0.503472 0.049219 0.109722
1 0.593359 0.631250 0.064844 0.120833
2 0.200781 0.450000 0.051562 0.113889
2 0.214844 0.598611 0.057813 0.119444
2 0.274609 0.317361 0.046094 0.104167
2 0.344531 0.395139 0.053125 0.115278
2 0.357031 0.706944 0.048438 0.108333
2 0.414062 0.377778 0.046875 0.108333
2 0.417187 0.236111 0.039062 0.097222
2 0.435156 0.646528 0.054688 0.115278
2 0.449219 0.495139 0.043750 0.104167
2 0.477734 0.349306 0.052344 0.112500
2 0.526953 0.386111 0.039844 0.097222
3 0.268359 0.456944 0.061719 0.080556
3 0.301563 0.579861 0.060937 0.070833
3 0.357031 0.261806 0.048438 0.112500
3 0.375000 0.513194 0.059375 0.081944
3 0.479687 0.207639 0.051562 0.112500
3 0.518750 0.634028 0.059375 0.118056
3 0.557031 0.243056 0.065625 0.116667
3 0.596875 0.485417 0.059375 0.081944
3 0.657422 0.376389 0.058594 0.083333
4 0.491016 0.786111 0.066406 0.119444
5 0.299609 0.829167 0.069531 0.105556
6 0.593359 0.631250 0.064844 0.120833
7 0.506641 0.503472 0.049219 0.109722
8 0.506641 0.503472 0.049219 0.109722
9 0.593359 0.631250 0.064844 0.120833
12 0.299609 0.829167 0.069531 0.105556
20 0.491016 0.786111 0.066406 0.119444