0 0.475000 0.251389 0.062500 0.088889
0 0.478516 0.373611 0.049219 0.108333
0 0.485938 0.152778 0.060937 0.080556
0 0.535547 0.390972 0.042969 0.098611
0 0.573828 0.073611 0.061719 0.086111
0 0.574219 0.252778 0.060937 0.088889
0 0.625781 0.506250 0.067187 0.115278
0 0.654687 0.151389 0.054688 0.080556
0 0.668750 0.288889 0.059375 0.080556
0 0.672266 0.445833 0.049219 0.111111
0 0.716797 0.081250 0.053906 0.076389
0 0.733984 0.234028 0.046094 0.109722
0 0.751172 0.445139 0.053906 0.112500
1 0.672266 0.445833 0.049219 0.111111
2 0.475000 0.251389 0.062500 0.088889
2 0.485938 0.152778 0.060937 0.080556
2 0.535547 0.390972 0.042969 0.098611
2 0.573828 0.073611 0.061719 0.086111
2 0.574219 0.252778 0.060937 0.088889
2 0.625781 0.506250 0.067187 0.115278
2 0.654687 0.151389 0.054688 0.080556
2 0.716797 0.081250 0.053906 0.076389
2 0.733984 0.234028 0.046094 0.109722
2 0.751172 0.445139 0.053906 0.112500
3 0.478516 0.373611 0.049219 0.108333
3 0.668750 0.288889 0.059375 0.080556
4 0.672266 0.445833 0.049219 0.111111
13 0.672266 0.445833 0.049219 0.111111