0 0.296484 0.415278 0.042969 0.100000
0 0.333594 0.559722 0.060937 0.100000
0 0.341016 0.648611 0.066406 0.105556
0 0.338672 0.765278 0.061719 0.094444
0 0.402344 0.252083 0.059375 0.087500
0 0.420312 0.448611 0.059375 0.116667
0 0.443750 0.542361 0.059375 0.120833
0 0.455859 0.417361 0.058594 0.118056
0 0.471875 0.222222 0.056250 0.080556
0 0.467187 0.785417 0.046875 0.109722
0 0.480469 0.508333 0.059375 0.119444
0 0.549219 0.197222 0.059375 0.086111
0 0.563281 0.691667 0.059375 0.116667
0 0.580469 0.530556 0.060937 0.083333
0 0.632031 0.709722 0.060937 0.088889
0 0.647656 0.569444 0.065625 0.097222
0 0.646484 0.429861 0.058594 0.115278
0 0.705859 0.702778 0.066406 0.102778
0 0.706250 0.482639 0.062500 0.120833
0 0.706250 0.887500 0.062500 0.083333
0 0.738672 0.620833 0.067969 0.097222
0 0.817969 0.350000 0.071875 0.116667
0 0.836719 0.644444 0.046875 0.102778
1 0.420312 0.448611 0.059375 0.116667
1 0.443750 0.542361 0.059375 0.120833
1 0.455859 0.417361 0.058594 0.118056
1 0.480469 0.508333 0.059375 0.119444
2 0.296484 0.415278 0.042969 0.100000
2 0.333594 0.559722 0.060937 0.100000
2 0.341016 0.648611 0.066406 0.105556
2 0.402344 0.252083 0.059375 0.087500
2 0.471875 0.222222 0.056250 0.080556
2 0.467187 0.785417 0.046875 0.109722
2 0.549219 0.197222 0.059375 0.086111
2 0.563281 0.691667 0.059375 0.116667
2 0.646484 0.429861 0.058594 0.115278
2 0.817969 0.350000 0.071875 0.116667
2 0.836719 0.644444 0.046875 0.102778
3 0.338672 0.765278 0.061719 0.094444
3 0.580469 0.530556 0.060937 0.083333
3 0.632031 0.709722 0.060937 0.088889
3 0.647656 0.569444 0.065625 0.097222
3 0.705859 0.702778 0.066406 0.102778
3 0.706250 0.482639 0.062500 0.120833
3 0.706250 0.887500 0.062500 0.083333
3 0.738672 0.620833 0.067969 0.097222
4 0.420312 0.448611 0.059375 0.116667
4 0.443750 0.542361 0.059375 0.120833
4 0.455859 0.417361 0.058594 0.118056
4 0.480469 0.508333 0.059375 0.119444
10 0.455859 0.417361 0.058594 0.118056
12 0.443750 0.542361 0.059375 0.120833
13 0.480469 0.508333 0.059375 0.119444
20 0.420312 0.448611 0.059375 0.116667