0 0.170313 0.427778 0.043750 0.104167
0 0.189062 0.305556 0.065625 0.116667
0 0.194531 0.594444 0.057813 0.122222
0 0.232813 0.459722 0.057031 0.118056
0 0.283594 0.327778 0.069531 0.113889
0 0.278125 0.595833 0.054688 0.112500
0 0.293750 0.447222 0.055469 0.115278
0 0.339844 0.234722 0.066406 0.119444
0 0.333594 0.576389 0.050000 0.111111
0 0.368750 0.397222 0.064844 0.113889
0 0.387500 0.538889 0.053906 0.115278
0 0.410938 0.283333 0.048438 0.106944
0 0.429688 0.470833 0.057813 0.118056
0 0.466406 0.398611 0.059375 0.118056
0 0.476562 0.576389 0.067187 0.116667
0 0.469531 0.234722 0.050000 0.112500
0 0.521875 0.462500 0.051562 0.111111
0 0.539062 0.236111 0.065625 0.116667
0 0.571875 0.370833 0.048438 0.109722
0 0.638281 0.369444 0.058594 0.081944
1 0.232813 0.459722 0.057031 0.118056
1 0.293750 0.447222 0.055469 0.115278
1 0.387500 0.538889 0.053906 0.115278
1 0.429688 0.470833 0.057813 0.118056
2 0.170313 0.427778 0.043750 0.104167
2 0.189062 0.305556 0.065625 0.116667
2 0.194531 0.594444 0.057813 0.122222
2 0.283594 0.327778 0.069531 0.113889
2 0.278125 0.595833 0.054688 0.112500
2 0.333594 0.576389 0.050000 0.111111
2 0.368750 0.397222 0.064844 0.113889
2 0.410938 0.283333 0.048438 0.106944
2 0.466406 0.398611 0.059375 0.118056
2 0.521875 0.462500 0.051562 0.111111
2 0.571875 0.370833 0.048438 0.109722
3 0.339844 0.234722 0.066406 0.119444
3 0.476562 0.576389 0.067187 0.116667
3 0.469531 0.234722 0.050000 0.112500
3 0.539062 0.236111 0.065625 0.116667
3 0.638281 0.369444 0.058594 0.081944
4 0.232813 0.459722 0.057031 0.118056
6 0.293750 0.447222 0.055469 0.115278
6 0.387500 0.538889 0.053906 0.115278
6 0.429688 0.470833 0.057813 0.118056
10 0.232813 0.459722 0.057031 0.118056
12 0.293750 0.447222 0.055469 0.115278
14 0.429688 0.470833 0.057813 0.118056
18 0.387500 0.538889 0.053906 0.115278