0 0.396484 0.361111 0.066406 0.102778
0 0.428516 0.600694 0.061719 0.118056
0 0.436719 0.507639 0.057813 0.079167
0 0.459375 0.289583 0.050000 0.109722
0 0.477734 0.406250 0.061719 0.087500
0 0.509766 0.707639 0.061719 0.090278
1 0.396484 0.361111 0.066406 0.102778
1 0.428516 0.600694 0.061719 0.118056
1 0.436719 0.507639 0.057813 0.079167
1 0.459375 0.289583 0.050000 0.109722
1 0.477734 0.406250 0.061719 0.087500
1 0.509766 0.707639 0.061719 0.090278
4 0.428516 0.600694 0.061719 0.118056
4 0.436719 0.507639 0.057813 0.079167
6 0.459375 0.289583 0.050000 0.109722
6 0.477734 0.406250 0.061719 0.087500
7 0.396484 0.361111 0.066406 0.102778
7 0.509766 0.707639 0.061719 0.090278
17 0.396484 0.361111 0.066406 0.102778
17 0.428516 0.600694 0.061719 0.118056
17 0.477734 0.406250 0.061719 0.087500
20 0.436719 0.507639 0.057813 0.079167
20 0.459375 0.289583 0.050000 0.109722
20 0.509766 0.707639 0.061719 0.090278