0 0.272266 0.593750 0.046094 0.106944
0 0.338281 0.634722 0.059375 0.119444
0 0.344141 0.795139 0.044531 0.104167
0 0.371484 0.518750 0.063281 0.118056
0 0.381250 0.403472 0.068750 0.106944
0 0.396875 0.672917 0.065625 0.118056
0 0.412891 0.852778 0.064844 0.100000
0 0.434766 0.507639 0.061719 0.084722
0 0.438281 0.738889 0.065625 0.108333
0 0.451562 0.310417 0.053125 0.112500
0 0.471484 0.604861 0.057031 0.115278
0 0.501953 0.867361 0.064844 0.115278
0 0.507812 0.717361 0.064062 0.115278
0 0.522266 0.343750 0.066406 0.109722
0 0.528906 0.476389 0.057813 0.080556
0 0.549609 0.603472 0.046094 0.106944
0 0.594531 0.215972 0.048438 0.109722
0 0.602344 0.787500 0.059375 0.119444
0 0.612500 0.630556 0.064062 0.100000
0 0.860156 0.506250 0.045312 0.104167
1 0.272266 0.593750 0.046094 0.106944
1 0.338281 0.634722 0.059375 0.119444
1 0.344141 0.795139 0.044531 0.104167
1 0.371484 0.518750 0.063281 0.118056
1 0.381250 0.403472 0.068750 0.106944
1 0.396875 0.672917 0.065625 0.118056
1 0.412891 0.852778 0.064844 0.100000
1 0.434766 0.507639 0.061719 0.084722
1 0.438281 0.738889 0.065625 0.108333
1 0.528906 0.476389 0.057813 0.080556
1 0.594531 0.215972 0.048438 0.109722
1 0.602344 0.787500 0.059375 0.119444
1 0.612500 0.630556 0.064062 0.100000
1 0.860156 0.506250 0.045312 0.104167
2 0.451562 0.310417 0.053125 0.112500
3 0.471484 0.604861 0.057031 0.115278
3 0.501953 0.867361 0.064844 0.115278
3 0.507812 0.717361 0.064062 0.115278
3 0.522266 0.343750 0.066406 0.109722
3 0.549609 0.603472 0.046094 0.106944
4 0.438281 0.738889 0.065625 0.108333
4 0.528906 0.476389 0.057813 0.080556
4 0.860156 0.506250 0.045312 0.104167
5 0.602344 0.787500 0.059375 0.119444
5 0.612500 0.630556 0.064062 0.100000
6 0.272266 0.593750 0.046094 0.106944
6 0.338281 0.634722 0.059375 0.119444
6 0.344141 0.795139 0.044531 0.104167
6 0.381250 0.403472 0.068750 0.106944
6 0.396875 0.672917 0.065625 0.118056
6 0.412891 0.852778 0.064844 0.100000
7 0.371484 0.518750 0.063281 0.118056
7 0.434766 0.507639 0.061719 0.084722
7 0.594531 0.215972 0.048438 0.109722
8 0.272266 0.593750 0.046094 0.106944
10 0.344141 0.795139 0.044531 0.104167
10 0.602344 0.787500 0.059375 0.119444
11 0.412891 0.852778 0.064844 0.100000
13 0.594531 0.215972 0.048438 0.109722
15 0.396875 0.672917 0.065625 0.118056
15 0.434766 0.507639 0.061719 0.084722
15 0.612500 0.630556 0.064062 0.100000
16 0.371484 0.518750 0.063281 0.118056
17 0.528906 0.476389 0.057813 0.080556
18 0.338281 0.634722 0.059375 0.119444
19 0.381250 0.403472 0.068750 0.106944
19 0.860156 0.506250 0.045312 0.104167
20 0.438281 0.738889 0.065625 0.108333