0 0.303125 0.345833 0.044531 0.101389
0 0.338281 0.506944 0.057031 0.086111
0 0.382031 0.325000 0.064844 0.118056
0 0.396094 0.612500 0.065625 0.106944
0 0.429688 0.681944 0.064844 0.111111
0 0.431250 0.304167 0.064062 0.118056
0 0.426563 0.472222 0.050000 0.111111
0 0.435156 0.169444 0.062500 0.109722
0 0.478125 0.283333 0.064844 0.119444
0 0.475000 0.469444 0.045312 0.106944
0 0.482031 0.620833 0.042188 0.101389
0 0.500000 0.754167 0.067969 0.113889
0 0.525000 0.258333 0.065625 0.120833
0 0.528906 0.443056 0.042969 0.102778
0 0.585156 0.701389 0.068750 0.116667
0 0.587500 0.413889 0.042188 0.102778
0 0.618750 0.279167 0.064844 0.112500
0 0.639062 0.170833 0.061719 0.120833
0 0.644531 0.436111 0.046875 0.104167
0 0.692969 0.484722 0.047656 0.109722
0 0.721875 0.352778 0.068750 0.122222
1 0.382031 0.325000 0.064844 0.118056
1 0.431250 0.304167 0.064062 0.118056
1 0.478125 0.283333 0.064844 0.119444
1 0.525000 0.258333 0.065625 0.120833
2 0.303125 0.345833 0.044531 0.101389
2 0.338281 0.506944 0.057031 0.086111
2 0.426563 0.472222 0.050000 0.111111
2 0.435156 0.169444 0.062500 0.109722
2 0.475000 0.469444 0.045312 0.106944
2 0.528906 0.443056 0.042969 0.102778
2 0.585156 0.701389 0.068750 0.116667
2 0.587500 0.413889 0.042188 0.102778
2 0.618750 0.279167 0.064844 0.112500
2 0.644531 0.436111 0.046875 0.104167
2 0.692969 0.484722 0.047656 0.109722
3 0.396094 0.612500 0.065625 0.106944
3 0.429688 0.681944 0.064844 0.111111
3 0.482031 0.620833 0.042188 0.101389
3 0.500000 0.754167 0.067969 0.113889
3 0.639062 0.170833 0.061719 0.120833
3 0.721875 0.352778 0.068750 0.122222
6 0.382031 0.325000 0.064844 0.118056
6 0.431250 0.304167 0.064062 0.118056
6 0.478125 0.283333 0.064844 0.119444
6 0.525000 0.258333 0.065625 0.120833
10 0.525000 0.258333 0.065625 0.120833
11 0.382031 0.325000 0.064844 0.118056
16 0.431250 0.304167 0.064062 0.118056
19 0.478125 0.283333 0.064844 0.119444