0 0.440625 0.275000 0.057813 0.105556
0 0.462891 0.425000 0.055469 0.072222
0 0.505078 0.557639 0.063281 0.112500
0 0.505078 0.302083 0.060156 0.073611
0 0.519531 0.161806 0.065625 0.095833
0 0.542188 0.407639 0.057813 0.079167
0 0.592969 0.291667 0.059375 0.086111
0 0.596094 0.515278 0.051562 0.105556
0 0.610547 0.151389 0.061719 0.088889
0 0.658984 0.429861 0.041406 0.104167
0 0.678516 0.256250 0.055469 0.115278
0 0.705078 0.130556 0.066406 0.130556
0 0.725781 0.403472 0.070312 0.118056
0 0.776172 0.194444 0.057031 0.122222
1 0.592969 0.291667 0.059375 0.086111
2 0.440625 0.275000 0.057813 0.105556
2 0.462891 0.425000 0.055469 0.072222
2 0.505078 0.557639 0.063281 0.112500
2 0.505078 0.302083 0.060156 0.073611
2 0.542188 0.407639 0.057813 0.079167
2 0.596094 0.515278 0.051562 0.105556
2 0.610547 0.151389 0.061719 0.088889
2 0.658984 0.429861 0.041406 0.104167
2 0.678516 0.256250 0.055469 0.115278
2 0.725781 0.403472 0.070312 0.118056
2 0.776172 0.194444 0.057031 0.122222
3 0.519531 0.161806 0.065625 0.095833
3 0.705078 0.130556 0.066406 0.130556
6 0.592969 0.291667 0.059375 0.086111
8 0.592969 0.291667 0.059375 0.086111