0 0.425781 0.615278 0.053125 0.113889
0 0.444531 0.405556 0.063281 0.119444
0 0.449219 0.822222 0.063281 0.122222
0 0.503906 0.477778 0.044531 0.104167
0 0.517188 0.854167 0.060937 0.088889
0 0.525000 0.743056 0.064844 0.101389
0 0.542188 0.372222 0.053906 0.112500
0 0.590625 0.827778 0.060156 0.086111
0 0.593750 0.551389 0.060156 0.119444
0 0.602344 0.373611 0.063281 0.104167
0 0.617188 0.697222 0.061719 0.090278
0 0.687500 0.606944 0.069531 0.108333
0 0.686719 0.263889 0.058594 0.116667
0 0.694531 0.444444 0.057813 0.116667
0 0.760156 0.506944 0.067969 0.118056
0 0.822656 0.856944 0.067969 0.109722
0 0.852344 0.613889 0.064844 0.118056
0 0.935156 0.544444 0.050781 0.112500
2 0.425781 0.615278 0.053125 0.113889
2 0.444531 0.405556 0.063281 0.119444
2 0.449219 0.822222 0.063281 0.122222
2 0.542188 0.372222 0.053906 0.112500
2 0.602344 0.373611 0.063281 0.104167
2 0.617188 0.697222 0.061719 0.090278
2 0.686719 0.263889 0.058594 0.116667
2 0.694531 0.444444 0.057813 0.116667
2 0.852344 0.613889 0.064844 0.118056
2 0.935156 0.544444 0.050781 0.112500
3 0.503906 0.477778 0.044531 0.104167
3 0.517188 0.854167 0.060937 0.088889
3 0.525000 0.743056 0.064844 0.101389
3 0.590625 0.827778 0.060156 0.086111
3 0.593750 0.551389 0.060156 0.119444
3 0.687500 0.606944 0.069531 0.108333
3 0.760156 0.506944 0.067969 0.118056
3 0.822656 0.856944 0.067969 0.109722