0 0.156250 0.642361 0.057813 0.118056
0 0.199219 0.753472 0.071875 0.115278
0 0.201953 0.556250 0.066406 0.123611
0 0.246484 0.480556 0.071094 0.125000
0 0.278125 0.712500 0.065625 0.097222
0 0.276562 0.133333 0.045312 0.108333
0 0.326562 0.137500 0.045312 0.108333
0 0.341016 0.750000 0.064844 0.122222
0 0.353906 0.476389 0.068750 0.111111
0 0.380078 0.608333 0.064844 0.097222
0 0.377734 0.145833 0.050781 0.113889
0 0.429688 0.761111 0.059375 0.077778
0 0.433594 0.436111 0.057813 0.077778
0 0.444531 0.158333 0.048438 0.111111
0 0.494531 0.628472 0.059375 0.087500
0 0.507812 0.742361 0.067187 0.104167
0 0.510156 0.462500 0.067187 0.105556
0 0.568750 0.777083 0.068750 0.112500
0 0.568750 0.612500 0.053125 0.072222
0 0.596094 0.491667 0.056250 0.077778
0 0.634766 0.618750 0.057031 0.081944
0 0.646875 0.772222 0.067187 0.113889
0 0.671484 0.493750 0.063281 0.101389
1 0.276562 0.133333 0.045312 0.108333
1 0.326562 0.137500 0.045312 0.108333
1 0.377734 0.145833 0.050781 0.113889
1 0.444531 0.158333 0.048438 0.111111
2 0.156250 0.642361 0.057813 0.118056
2 0.199219 0.753472 0.071875 0.115278
2 0.201953 0.556250 0.066406 0.123611
2 0.246484 0.480556 0.071094 0.125000
2 0.278125 0.712500 0.065625 0.097222
2 0.341016 0.750000 0.064844 0.122222
2 0.494531 0.628472 0.059375 0.087500
2 0.568750 0.612500 0.053125 0.072222
2 0.596094 0.491667 0.056250 0.077778
2 0.634766 0.618750 0.057031 0.081944
2 0.671484 0.493750 0.063281 0.101389
3 0.353906 0.476389 0.068750 0.111111
3 0.380078 0.608333 0.064844 0.097222
3 0.429688 0.761111 0.059375 0.077778
3 0.433594 0.436111 0.057813 0.077778
3 0.507812 0.742361 0.067187 0.104167
3 0.510156 0.462500 0.067187 0.105556
3 0.568750 0.777083 0.068750 0.112500
3 0.646875 0.772222 0.067187 0.113889
4 0.276562 0.133333 0.045312 0.108333
5 0.326562 0.137500 0.045312 0.108333
6 0.377734 0.145833 0.050781 0.113889
7 0.444531 0.158333 0.048438 0.111111
14 0.276562 0.133333 0.045312 0.108333
14 0.326562 0.137500 0.045312 0.108333
14 0.377734 0.145833 0.050781 0.113889
14 0.444531 0.158333 0.048438 0.111111