0 0.328125 0.365278 0.059375 0.083333
0 0.375391 0.581250 0.066406 0.098611
0 0.442969 0.192361 0.067187 0.115278
0 0.486719 0.563889 0.059375 0.080556
0 0.494922 0.401389 0.067969 0.108333
0 0.500000 0.088889 0.065625 0.108333
0 0.504687 0.215278 0.046875 0.111111
0 0.555469 0.587500 0.059375 0.077778
0 0.567187 0.388194 0.062500 0.098611
0 0.572656 0.106250 0.062500 0.090278
0 0.569922 0.223611 0.055469 0.080556
0 0.575000 0.718056 0.062500 0.116667
0 0.641016 0.495139 0.061719 0.112500
0 0.641016 0.346528 0.052344 0.112500
1 0.486719 0.563889 0.059375 0.080556
2 0.328125 0.365278 0.059375 0.083333
2 0.442969 0.192361 0.067187 0.115278
2 0.494922 0.401389 0.067969 0.108333
2 0.500000 0.088889 0.065625 0.108333
2 0.504687 0.215278 0.046875 0.111111
2 0.567187 0.388194 0.062500 0.098611
2 0.569922 0.223611 0.055469 0.080556
2 0.575000 0.718056 0.062500 0.116667
2 0.641016 0.495139 0.061719 0.112500
3 0.375391 0.581250 0.066406 0.098611
3 0.555469 0.587500 0.059375 0.077778
3 0.572656 0.106250 0.062500 0.090278
3 0.641016 0.346528 0.052344 0.112500
5 0.486719 0.563889 0.059375 0.080556
13 0.486719 0.563889 0.059375 0.080556