0 0.291406 0.648611 0.065625 0.119444
0 0.303906 0.459722 0.060937 0.119444
0 0.364063 0.388889 0.061719 0.116667
0 0.367969 0.663889 0.042188 0.104167
0 0.378906 0.538889 0.055469 0.076389
0 0.439063 0.627778 0.066406 0.111111
0 0.441406 0.373611 0.056250 0.113889
0 0.452344 0.504167 0.057813 0.080556
0 0.496875 0.737500 0.053906 0.115278
0 0.518750 0.327778 0.057813 0.115278
0 0.529687 0.600000 0.064062 0.111111
0 0.539062 0.477778 0.058594 0.083333
0 0.601562 0.412500 0.056250 0.118056
0 0.596875 0.643056 0.041406 0.101389
0 0.667188 0.561111 0.053125 0.112500
1 0.291406 0.648611 0.065625 0.119444
1 0.496875 0.737500 0.053906 0.115278
1 0.596875 0.643056 0.041406 0.101389
1 0.667188 0.561111 0.053125 0.112500
2 0.303906 0.459722 0.060937 0.119444
2 0.364063 0.388889 0.061719 0.116667
2 0.367969 0.663889 0.042188 0.104167
2 0.378906 0.538889 0.055469 0.076389
2 0.439063 0.627778 0.066406 0.111111
2 0.441406 0.373611 0.056250 0.113889
2 0.452344 0.504167 0.057813 0.080556
2 0.518750 0.327778 0.057813 0.115278
2 0.529687 0.600000 0.064062 0.111111
2 0.539062 0.477778 0.058594 0.083333
2 0.601562 0.412500 0.056250 0.118056
5 0.291406 0.648611 0.065625 0.119444
6 0.496875 0.737500 0.053906 0.115278
6 0.596875 0.643056 0.041406 0.101389
6 0.667188 0.561111 0.053125 0.112500
8 0.496875 0.737500 0.053906 0.115278
11 0.291406 0.648611 0.065625 0.119444
11 0.596875 0.643056 0.041406 0.101389
12 0.667188 0.561111 0.053125 0.112500