0 0.101562 0.507639 0.048438 0.106944
0 0.142187 0.365278 0.067187 0.100000
0 0.165234 0.681250 0.061719 0.081944
0 0.166406 0.538889 0.062500 0.086111
0 0.206250 0.375000 0.053125 0.116667
0 0.232031 0.693750 0.051562 0.112500
0 0.234766 0.521528 0.053906 0.112500
0 0.240625 0.115278 0.059375 0.080556
0 0.260156 0.413889 0.065625 0.094444
0 0.287500 0.587500 0.062500 0.086111
0 0.292187 0.720139 0.064062 0.090278
0 0.303125 0.065278 0.057813 0.077778
0 0.302734 0.307639 0.055469 0.070833
0 0.329688 0.443750 0.057813 0.118056
0 0.347266 0.565278 0.058594 0.119444
0 0.366016 0.682639 0.060156 0.120833
0 0.375391 0.157639 0.060156 0.073611
0 0.384375 0.305556 0.062500 0.088889
0 0.387500 0.434722 0.054688 0.119444
0 0.394531 0.794444 0.059375 0.080556
0 0.409766 0.550000 0.057031 0.119444
0 0.419922 0.676389 0.058594 0.119444
0 0.441016 0.415972 0.055469 0.115278
0 0.456250 0.800000 0.051562 0.111111
0 0.465625 0.542361 0.059375 0.120833
0 0.467969 0.676389 0.059375 0.119444
0 0.489063 0.211111 0.065625 0.119444
0 0.500000 0.406944 0.057813 0.119444
0 0.517969 0.669444 0.059375 0.116667
0 0.517578 0.529861 0.057031 0.118056
0 0.534766 0.786111 0.046094 0.105556
0 0.593750 0.776389 0.059375 0.077778
1 0.329688 0.443750 0.057813 0.118056
1 0.347266 0.565278 0.058594 0.119444
1 0.366016 0.682639 0.060156 0.120833
1 0.384375 0.305556 0.062500 0.088889
1 0.387500 0.434722 0.054688 0.119444
1 0.409766 0.550000 0.057031 0.119444
1 0.419922 0.676389 0.058594 0.119444
1 0.441016 0.415972 0.055469 0.115278
1 0.465625 0.542361 0.059375 0.120833
1 0.467969 0.676389 0.059375 0.119444
1 0.500000 0.406944 0.057813 0.119444
1 0.517969 0.669444 0.059375 0.116667
1 0.517578 0.529861 0.057031 0.118056
2 0.142187 0.365278 0.067187 0.100000
2 0.165234 0.681250 0.061719 0.081944
2 0.206250 0.375000 0.053125 0.116667
2 0.232031 0.693750 0.051562 0.112500
2 0.240625 0.115278 0.059375 0.080556
2 0.260156 0.413889 0.065625 0.094444
2 0.292187 0.720139 0.064062 0.090278
2 0.303125 0.065278 0.057813 0.077778
2 0.302734 0.307639 0.055469 0.070833
2 0.375391 0.157639 0.060156 0.073611
2 0.489063 0.211111 0.065625 0.119444
3 0.101562 0.507639 0.048438 0.106944
3 0.166406 0.538889 0.062500 0.086111
3 0.234766 0.521528 0.053906 0.112500
3 0.287500 0.587500 0.062500 0.086111
3 0.394531 0.794444 0.059375 0.080556
3 0.456250 0.800000 0.051562 0.111111
3 0.534766 0.786111 0.046094 0.105556
3 0.593750 0.776389 0.059375 0.077778
6 0.329688 0.443750 0.057813 0.118056
6 0.347266 0.565278 0.058594 0.119444
6 0.366016 0.682639 0.060156 0.120833
6 0.384375 0.305556 0.062500 0.088889
6 0.387500 0.434722 0.054688 0.119444
6 0.409766 0.550000 0.057031 0.119444
6 0.419922 0.676389 0.058594 0.119444
6 0.441016 0.415972 0.055469 0.115278
6 0.465625 0.542361 0.059375 0.120833
6 0.467969 0.676389 0.059375 0.119444
6 0.500000 0.406944 0.057813 0.119444
6 0.517969 0.669444 0.059375 0.116667
6 0.517578 0.529861 0.057031 0.118056
8 0.517969 0.669444 0.059375 0.116667
9 0.467969 0.676389 0.059375 0.119444
10 0.419922 0.676389 0.058594 0.119444
11 0.366016 0.682639 0.060156 0.120833
12 0.517578 0.529861 0.057031 0.118056
13 0.465625 0.542361 0.059375 0.120833
14 0.409766 0.550000 0.057031 0.119444
15 0.347266 0.565278 0.058594 0.119444
16 0.500000 0.406944 0.057813 0.119444
17 0.441016 0.415972 0.055469 0.115278
18 0.387500 0.434722 0.054688 0.119444
19 0.329688 0.443750 0.057813 0.118056
20 0.384375 0.305556 0.062500 0.088889