0 0.334766 0.453472 0.069531 0.115278
0 0.349219 0.690972 0.067187 0.109722
0 0.353125 0.597222 0.065625 0.100000
0 0.402734 0.348611 0.053906 0.113889
0 0.412500 0.504167 0.065625 0.116667
0 0.412500 0.818056 0.065625 0.119444
0 0.448828 0.697917 0.064844 0.115278
0 0.481250 0.357639 0.059375 0.118056
0 0.492969 0.645139 0.059375 0.120833
0 0.500391 0.527778 0.058594 0.116667
0 0.500000 0.840972 0.050000 0.109722
0 0.531250 0.257639 0.065625 0.101389
0 0.543750 0.428472 0.054688 0.073611
0 0.564453 0.640278 0.064844 0.113889
0 0.567578 0.762500 0.049219 0.111111
0 0.609766 0.290278 0.060156 0.119444
0 0.608984 0.498611 0.041406 0.100000
0 0.618750 0.873611 0.045312 0.105556
0 0.646875 0.693056 0.048438 0.111111
0 0.671094 0.383333 0.053125 0.113889
0 0.675781 0.532639 0.040625 0.101389
0 0.690234 0.801389 0.061719 0.094444
0 0.746484 0.673611 0.053906 0.113889
1 0.334766 0.453472 0.069531 0.115278
1 0.349219 0.690972 0.067187 0.109722
1 0.353125 0.597222 0.065625 0.100000
1 0.402734 0.348611 0.053906 0.113889
1 0.412500 0.504167 0.065625 0.116667
1 0.412500 0.818056 0.065625 0.119444
1 0.448828 0.697917 0.064844 0.115278
1 0.481250 0.357639 0.059375 0.118056
1 0.492969 0.645139 0.059375 0.120833
1 0.500391 0.527778 0.058594 0.116667
1 0.500000 0.840972 0.050000 0.109722
1 0.531250 0.257639 0.065625 0.101389
1 0.543750 0.428472 0.054688 0.073611
1 0.564453 0.640278 0.064844 0.113889
1 0.567578 0.762500 0.049219 0.111111
1 0.609766 0.290278 0.060156 0.119444
1 0.608984 0.498611 0.041406 0.100000
1 0.618750 0.873611 0.045312 0.105556
1 0.646875 0.693056 0.048438 0.111111
1 0.671094 0.383333 0.053125 0.113889
1 0.675781 0.532639 0.040625 0.101389
1 0.690234 0.801389 0.061719 0.094444
1 0.746484 0.673611 0.053906 0.113889
4 0.402734 0.348611 0.053906 0.113889
4 0.481250 0.357639 0.059375 0.118056
4 0.564453 0.640278 0.064844 0.113889
4 0.608984 0.498611 0.041406 0.100000
4 0.746484 0.673611 0.053906 0.113889
5 0.492969 0.645139 0.059375 0.120833
5 0.531250 0.257639 0.065625 0.101389
5 0.618750 0.873611 0.045312 0.105556
6 0.334766 0.453472 0.069531 0.115278
6 0.353125 0.597222 0.065625 0.100000
6 0.412500 0.504167 0.065625 0.116667
6 0.500000 0.840972 0.050000 0.109722
6 0.543750 0.428472 0.054688 0.073611
6 0.567578 0.762500 0.049219 0.111111
6 0.609766 0.290278 0.060156 0.119444
6 0.675781 0.532639 0.040625 0.101389
7 0.349219 0.690972 0.067187 0.109722
7 0.412500 0.818056 0.065625 0.119444
7 0.448828 0.697917 0.064844 0.115278
7 0.500391 0.527778 0.058594 0.116667
7 0.646875 0.693056 0.048438 0.111111
7 0.671094 0.383333 0.053125 0.113889
7 0.690234 0.801389 0.061719 0.094444
10 0.492969 0.645139 0.059375 0.120833
11 0.349219 0.690972 0.067187 0.109722
11 0.609766 0.290278 0.060156 0.119444
12 0.543750 0.428472 0.054688 0.073611
13 0.671094 0.383333 0.053125 0.113889
13 0.675781 0.532639 0.040625 0.101389
14 0.481250 0.357639 0.059375 0.118056
14 0.567578 0.762500 0.049219 0.111111
14 0.690234 0.801389 0.061719 0.094444
15 0.334766 0.453472 0.069531 0.115278
15 0.412500 0.818056 0.065625 0.119444
15 0.531250 0.257639 0.065625 0.101389
15 0.746484 0.673611 0.053906 0.113889
16 0.402734 0.348611 0.053906 0.113889
17 0.448828 0.697917 0.064844 0.115278
17 0.500000 0.840972 0.050000 0.109722
17 0.608984 0.498611 0.041406 0.100000
17 0.618750 0.873611 0.045312 0.105556
18 0.500391 0.527778 0.058594 0.116667
19 0.353125 0.597222 0.065625 0.100000
20 0.412500 0.504167 0.065625 0.116667
20 0.564453 0.640278 0.064844 0.113889
20 0.646875 0.693056 0.048438 0.111111