0 0.301824 0.401854 0.052602 0.112958
0 0.337500 0.241201 0.053125 0.112042
0 0.346094 0.533799 0.043234 0.099069
0 0.414586 0.275458 0.056250 0.113889
0 0.415625 0.586111 0.055203 0.114806
0 0.422918 0.459257 0.063539 0.101847
0 0.419008 0.714819 0.045313 0.105556
0 0.469270 0.346757 0.064586 0.117597
0 0.479426 0.143056 0.055727 0.113889
0 0.505469 0.676389 0.061984 0.113889
0 0.503906 0.269444 0.055734 0.114806
0 0.512500 0.538424 0.058328 0.078708
0 0.524219 0.799076 0.057813 0.118514
0 0.536977 0.436111 0.065625 0.103694
0 0.575000 0.185646 0.066672 0.115736
0 0.572133 0.632875 0.057813 0.075000
0 0.596355 0.506479 0.060414 0.120375
0 0.599477 0.350465 0.059375 0.082403
0 0.638281 0.548611 0.045312 0.106472
0 0.658594 0.230097 0.063016 0.119444
0 0.666406 0.723611 0.066141 0.100917
0 0.701043 0.551847 0.067711 0.105556
0 0.723437 0.374542 0.064578 0.091667
1 0.337500 0.241201 0.053125 0.112042
1 0.414586 0.275458 0.056250 0.113889
1 0.415625 0.586111 0.055203 0.114806
1 0.422918 0.459257 0.063539 0.101847
1 0.419008 0.714819 0.045313 0.105556
1 0.469270 0.346757 0.064586 0.117597
1 0.479426 0.143056 0.055727 0.113889
1 0.503906 0.269444 0.055734 0.114806
1 0.512500 0.538424 0.058328 0.078708
1 0.524219 0.799076 0.057813 0.118514
1 0.536977 0.436111 0.065625 0.103694
1 0.572133 0.632875 0.057813 0.075000
1 0.596355 0.506479 0.060414 0.120375
1 0.599477 0.350465 0.059375 0.082403
1 0.658594 0.230097 0.063016 0.119444
1 0.701043 0.551847 0.067711 0.105556
2 0.301824 0.401854 0.052602 0.112958
2 0.638281 0.548611 0.045312 0.106472
3 0.346094 0.533799 0.043234 0.099069
3 0.505469 0.676389 0.061984 0.113889
3 0.575000 0.185646 0.066672 0.115736
3 0.666406 0.723611 0.066141 0.100917
3 0.723437 0.374542 0.064578 0.091667
4 0.422918 0.459257 0.063539 0.101847
4 0.419008 0.714819 0.045313 0.105556
4 0.479426 0.143056 0.055727 0.113889
4 0.503906 0.269444 0.055734 0.114806
4 0.536977 0.436111 0.065625 0.103694
5 0.415625 0.586111 0.055203 0.114806
5 0.512500 0.538424 0.058328 0.078708
5 0.572133 0.632875 0.057813 0.075000
5 0.658594 0.230097 0.063016 0.119444
6 0.337500 0.241201 0.053125 0.112042
6 0.524219 0.799076 0.057813 0.118514
6 0.599477 0.350465 0.059375 0.082403
6 0.701043 0.551847 0.067711 0.105556
7 0.414586 0.275458 0.056250 0.113889
7 0.469270 0.346757 0.064586 0.117597
7 0.596355 0.506479 0.060414 0.120375
8 0.658594 0.230097 0.063016 0.119444
8 0.701043 0.551847 0.067711 0.105556
9 0.337500 0.241201 0.053125 0.112042
9 0.479426 0.143056 0.055727 0.113889
12 0.415625 0.586111 0.055203 0.114806
12 0.469270 0.346757 0.064586 0.117597
12 0.503906 0.269444 0.055734 0.114806
14 0.536977 0.436111 0.065625 0.103694
14 0.572133 0.632875 0.057813 0.075000
15 0.419008 0.714819 0.045313 0.105556
16 0.414586 0.275458 0.056250 0.113889
16 0.422918 0.459257 0.063539 0.101847
18 0.599477 0.350465 0.059375 0.082403
19 0.512500 0.538424 0.058328 0.078708
20 0.524219 0.799076 0.057813 0.118514
20 0.596355 0.505556 0.060414 0.120361