0 0.446875 0.227083 0.064062 0.093056
0 0.444531 0.359028 0.057813 0.084722
0 0.500000 0.120139 0.064062 0.093056
0 0.519531 0.397222 0.057813 0.086111
0 0.532813 0.527778 0.043750 0.108333
0 0.587500 0.456250 0.050000 0.109722
0 0.596875 0.099306 0.064062 0.090278
0 0.623437 0.577778 0.042188 0.102778
0 0.637109 0.351389 0.063281 0.094444
0 0.645312 0.202083 0.054688 0.118056
0 0.682422 0.438889 0.042969 0.102778
0 0.720313 0.321528 0.062500 0.118056
1 0.637109 0.351389 0.063281 0.094444
2 0.444531 0.359028 0.057813 0.084722
2 0.500000 0.120139 0.064062 0.093056
2 0.519531 0.397222 0.057813 0.086111
2 0.532813 0.527778 0.043750 0.108333
2 0.587500 0.456250 0.050000 0.109722
2 0.596875 0.099306 0.064062 0.090278
2 0.623437 0.577778 0.042188 0.102778
2 0.645312 0.202083 0.054688 0.118056
2 0.720313 0.321528 0.062500 0.118056
3 0.446875 0.227083 0.064062 0.093056
3 0.682422 0.438889 0.042969 0.102778
4 0.637109 0.351389 0.063281 0.094444
19 0.637109 0.351389 0.063281 0.094444