0 0.257422 0.404861 0.063281 0.104167
0 0.318359 0.229167 0.058594 0.116667
0 0.324219 0.375000 0.064062 0.105556
0 0.329297 0.100694 0.057031 0.079167
0 0.338672 0.513889 0.063281 0.119444
0 0.390234 0.223611 0.064844 0.105556
0 0.387891 0.087500 0.055469 0.075000
0 0.387891 0.395833 0.052344 0.113889
0 0.457031 0.085417 0.056250 0.076389
0 0.496094 0.241667 0.062500 0.094444
0 0.512500 0.711111 0.062500 0.119444
0 0.519531 0.085417 0.056250 0.076389
0 0.528125 0.832639 0.065625 0.104167
0 0.582422 0.637500 0.066406 0.102778
0 0.591797 0.331250 0.067969 0.120833
0 0.615234 0.792361 0.055469 0.118056
0 0.617969 0.483333 0.050000 0.111111
0 0.673438 0.693056 0.051562 0.111111
0 0.687891 0.825000 0.066406 0.116667
0 0.696875 0.383333 0.059375 0.077778
0 0.722266 0.595833 0.064844 0.097222
0 0.759375 0.478472 0.059375 0.076389
0 0.779687 0.712500 0.065625 0.097222
1 0.329297 0.100694 0.057031 0.079167
1 0.387891 0.087500 0.055469 0.075000
1 0.457031 0.085417 0.056250 0.076389
1 0.519531 0.085417 0.056250 0.076389
2 0.390234 0.223611 0.064844 0.105556
2 0.387891 0.395833 0.052344 0.113889
2 0.496094 0.241667 0.062500 0.094444
2 0.591797 0.331250 0.067969 0.120833
2 0.617969 0.483333 0.050000 0.111111
2 0.673438 0.693056 0.051562 0.111111
2 0.687891 0.825000 0.066406 0.116667
2 0.696875 0.383333 0.059375 0.077778
2 0.722266 0.595833 0.064844 0.097222
2 0.759375 0.478472 0.059375 0.076389
2 0.779687 0.712500 0.065625 0.097222
3 0.257422 0.404861 0.063281 0.104167
3 0.318359 0.229167 0.058594 0.116667
3 0.324219 0.375000 0.064062 0.105556
3 0.338672 0.513889 0.063281 0.119444
3 0.512500 0.711111 0.062500 0.119444
3 0.528125 0.832639 0.065625 0.104167
3 0.582422 0.637500 0.066406 0.102778
3 0.615234 0.792361 0.055469 0.118056
5 0.329297 0.100694 0.057031 0.079167
6 0.457031 0.085417 0.056250 0.076389
6 0.519531 0.085417 0.056250 0.076389
7 0.387891 0.087500 0.055469 0.075000
13 0.329297 0.100694 0.057031 0.079167
13 0.518750 0.084028 0.056250 0.076389
15 0.387891 0.087500 0.055469 0.075000
15 0.457031 0.085417 0.056250 0.076389