0 0.345574 0.301847 0.063023 0.116667
0 0.345832 0.535188 0.042711 0.101847
0 0.368227 0.173611 0.062500 0.115750
0 0.406250 0.318521 0.048953 0.109264
0 0.415625 0.586576 0.055203 0.115736
0 0.422918 0.458333 0.064586 0.101861
0 0.419270 0.714819 0.044789 0.105556
0 0.446355 0.141201 0.063539 0.117597
0 0.469270 0.346299 0.064586 0.114819
0 0.498437 0.469910 0.060422 0.115736
0 0.503906 0.269903 0.055734 0.113889
0 0.503125 0.681014 0.041672 0.102778
0 0.524477 0.799076 0.059375 0.118514
0 0.565367 0.488889 0.067187 0.109250
0 0.576824 0.344910 0.061977 0.089819
0 0.578125 0.144444 0.056250 0.074083
0 0.604426 0.658333 0.046352 0.105556
0 0.638543 0.549069 0.045836 0.105556
0 0.658332 0.231014 0.063539 0.119444
0 0.652605 0.778708 0.051039 0.111111
0 0.700781 0.551854 0.068234 0.103708
1 0.345574 0.301847 0.063023 0.116667
1 0.406250 0.318521 0.048953 0.109264
1 0.415625 0.586576 0.055203 0.115736
1 0.422918 0.458333 0.064586 0.101861
1 0.419270 0.714819 0.044789 0.105556
1 0.446355 0.141201 0.063539 0.117597
1 0.469270 0.346299 0.064586 0.114819
1 0.498437 0.469910 0.060422 0.115736
1 0.503906 0.269903 0.055734 0.113889
1 0.503125 0.681014 0.041672 0.102778
1 0.524477 0.799076 0.059375 0.118514
1 0.565367 0.488889 0.067187 0.109250
1 0.576824 0.344910 0.061977 0.089819
1 0.578125 0.144444 0.056250 0.074083
1 0.604426 0.658333 0.046352 0.105556
1 0.658332 0.231014 0.063539 0.119444
1 0.652605 0.778708 0.051039 0.111111
1 0.700781 0.551854 0.068234 0.103708
2 0.368227 0.173611 0.062500 0.115750
2 0.638543 0.549069 0.045836 0.105556
3 0.345832 0.535188 0.042711 0.101847
4 0.422918 0.458333 0.064586 0.101861
4 0.419270 0.714819 0.044789 0.105556
4 0.503906 0.269903 0.055734 0.113889
4 0.576824 0.344910 0.061977 0.089819
4 0.604426 0.658333 0.046352 0.105556
5 0.415625 0.586576 0.055203 0.115736
5 0.498437 0.469910 0.060422 0.115736
5 0.658332 0.231014 0.063539 0.119444
6 0.406250 0.318521 0.048953 0.109264
6 0.446355 0.141201 0.063539 0.117597
6 0.503125 0.681014 0.041672 0.102778
6 0.524477 0.799076 0.059375 0.118514
6 0.565367 0.488889 0.067187 0.109250
6 0.578125 0.144444 0.056250 0.074083
6 0.652605 0.778708 0.051039 0.111111
6 0.700781 0.551854 0.068234 0.103708
7 0.345574 0.301847 0.063023 0.116667
7 0.469270 0.346299 0.064586 0.114819
8 0.658332 0.231014 0.063539 0.119444
8 0.700781 0.551854 0.068234 0.103708
9 0.406250 0.318521 0.048953 0.109264
9 0.604426 0.658333 0.046352 0.105556
10 0.652605 0.778708 0.051039 0.111111
11 0.503125 0.681014 0.041672 0.102778
12 0.415625 0.586576 0.055203 0.115736
12 0.469270 0.346299 0.064586 0.114819
12 0.503906 0.269903 0.055734 0.113889
13 0.565367 0.488889 0.067187 0.109250
14 0.576824 0.344910 0.061977 0.089819
15 0.419270 0.714819 0.044789 0.105556
15 0.446355 0.141201 0.063539 0.117597
16 0.345574 0.301847 0.063023 0.116667
16 0.422918 0.458333 0.064586 0.101861
18 0.578125 0.144444 0.056250 0.074083
19 0.498437 0.469910 0.060422 0.115736
20 0.524477 0.799076 0.059375 0.118514