0 0.085156 0.525000 0.050000 0.108333
0 0.126172 0.381944 0.067969 0.102778
0 0.148438 0.700000 0.060937 0.083333
0 0.150000 0.556250 0.062500 0.087500
0 0.192188 0.391667 0.054688 0.116667
0 0.215625 0.713889 0.053125 0.113889
0 0.219922 0.540972 0.053906 0.115278
0 0.228125 0.133333 0.059375 0.080556
0 0.246484 0.432639 0.066406 0.095833
0 0.272266 0.606250 0.063281 0.087500
0 0.276562 0.742361 0.064062 0.093056
0 0.287500 0.325000 0.056250 0.077778
0 0.291016 0.082639 0.057031 0.079167
0 0.315625 0.462500 0.059375 0.119444
0 0.333984 0.584028 0.058594 0.118056
0 0.350391 0.704861 0.060156 0.120833
0 0.362891 0.179167 0.057031 0.075000
0 0.371875 0.325000 0.062500 0.088889
0 0.374219 0.455556 0.054688 0.116667
0 0.378906 0.815278 0.059375 0.083333
0 0.396875 0.570833 0.056250 0.119444
0 0.405859 0.698611 0.057031 0.119444
0 0.428906 0.436111 0.054688 0.116667
0 0.441016 0.821528 0.050781 0.112500
0 0.451172 0.563889 0.058594 0.119444
0 0.453125 0.696528 0.059375 0.120833
0 0.480859 0.250000 0.066406 0.119444
0 0.486328 0.429167 0.057031 0.119444
0 0.503125 0.690278 0.059375 0.119444
0 0.503516 0.551389 0.057031 0.116667
0 0.521484 0.807639 0.046094 0.106944
0 0.580078 0.801389 0.060156 0.080556
1 0.315625 0.462500 0.059375 0.119444
1 0.333984 0.584028 0.058594 0.118056
1 0.350391 0.704861 0.060156 0.120833
1 0.371875 0.325000 0.062500 0.088889
1 0.374219 0.455556 0.054688 0.116667
1 0.396875 0.570833 0.056250 0.119444
1 0.405859 0.698611 0.057031 0.119444
1 0.428906 0.436111 0.054688 0.116667
1 0.451172 0.563889 0.058594 0.119444
1 0.453125 0.696528 0.059375 0.120833
1 0.486328 0.429167 0.057031 0.119444
1 0.503125 0.690278 0.059375 0.119444
1 0.503516 0.551389 0.057031 0.116667
2 0.126172 0.381944 0.067969 0.102778
2 0.148438 0.700000 0.060937 0.083333
2 0.192188 0.391667 0.054688 0.116667
2 0.215625 0.713889 0.053125 0.113889
2 0.228125 0.133333 0.059375 0.080556
2 0.246484 0.432639 0.066406 0.095833
2 0.276562 0.742361 0.064062 0.093056
2 0.287500 0.325000 0.056250 0.077778
2 0.291016 0.082639 0.057031 0.079167
2 0.362891 0.179167 0.057031 0.075000
2 0.480859 0.250000 0.066406 0.119444
3 0.085156 0.525000 0.050000 0.108333
3 0.150000 0.556250 0.062500 0.087500
3 0.219922 0.540972 0.053906 0.115278
3 0.272266 0.606250 0.063281 0.087500
3 0.378906 0.815278 0.059375 0.083333
3 0.441016 0.821528 0.050781 0.112500
3 0.521484 0.807639 0.046094 0.106944
3 0.580078 0.801389 0.060156 0.080556
6 0.315625 0.462500 0.059375 0.119444
6 0.333984 0.584028 0.058594 0.118056
6 0.350391 0.704861 0.060156 0.120833
6 0.371875 0.325000 0.062500 0.088889
6 0.374219 0.455556 0.054688 0.116667
6 0.396875 0.570833 0.056250 0.119444
6 0.405859 0.698611 0.057031 0.119444
6 0.428906 0.436111 0.054688 0.116667
6 0.451172 0.563889 0.058594 0.119444
6 0.453125 0.696528 0.059375 0.120833
6 0.486328 0.429167 0.057031 0.119444
6 0.503125 0.690278 0.059375 0.119444
6 0.503516 0.551389 0.057031 0.116667
8 0.503125 0.690278 0.059375 0.119444
9 0.453125 0.696528 0.059375 0.120833
10 0.405859 0.698611 0.057031 0.119444
11 0.350391 0.704861 0.060156 0.120833
12 0.503516 0.551389 0.057031 0.116667
13 0.451172 0.563889 0.058594 0.119444
14 0.396875 0.570833 0.056250 0.119444
15 0.333984 0.584028 0.058594 0.118056
16 0.486328 0.429167 0.057031 0.119444
17 0.428906 0.436111 0.054688 0.116667
18 0.374219 0.455556 0.054688 0.116667
19 0.315625 0.462500 0.059375 0.119444
20 0.371875 0.325000 0.062500 0.088889