0 0.225391 0.742361 0.069531 0.123611
0 0.229297 0.602778 0.069531 0.108333
0 0.264062 0.502778 0.067187 0.122222
0 0.289844 0.793750 0.051562 0.112500
0 0.333984 0.488889 0.058594 0.119444
0 0.350000 0.782639 0.062500 0.123611
0 0.385937 0.577778 0.065625 0.102778
0 0.384766 0.690972 0.063281 0.090278
0 0.403906 0.181944 0.043750 0.105556
0 0.445312 0.488889 0.043750 0.105556
0 0.459766 0.194444 0.046094 0.108333
0 0.481641 0.646528 0.064844 0.101389
0 0.491016 0.768056 0.060156 0.091667
0 0.509766 0.568750 0.064844 0.106944
0 0.509375 0.201389 0.046875 0.111111
0 0.528125 0.839583 0.065625 0.123611
0 0.547266 0.501389 0.064844 0.111111
0 0.560156 0.207639 0.045312 0.106944
0 0.609375 0.881250 0.059375 0.120833
0 0.627344 0.513889 0.051562 0.113889
0 0.665625 0.790972 0.067187 0.120833
0 0.687500 0.571528 0.068750 0.115278
0 0.690625 0.701389 0.065625 0.105556
1 0.403906 0.181944 0.043750 0.105556
1 0.459766 0.194444 0.046094 0.108333
1 0.509375 0.201389 0.046875 0.111111
1 0.560156 0.207639 0.045312 0.106944
2 0.445312 0.488889 0.043750 0.105556
2 0.481641 0.646528 0.064844 0.101389
2 0.491016 0.768056 0.060156 0.091667
2 0.509766 0.568750 0.064844 0.106944
2 0.528125 0.839583 0.065625 0.123611
2 0.547266 0.501389 0.064844 0.111111
2 0.609375 0.881250 0.059375 0.120833
2 0.627344 0.513889 0.051562 0.113889
2 0.665625 0.790972 0.067187 0.120833
2 0.687500 0.571528 0.068750 0.115278
2 0.690625 0.701389 0.065625 0.105556
3 0.225391 0.742361 0.069531 0.123611
3 0.229297 0.602778 0.069531 0.108333
3 0.264062 0.502778 0.067187 0.122222
3 0.289844 0.793750 0.051562 0.112500
3 0.333984 0.488889 0.058594 0.119444
3 0.350000 0.782639 0.062500 0.123611
3 0.385937 0.577778 0.065625 0.102778
3 0.384766 0.690972 0.063281 0.090278
4 0.403906 0.181944 0.043750 0.105556
5 0.459766 0.194444 0.046094 0.108333
6 0.509375 0.201389 0.046875 0.111111
7 0.560156 0.207639 0.045312 0.106944
18 0.403906 0.181944 0.043750 0.105556
18 0.459766 0.194444 0.046094 0.108333
18 0.509375 0.201389 0.046875 0.111111
18 0.560156 0.207639 0.045312 0.106944