0 0.373437 0.659028 0.059375 0.115278
0 0.421484 0.484028 0.042969 0.101389
0 0.449609 0.698611 0.064844 0.119444
0 0.501953 0.529861 0.060156 0.118056
0 0.521094 0.268056 0.064062 0.116667
0 0.522266 0.818056 0.050781 0.111111
0 0.564844 0.641667 0.064062 0.113889
0 0.610938 0.292361 0.060937 0.118056
0 0.616406 0.500000 0.048438 0.108333
0 0.619531 0.875000 0.045312 0.105556
0 0.646875 0.694444 0.050000 0.111111
0 0.693359 0.565972 0.063281 0.115278
1 0.449609 0.698611 0.064844 0.119444
1 0.501953 0.529861 0.060156 0.118056
1 0.564844 0.641667 0.064062 0.113889
1 0.610938 0.292361 0.060937 0.118056
1 0.619531 0.875000 0.045312 0.105556
1 0.646875 0.694444 0.050000 0.111111
3 0.373437 0.659028 0.059375 0.115278
3 0.421484 0.484028 0.042969 0.101389
3 0.521094 0.268056 0.064062 0.116667
3 0.522266 0.818056 0.050781 0.111111
3 0.616406 0.500000 0.048438 0.108333
3 0.693359 0.565972 0.063281 0.115278
4 0.564844 0.641667 0.064062 0.113889
5 0.619531 0.875000 0.045312 0.105556
6 0.610938 0.292361 0.060937 0.118056
7 0.449609 0.698611 0.064844 0.119444
7 0.501953 0.529861 0.060156 0.118056
7 0.646875 0.694444 0.050000 0.111111
11 0.610938 0.292361 0.060937 0.118056
17 0.449609 0.698611 0.064844 0.119444
17 0.619531 0.875000 0.045312 0.105556
18 0.501953 0.529861 0.060156 0.118056
20 0.564844 0.641667 0.064062 0.113889
20 0.646875 0.694444 0.050000 0.111111