0 0.227344 0.625000 0.060937 0.080556
0 0.228906 0.761111 0.064062 0.094444
0 0.252734 0.879861 0.071094 0.118056
0 0.289844 0.511111 0.060937 0.083333
0 0.312500 0.659722 0.070312 0.113889
0 0.325391 0.847222 0.067969 0.125000
0 0.368750 0.508333 0.043750 0.102778
0 0.385156 0.626389 0.057813 0.080556
0 0.386719 0.744444 0.059375 0.080556
0 0.381250 0.286111 0.043750 0.105556
0 0.452344 0.562500 0.050000 0.105556
0 0.459375 0.906250 0.050000 0.112500
0 0.492578 0.718750 0.050781 0.112500
0 0.504297 0.323611 0.050781 0.113889
0 0.518750 0.568750 0.043750 0.101389
0 0.562500 0.463889 0.065625 0.116667
0 0.567187 0.331944 0.057813 0.116667
0 0.560156 0.718750 0.040625 0.098611
0 0.566016 0.863889 0.047656 0.108333
0 0.603516 0.616667 0.041406 0.097222
0 0.624609 0.391667 0.053906 0.116667
0 0.662109 0.718056 0.057031 0.119444
1 0.381250 0.286111 0.043750 0.105556
1 0.504297 0.323611 0.050781 0.113889
1 0.567187 0.331944 0.057813 0.116667
1 0.624609 0.391667 0.053906 0.116667
2 0.368750 0.508333 0.043750 0.102778
2 0.385156 0.626389 0.057813 0.080556
2 0.452344 0.562500 0.050000 0.105556
2 0.459375 0.906250 0.050000 0.112500
2 0.492578 0.718750 0.050781 0.112500
2 0.518750 0.568750 0.043750 0.101389
2 0.562500 0.463889 0.065625 0.116667
2 0.560156 0.718750 0.040625 0.098611
2 0.566016 0.863889 0.047656 0.108333
2 0.603516 0.616667 0.041406 0.097222
2 0.662109 0.718056 0.057031 0.119444
3 0.227344 0.625000 0.060937 0.080556
3 0.228906 0.761111 0.064062 0.094444
3 0.252734 0.879861 0.071094 0.118056
3 0.289844 0.511111 0.060937 0.083333
3 0.312500 0.659722 0.070312 0.113889
3 0.325391 0.847222 0.067969 0.125000
3 0.386719 0.744444 0.059375 0.080556
5 0.381250 0.286111 0.043750 0.105556
5 0.624609 0.391667 0.053906 0.116667
6 0.504297 0.323611 0.050781 0.113889
6 0.567187 0.331944 0.057813 0.116667
11 0.381250 0.286111 0.043750 0.105556
16 0.504297 0.323611 0.050781 0.113889
17 0.567187 0.331944 0.057813 0.116667
18 0.624609 0.391667 0.053906 0.116667