0 0.301039 0.401847 0.053125 0.111111
0 0.348176 0.173146 0.056773 0.114819
0 0.342707 0.295833 0.042711 0.100917
0 0.345570 0.534722 0.042188 0.100917
0 0.415625 0.586111 0.055203 0.114806
0 0.422133 0.457868 0.064063 0.100931
0 0.419008 0.714819 0.045313 0.105556
0 0.446094 0.140278 0.061984 0.117583
0 0.468750 0.345833 0.064578 0.115750
0 0.498437 0.470368 0.061453 0.118514
0 0.503645 0.269910 0.055211 0.115736
0 0.525000 0.799535 0.060422 0.117597
0 0.569008 0.481486 0.057813 0.077778
0 0.576301 0.338424 0.058852 0.082403
0 0.603906 0.658333 0.046359 0.107417
0 0.637758 0.548611 0.045312 0.104639
0 0.649480 0.399069 0.060414 0.116667
0 0.658594 0.231014 0.063016 0.119444
0 0.652086 0.779167 0.050000 0.110194
0 0.700000 0.551854 0.067703 0.103708
0 0.722656 0.375000 0.064062 0.092583
1 0.348176 0.173146 0.056773 0.114819
1 0.342707 0.295833 0.042711 0.100917
1 0.415625 0.586111 0.055203 0.114806
1 0.422133 0.457868 0.064063 0.100931
1 0.419008 0.714819 0.045313 0.105556
1 0.446094 0.140278 0.061984 0.117583
1 0.468750 0.345833 0.064578 0.115750
1 0.498437 0.470368 0.061453 0.118514
1 0.503645 0.269910 0.055211 0.115736
1 0.525000 0.799535 0.060422 0.117597
1 0.603906 0.658333 0.046359 0.107417
1 0.658594 0.231014 0.063016 0.119444
1 0.652086 0.779167 0.050000 0.110194
1 0.700000 0.551854 0.067703 0.103708
2 0.301039 0.401847 0.053125 0.111111
2 0.637758 0.548611 0.045312 0.104639
3 0.345570 0.534722 0.042188 0.100917
3 0.569008 0.481486 0.057813 0.077778
3 0.576301 0.338424 0.058852 0.082403
3 0.649480 0.399069 0.060414 0.116667
3 0.722656 0.375000 0.064062 0.092583
4 0.422133 0.457868 0.064063 0.100931
4 0.419008 0.714819 0.045313 0.105556
4 0.503645 0.269910 0.055211 0.115736
4 0.603906 0.658333 0.046359 0.107417
5 0.415625 0.586111 0.055203 0.114806
5 0.498437 0.470368 0.061453 0.118514
5 0.658594 0.231014 0.063016 0.119444
6 0.342707 0.295833 0.042711 0.100917
6 0.446094 0.140278 0.061984 0.117583
6 0.525000 0.799535 0.060422 0.117597
6 0.652086 0.779167 0.050000 0.110194
6 0.700000 0.551854 0.067703 0.103708
7 0.348176 0.173146 0.056773 0.114819
7 0.468750 0.345833 0.064578 0.115750
8 0.658594 0.231014 0.063016 0.119444
8 0.700000 0.551854 0.067703 0.103708
9 0.342707 0.295833 0.042711 0.100917
9 0.603906 0.658333 0.046359 0.107417
10 0.652086 0.779167 0.050000 0.110194
12 0.415625 0.586111 0.055203 0.114806
12 0.468750 0.345833 0.064578 0.115750
12 0.503645 0.269910 0.055211 0.115736
15 0.419008 0.714819 0.045313 0.105556
15 0.446094 0.140278 0.061984 0.117583
16 0.348176 0.173146 0.056773 0.114819
16 0.422133 0.457868 0.064063 0.100931
19 0.498437 0.470368 0.061453 0.118514
20 0.525000 0.799535 0.060422 0.117597