0 0.284766 0.742361 0.061719 0.087500
0 0.283984 0.606250 0.058594 0.076389
0 0.332031 0.829167 0.057813 0.077778
0 0.343750 0.495139 0.059375 0.081944
0 0.362500 0.616667 0.059375 0.080556
0 0.363281 0.725000 0.057813 0.077778
0 0.401172 0.829167 0.057031 0.077778
0 0.417969 0.493750 0.045312 0.104167
0 0.436719 0.726389 0.057813 0.080556
0 0.437500 0.612500 0.057813 0.077778
0 0.434766 0.267361 0.044531 0.104167
0 0.471875 0.407639 0.040625 0.098611
0 0.517188 0.550000 0.045312 0.105556
0 0.527734 0.418056 0.046094 0.102778
0 0.557031 0.818750 0.056250 0.118056
0 0.568750 0.287500 0.059375 0.122222
0 0.581250 0.432639 0.051562 0.109722
0 0.588281 0.586111 0.048438 0.105556
0 0.599609 0.706944 0.044531 0.105556
0 0.622266 0.322222 0.060156 0.122222
0 0.640625 0.538889 0.048438 0.105556
0 0.687891 0.388889 0.060156 0.119444
0 0.709375 0.682639 0.056250 0.118056
1 0.434766 0.267361 0.044531 0.104167
1 0.568750 0.287500 0.059375 0.122222
1 0.622266 0.322222 0.060156 0.122222
1 0.687891 0.388889 0.060156 0.119444
2 0.417969 0.493750 0.045312 0.104167
2 0.437500 0.612500 0.057813 0.077778
2 0.471875 0.407639 0.040625 0.098611
2 0.517188 0.550000 0.045312 0.105556
2 0.527734 0.418056 0.046094 0.102778
2 0.557031 0.818750 0.056250 0.118056
2 0.581250 0.432639 0.051562 0.109722
2 0.588281 0.586111 0.048438 0.105556
2 0.599609 0.706944 0.044531 0.105556
2 0.640625 0.538889 0.048438 0.105556
2 0.709375 0.682639 0.056250 0.118056
3 0.284766 0.742361 0.061719 0.087500
3 0.283984 0.606250 0.058594 0.076389
3 0.332031 0.829167 0.057813 0.077778
3 0.343750 0.495139 0.059375 0.081944
3 0.362500 0.616667 0.059375 0.080556
3 0.363281 0.725000 0.057813 0.077778
3 0.401172 0.829167 0.057031 0.077778
3 0.436719 0.726389 0.057813 0.080556
5 0.687891 0.388889 0.060156 0.119444
6 0.434766 0.267361 0.044531 0.104167
7 0.568750 0.287500 0.059375 0.122222
7 0.622266 0.322222 0.060156 0.122222
10 0.622266 0.322222 0.060156 0.122222
10 0.687891 0.388889 0.060156 0.119444
11 0.434766 0.267361 0.044531 0.104167
11 0.568750 0.287500 0.059375 0.122222