0 0.176953 0.413889 0.071094 0.111111
0 0.196875 0.656944 0.048438 0.108333
0 0.205859 0.786111 0.042969 0.105556
0 0.243750 0.481250 0.068750 0.120833
0 0.256641 0.606944 0.060156 0.077778
0 0.265625 0.308333 0.057813 0.077778
0 0.289844 0.758333 0.048438 0.108333
0 0.301563 0.450000 0.057813 0.119444
0 0.324219 0.635417 0.067187 0.115278
0 0.361719 0.297222 0.059375 0.080556
0 0.352734 0.527778 0.041406 0.100000
0 0.365625 0.777083 0.056250 0.115278
0 0.386328 0.674306 0.060156 0.081944
0 0.386719 0.395833 0.050000 0.111111
0 0.401562 0.556250 0.043750 0.104167
0 0.424609 0.250000 0.053906 0.116667
0 0.433594 0.796528 0.045312 0.104167
0 0.449609 0.473611 0.041406 0.102778
0 0.453906 0.652083 0.040625 0.098611
0 0.481641 0.350000 0.064844 0.119444
0 0.497266 0.481250 0.044531 0.104167
0 0.503906 0.663889 0.045312 0.108333
0 0.528906 0.798611 0.045312 0.105556
0 0.537109 0.550000 0.049219 0.108333
0 0.551172 0.334722 0.061719 0.119444
0 0.565625 0.661111 0.065625 0.116667
0 0.590625 0.492361 0.046875 0.106944
0 0.613672 0.729861 0.047656 0.104167
0 0.618750 0.858333 0.050000 0.108333
0 0.631250 0.338889 0.045312 0.105556
0 0.640625 0.637500 0.059375 0.094444
1 0.176953 0.413889 0.071094 0.111111
1 0.196875 0.656944 0.048438 0.108333
1 0.205859 0.786111 0.042969 0.105556
1 0.243750 0.481250 0.068750 0.120833
1 0.256641 0.606944 0.060156 0.077778
1 0.265625 0.308333 0.057813 0.077778
1 0.289844 0.758333 0.048438 0.108333
1 0.301563 0.450000 0.057813 0.119444
1 0.324219 0.635417 0.067187 0.115278
1 0.361719 0.297222 0.059375 0.080556
1 0.352734 0.527778 0.041406 0.100000
1 0.365625 0.777083 0.056250 0.115278
1 0.386328 0.674306 0.060156 0.081944
1 0.386719 0.395833 0.050000 0.111111
1 0.401562 0.556250 0.043750 0.104167
1 0.424609 0.250000 0.053906 0.116667
1 0.433594 0.796528 0.045312 0.104167
1 0.449609 0.473611 0.041406 0.102778
1 0.453906 0.652083 0.040625 0.098611
1 0.481641 0.350000 0.064844 0.119444
1 0.497266 0.481250 0.044531 0.104167
1 0.503906 0.663889 0.045312 0.108333
1 0.528906 0.798611 0.045312 0.105556
1 0.537109 0.550000 0.049219 0.108333
1 0.551172 0.334722 0.061719 0.119444
1 0.565625 0.661111 0.065625 0.116667
1 0.590625 0.492361 0.046875 0.106944
1 0.613672 0.729861 0.047656 0.104167
1 0.618750 0.858333 0.050000 0.108333
1 0.631250 0.338889 0.045312 0.105556
2 0.640625 0.637500 0.059375 0.094444
4 0.196875 0.656944 0.048438 0.108333
4 0.243750 0.481250 0.068750 0.120833
4 0.352734 0.527778 0.041406 0.100000
4 0.449609 0.473611 0.041406 0.102778
4 0.503906 0.663889 0.045312 0.108333
4 0.528906 0.798611 0.045312 0.105556
4 0.537109 0.550000 0.049219 0.108333
4 0.551172 0.334722 0.061719 0.119444
5 0.256641 0.606944 0.060156 0.077778
5 0.301563 0.450000 0.057813 0.119444
5 0.386328 0.674306 0.060156 0.081944
5 0.386719 0.395833 0.050000 0.111111
5 0.433594 0.796528 0.045312 0.104167
5 0.453906 0.652083 0.040625 0.098611
5 0.481641 0.350000 0.064844 0.119444
5 0.497266 0.481250 0.044531 0.104167
5 0.618750 0.858333 0.050000 0.108333
6 0.265625 0.308333 0.057813 0.077778
6 0.324219 0.635417 0.067187 0.115278
6 0.361719 0.297222 0.059375 0.080556
6 0.565625 0.661111 0.065625 0.116667
6 0.631250 0.338889 0.045312 0.105556
7 0.176953 0.413889 0.071094 0.111111
7 0.205859 0.786111 0.042969 0.105556
7 0.289844 0.758333 0.048438 0.108333
7 0.365625 0.777083 0.056250 0.115278
7 0.401562 0.556250 0.043750 0.104167
7 0.424609 0.250000 0.053906 0.116667
7 0.590625 0.492361 0.046875 0.106944
7 0.613672 0.729861 0.047656 0.104167
8 0.352734 0.527778 0.041406 0.100000
8 0.590625 0.492361 0.046875 0.106944
9 0.424609 0.250000 0.053906 0.116667
9 0.618750 0.858333 0.050000 0.108333
10 0.176953 0.413889 0.071094 0.111111
10 0.433594 0.796528 0.045312 0.104167
10 0.537109 0.550000 0.049219 0.108333
11 0.453906 0.652083 0.040625 0.098611
11 0.503906 0.663889 0.045312 0.108333
11 0.613672 0.729861 0.047656 0.104167
12 0.565625 0.661111 0.065625 0.116667
13 0.256641 0.606944 0.060156 0.077778
13 0.365625 0.777083 0.056250 0.115278
13 0.449609 0.473611 0.041406 0.102778
14 0.324219 0.635417 0.067187 0.115278
14 0.401562 0.556250 0.043750 0.104167
15 0.289844 0.758333 0.048438 0.108333
15 0.386719 0.395833 0.050000 0.111111
16 0.265625 0.308333 0.057813 0.077778
16 0.386328 0.674306 0.060156 0.081944
17 0.243750 0.481250 0.068750 0.120833
17 0.497266 0.481250 0.044531 0.104167
17 0.631250 0.338889 0.045312 0.105556
18 0.196875 0.656944 0.048438 0.108333
18 0.205859 0.786111 0.042969 0.105556
18 0.301563 0.450000 0.057813 0.119444
19 0.361719 0.297222 0.059375 0.080556
19 0.528906 0.798611 0.045312 0.105556
20 0.481641 0.350000 0.064844 0.119444
20 0.551172 0.334722 0.061719 0.119444