0 0.078906 0.597222 0.049219 0.108333
0 0.121875 0.451389 0.068750 0.101389
0 0.142187 0.772222 0.061719 0.083333
0 0.144531 0.623611 0.063281 0.084722
0 0.186719 0.461111 0.054688 0.116667
0 0.210938 0.784722 0.052344 0.113889
0 0.215625 0.608333 0.054688 0.113889
0 0.241406 0.500000 0.065625 0.095833
0 0.268750 0.673611 0.063281 0.087500
0 0.271875 0.809722 0.064844 0.093056
0 0.376563 0.880556 0.059375 0.080556
0 0.432031 0.722222 0.063281 0.118056
0 0.437500 0.572222 0.053125 0.109722
0 0.439063 0.887500 0.053125 0.113889
0 0.515625 0.754167 0.064844 0.100000
0 0.514844 0.518056 0.057813 0.083333
0 0.519531 0.869444 0.047656 0.109722
0 0.567969 0.634722 0.045312 0.102778
0 0.578125 0.858333 0.059375 0.081944
2 0.121875 0.451389 0.068750 0.101389
2 0.142187 0.772222 0.061719 0.083333
2 0.186719 0.461111 0.054688 0.116667
2 0.210938 0.784722 0.052344 0.113889
2 0.241406 0.500000 0.065625 0.095833
2 0.271875 0.809722 0.064844 0.093056
2 0.432031 0.722222 0.063281 0.118056
2 0.437500 0.572222 0.053125 0.109722
2 0.515625 0.754167 0.064844 0.100000
2 0.514844 0.518056 0.057813 0.083333
2 0.567969 0.634722 0.045312 0.102778
3 0.078906 0.597222 0.049219 0.108333
3 0.144531 0.623611 0.063281 0.084722
3 0.215625 0.608333 0.054688 0.113889
3 0.268750 0.673611 0.063281 0.087500
3 0.376563 0.880556 0.059375 0.080556
3 0.439063 0.887500 0.053125 0.113889
3 0.519531 0.869444 0.047656 0.109722
3 0.578125 0.858333 0.059375 0.081944