0 0.305730 0.162035 0.057289 0.114819
0 0.335418 0.605556 0.044789 0.105556
0 0.345832 0.300931 0.061461 0.116667
0 0.344531 0.463424 0.041141 0.099069
0 0.415625 0.458333 0.063547 0.114806
0 0.412500 0.618979 0.046875 0.104625
0 0.468492 0.314813 0.060937 0.087042
0 0.491406 0.115736 0.065109 0.105556
0 0.499480 0.468979 0.060414 0.117597
0 0.505207 0.613424 0.039586 0.099069
0 0.525262 0.798611 0.058852 0.117583
0 0.535937 0.243521 0.063547 0.096292
0 0.584375 0.453243 0.066672 0.110181
0 0.588801 0.327313 0.055727 0.073153
0 0.593230 0.133799 0.058336 0.076847
0 0.604949 0.657868 0.047398 0.104625
0 0.653906 0.778708 0.051562 0.111111
0 0.663281 0.387035 0.067187 0.118514
0 0.695836 0.180556 0.065625 0.098139
0 0.711199 0.567590 0.047398 0.107403
0 0.726043 0.392125 0.044789 0.102778
0 0.751820 0.734257 0.045312 0.103708
0 0.775262 0.268979 0.050523 0.110181
1 0.335418 0.605556 0.044789 0.105556
1 0.345832 0.300931 0.061461 0.116667
1 0.415625 0.458333 0.063547 0.114806
1 0.412500 0.618979 0.046875 0.104625
1 0.468492 0.314813 0.060937 0.087042
1 0.491406 0.115736 0.065109 0.105556
1 0.499480 0.468979 0.060414 0.117597
1 0.505207 0.613424 0.039586 0.099069
1 0.525262 0.798611 0.058852 0.117583
1 0.535937 0.243521 0.063547 0.096292
1 0.584375 0.453243 0.066672 0.110181
1 0.588801 0.327313 0.055727 0.073153
1 0.593230 0.133799 0.058336 0.076847
1 0.604949 0.657868 0.047398 0.104625
1 0.653906 0.778708 0.051562 0.111111
1 0.663281 0.387035 0.067187 0.118514
1 0.695836 0.180556 0.065625 0.098139
1 0.711199 0.567590 0.047398 0.107403
1 0.775262 0.268979 0.050523 0.110181
2 0.305730 0.162035 0.057289 0.114819
2 0.751820 0.734257 0.045312 0.103708
3 0.344531 0.463424 0.041141 0.099069
3 0.726043 0.392125 0.044789 0.102778
4 0.412500 0.618979 0.046875 0.104625
4 0.468492 0.314813 0.060937 0.087042
4 0.604949 0.657868 0.047398 0.104625
4 0.695836 0.180556 0.065625 0.098139
5 0.335418 0.605556 0.044789 0.105556
5 0.499480 0.468979 0.060414 0.117597
5 0.711199 0.567590 0.047398 0.107403
5 0.775262 0.268979 0.050523 0.110181
6 0.505207 0.613424 0.039586 0.099069
6 0.525262 0.798611 0.058852 0.117583
6 0.535937 0.243521 0.063547 0.096292
6 0.584375 0.453243 0.066672 0.110181
6 0.588801 0.327313 0.055727 0.073153
6 0.593230 0.133799 0.058336 0.076847
6 0.653906 0.778708 0.051562 0.111111
6 0.663281 0.387035 0.067187 0.118514
7 0.345832 0.300931 0.061461 0.116667
7 0.415625 0.458333 0.063547 0.114806
7 0.491406 0.115736 0.065109 0.105556
8 0.584375 0.453243 0.066672 0.110181
8 0.775262 0.268979 0.050523 0.110181
9 0.593230 0.133799 0.058336 0.076847
9 0.604949 0.657868 0.047398 0.104625
10 0.653906 0.778708 0.051562 0.111111
11 0.505207 0.613424 0.039586 0.099069
12 0.335418 0.605556 0.044789 0.105556
12 0.415625 0.458333 0.063547 0.114806
12 0.468492 0.314813 0.060937 0.087042
13 0.663281 0.387035 0.067187 0.118514
14 0.695836 0.180556 0.065625 0.098139
14 0.711199 0.567590 0.047398 0.107403
15 0.412500 0.618979 0.046875 0.104625
15 0.535937 0.243521 0.063547 0.096292
16 0.345832 0.300931 0.061461 0.116667
16 0.491406 0.115736 0.065109 0.105556
18 0.588801 0.327313 0.055727 0.073153
19 0.499480 0.468979 0.060414 0.117597
20 0.525262 0.798611 0.058852 0.117583