0 0.343750 0.529167 0.039062 0.100000
0 0.353125 0.220833 0.046875 0.105556
0 0.356641 0.361111 0.047656 0.108333
0 0.421094 0.394444 0.065625 0.108333
0 0.420312 0.671528 0.064062 0.101389
0 0.415625 0.525000 0.042188 0.102778
0 0.416797 0.206250 0.042969 0.104167
0 0.467187 0.228472 0.043750 0.104167
0 0.479687 0.659028 0.053125 0.112500
0 0.484375 0.541667 0.040625 0.100000
0 0.499609 0.371528 0.060156 0.118056
0 0.518359 0.234028 0.049219 0.109722
0 0.538672 0.754167 0.064844 0.108333
0 0.558984 0.360417 0.039844 0.101389
0 0.573438 0.665278 0.056250 0.116667
0 0.580078 0.206250 0.044531 0.106944
0 0.618750 0.751389 0.065625 0.105556
0 0.614062 0.343056 0.051562 0.111111
0 0.629687 0.628472 0.056250 0.118056
0 0.631250 0.204167 0.046875 0.108333
0 0.650781 0.480556 0.060937 0.083333
0 0.681250 0.346528 0.068750 0.120833
0 0.686719 0.706250 0.065625 0.098611
0 0.683594 0.191667 0.043750 0.102778
0 0.701562 0.579861 0.051562 0.112500
0 0.759375 0.607639 0.046875 0.106944
1 0.343750 0.529167 0.039062 0.100000
1 0.353125 0.220833 0.046875 0.105556
1 0.356641 0.361111 0.047656 0.108333
1 0.421094 0.394444 0.065625 0.108333
1 0.420312 0.671528 0.064062 0.101389
1 0.415625 0.525000 0.042188 0.102778
1 0.416797 0.206250 0.042969 0.104167
1 0.467187 0.228472 0.043750 0.104167
1 0.479687 0.659028 0.053125 0.112500
1 0.484375 0.541667 0.040625 0.100000
1 0.499609 0.371528 0.060156 0.118056
1 0.518359 0.234028 0.049219 0.109722
1 0.558984 0.360417 0.039844 0.101389
1 0.573438 0.665278 0.056250 0.116667
1 0.580078 0.206250 0.044531 0.106944
1 0.618750 0.751389 0.065625 0.105556
1 0.614062 0.343056 0.051562 0.111111
1 0.629687 0.628472 0.056250 0.118056
1 0.631250 0.204167 0.046875 0.108333
1 0.650781 0.480556 0.060937 0.083333
1 0.681250 0.346528 0.068750 0.120833
1 0.686719 0.706250 0.065625 0.098611
1 0.683594 0.191667 0.043750 0.102778
1 0.701562 0.579861 0.051562 0.112500
1 0.759375 0.607639 0.046875 0.106944
3 0.538672 0.754167 0.064844 0.108333
4 0.421094 0.394444 0.065625 0.108333
4 0.416797 0.206250 0.042969 0.104167
4 0.467187 0.228472 0.043750 0.104167
4 0.479687 0.659028 0.053125 0.112500
4 0.484375 0.541667 0.040625 0.100000
4 0.629687 0.628472 0.056250 0.118056
4 0.681250 0.346528 0.068750 0.120833
5 0.415625 0.525000 0.042188 0.102778
5 0.518359 0.234028 0.049219 0.109722
5 0.573438 0.665278 0.056250 0.116667
5 0.614062 0.343056 0.051562 0.111111
5 0.631250 0.204167 0.046875 0.108333
5 0.759375 0.607639 0.046875 0.106944
6 0.343750 0.529167 0.039062 0.100000
6 0.558984 0.360417 0.039844 0.101389
6 0.618750 0.751389 0.065625 0.105556
6 0.650781 0.480556 0.060937 0.083333
7 0.353125 0.220833 0.046875 0.105556
7 0.356641 0.361111 0.047656 0.108333
7 0.420312 0.671528 0.064062 0.101389
7 0.499609 0.371528 0.060156 0.118056
7 0.580078 0.206250 0.044531 0.106944
7 0.686719 0.706250 0.065625 0.098611
7 0.683594 0.191667 0.043750 0.102778
7 0.701562 0.579861 0.051562 0.112500
8 0.416797 0.206250 0.042969 0.104167
8 0.499609 0.371528 0.060156 0.118056
9 0.573438 0.665278 0.056250 0.116667
10 0.353125 0.220833 0.046875 0.105556
10 0.421094 0.394444 0.065625 0.108333
10 0.631250 0.204167 0.046875 0.108333
11 0.356641 0.361111 0.047656 0.108333
11 0.479687 0.659028 0.053125 0.112500
11 0.614062 0.343056 0.051562 0.111111
12 0.650781 0.480556 0.060937 0.083333
13 0.467187 0.228472 0.043750 0.104167
13 0.683594 0.191667 0.043750 0.102778
14 0.580078 0.206250 0.044531 0.106944
15 0.420312 0.671528 0.064062 0.101389
16 0.415625 0.525000 0.042188 0.102778
16 0.618750 0.751389 0.065625 0.105556
17 0.484375 0.541667 0.040625 0.100000
17 0.518359 0.234028 0.049219 0.109722
17 0.558984 0.360417 0.039844 0.101389
18 0.629687 0.628472 0.056250 0.118056
18 0.686719 0.706250 0.065625 0.098611
18 0.759375 0.607639 0.046875 0.106944
19 0.343750 0.529167 0.039062 0.100000
19 0.701562 0.579861 0.051562 0.112500
20 0.681250 0.346528 0.068750 0.120833