0 0.457422 0.437500 0.057031 0.072222
0 0.474609 0.243056 0.053906 0.072222
0 0.477344 0.335417 0.051562 0.073611
0 0.516016 0.102778 0.060156 0.077778
0 0.533984 0.396528 0.042969 0.101389
0 0.544531 0.187500 0.039062 0.100000
0 0.576172 0.517361 0.055469 0.076389
0 0.598437 0.258333 0.050000 0.111111
0 0.596484 0.390972 0.042969 0.101389
0 0.612109 0.122222 0.047656 0.111111
0 0.658203 0.513889 0.046094 0.105556
0 0.671484 0.248611 0.042969 0.105556
0 0.687500 0.380556 0.062500 0.105556
0 0.759375 0.352778 0.064062 0.111111
1 0.671484 0.248611 0.042969 0.105556
2 0.457422 0.437500 0.057031 0.072222
2 0.474609 0.243056 0.053906 0.072222
2 0.477344 0.335417 0.051562 0.073611
2 0.516016 0.102778 0.060156 0.077778
2 0.533984 0.396528 0.042969 0.101389
2 0.544531 0.187500 0.039062 0.100000
2 0.596484 0.390972 0.042969 0.101389
2 0.612109 0.122222 0.047656 0.111111
2 0.658203 0.513889 0.046094 0.105556
2 0.687500 0.380556 0.062500 0.105556
2 0.759375 0.352778 0.064062 0.111111
3 0.576172 0.517361 0.055469 0.076389
3 0.598437 0.258333 0.050000 0.111111
5 0.671484 0.248611 0.042969 0.105556
11 0.671484 0.248611 0.042969 0.105556