0 0.217969 0.645833 0.067187 0.123611
0 0.275781 0.791667 0.052344 0.115278
0 0.284375 0.630556 0.064062 0.123611
0 0.373437 0.827778 0.069531 0.115278
0 0.364844 0.550000 0.045312 0.106944
0 0.377344 0.680556 0.057813 0.079167
0 0.423438 0.465278 0.049219 0.112500
0 0.446094 0.583333 0.053906 0.116667
0 0.487500 0.723611 0.060937 0.086111
0 0.501563 0.398611 0.060156 0.113889
0 0.515625 0.515278 0.065625 0.113889
0 0.516406 0.620833 0.062500 0.090278
0 0.567969 0.783333 0.062500 0.122222
0 0.589844 0.605556 0.056250 0.079167
0 0.604688 0.438889 0.060937 0.115278
0 0.632031 0.704167 0.065625 0.098611
0 0.667969 0.781944 0.067969 0.113889
0 0.666406 0.619444 0.060156 0.119444
0 0.673438 0.497222 0.063281 0.108333
0 0.708594 0.381944 0.053125 0.111111
0 0.722656 0.605556 0.053906 0.112500
0 0.762500 0.486111 0.060937 0.122222
0 0.808594 0.568056 0.046875 0.108333
1 0.217969 0.645833 0.067187 0.123611
1 0.284375 0.630556 0.064062 0.123611
1 0.666406 0.619444 0.060156 0.119444
1 0.762500 0.486111 0.060937 0.122222
2 0.275781 0.791667 0.052344 0.115278
2 0.373437 0.827778 0.069531 0.115278
2 0.364844 0.550000 0.045312 0.106944
2 0.377344 0.680556 0.057813 0.079167
2 0.423438 0.465278 0.049219 0.112500
2 0.501563 0.398611 0.060156 0.113889
2 0.604688 0.438889 0.060937 0.115278
2 0.673438 0.497222 0.063281 0.108333
2 0.708594 0.381944 0.053125 0.111111
2 0.722656 0.605556 0.053906 0.112500
2 0.808594 0.568056 0.046875 0.108333
3 0.446094 0.583333 0.053906 0.116667
3 0.487500 0.723611 0.060937 0.086111
3 0.515625 0.515278 0.065625 0.113889
3 0.516406 0.620833 0.062500 0.090278
3 0.567969 0.783333 0.062500 0.122222
3 0.589844 0.605556 0.056250 0.079167
3 0.632031 0.704167 0.065625 0.098611
3 0.667969 0.781944 0.067969 0.113889
4 0.666406 0.619444 0.060156 0.119444
5 0.284375 0.630556 0.064062 0.123611
6 0.217969 0.645833 0.067187 0.123611
7 0.762500 0.486111 0.060937 0.122222
11 0.284375 0.630556 0.064062 0.123611
14 0.217969 0.645833 0.067187 0.123611
15 0.666406 0.619444 0.060156 0.119444
20 0.762500 0.486111 0.060937 0.122222