0 0.291797 0.414583 0.046094 0.101389
0 0.326172 0.575000 0.057031 0.086111
0 0.396875 0.221528 0.057813 0.079167
0 0.453125 0.212500 0.059375 0.083333
0 0.469141 0.770139 0.052344 0.115278
0 0.488281 0.656250 0.064062 0.123611
0 0.509375 0.198611 0.056250 0.075000
0 0.510938 0.483333 0.048438 0.108333
0 0.566797 0.188889 0.058594 0.080556
0 0.571875 0.436111 0.043750 0.102778
0 0.629297 0.497222 0.064844 0.113889
0 0.673438 0.617361 0.060937 0.123611
0 0.718359 0.540972 0.058594 0.118056
0 0.741016 0.773611 0.072656 0.119444
0 0.787891 0.629167 0.067969 0.122222
0 0.853906 0.663889 0.056250 0.119444
1 0.396875 0.221528 0.057813 0.079167
1 0.453125 0.212500 0.059375 0.083333
1 0.509375 0.198611 0.056250 0.075000
1 0.566797 0.188889 0.058594 0.080556
2 0.291797 0.414583 0.046094 0.101389
2 0.326172 0.575000 0.057031 0.086111
2 0.469141 0.770139 0.052344 0.115278
2 0.488281 0.656250 0.064062 0.123611
2 0.510938 0.483333 0.048438 0.108333
2 0.571875 0.436111 0.043750 0.102778
2 0.629297 0.497222 0.064844 0.113889
3 0.673438 0.617361 0.060937 0.123611
3 0.718359 0.540972 0.058594 0.118056
3 0.741016 0.773611 0.072656 0.119444
3 0.787891 0.629167 0.067969 0.122222
3 0.853906 0.663889 0.056250 0.119444
4 0.396875 0.221528 0.057813 0.079167
4 0.453125 0.212500 0.059375 0.083333
4 0.509375 0.198611 0.056250 0.075000
4 0.566797 0.188889 0.058594 0.080556
10 0.396875 0.221528 0.057813 0.079167
12 0.509375 0.200000 0.056250 0.075000
13 0.566797 0.188889 0.058594 0.080556
20 0.453125 0.212500 0.059375 0.083333