0 0.368750 0.519444 0.062500 0.088889
0 0.383984 0.400000 0.063281 0.100000
0 0.399609 0.626389 0.050781 0.108333
0 0.421875 0.300000 0.059375 0.119444
0 0.478906 0.435417 0.067187 0.112500
0 0.473438 0.606944 0.056250 0.075000
0 0.487109 0.186111 0.066406 0.116667
0 0.550781 0.494444 0.065625 0.100000
0 0.555469 0.258333 0.064062 0.116667
0 0.551562 0.679861 0.042188 0.101389
0 0.587891 0.380556 0.066406 0.119444
0 0.621875 0.698611 0.046875 0.102778
0 0.649609 0.431250 0.061719 0.120833
0 0.662500 0.570833 0.050000 0.108333
1 0.478906 0.435417 0.067187 0.112500
2 0.368750 0.519444 0.062500 0.088889
2 0.383984 0.400000 0.063281 0.100000
2 0.487109 0.186111 0.066406 0.116667
2 0.550781 0.494444 0.065625 0.100000
2 0.555469 0.258333 0.064062 0.116667
2 0.551562 0.679861 0.042188 0.101389
2 0.587891 0.380556 0.066406 0.119444
2 0.621875 0.698611 0.046875 0.102778
2 0.649609 0.431250 0.061719 0.120833
2 0.662500 0.570833 0.050000 0.108333
3 0.399609 0.626389 0.050781 0.108333
3 0.421875 0.300000 0.059375 0.119444
3 0.473438 0.606944 0.056250 0.075000
7 0.478906 0.435417 0.067187 0.112500
20 0.478906 0.435417 0.067187 0.112500