0 0.070312 0.343056 0.057813 0.119444
0 0.102344 0.486111 0.046875 0.105556
0 0.116016 0.631250 0.047656 0.104167
0 0.131250 0.338889 0.059375 0.119444
0 0.165625 0.701389 0.056250 0.113889
0 0.164062 0.516667 0.051562 0.111111
0 0.196875 0.282639 0.071875 0.115278
0 0.193359 0.418750 0.058594 0.079167
0 0.215234 0.554861 0.047656 0.109722
0 0.229297 0.757639 0.066406 0.126389
0 0.252734 0.192361 0.067969 0.098611
0 0.270313 0.654167 0.068750 0.102778
0 0.271875 0.556250 0.064062 0.090278
0 0.280469 0.268056 0.068750 0.108333
0 0.280859 0.463194 0.055469 0.112500
0 0.297266 0.737500 0.060156 0.119444
0 0.321875 0.359722 0.068750 0.108333
0 0.343750 0.628472 0.059375 0.118056
0 0.337500 0.504167 0.043750 0.102778
0 0.381250 0.282639 0.062500 0.112500
0 0.382031 0.473611 0.045312 0.105556
0 0.419141 0.326389 0.066406 0.119444
0 0.412500 0.679167 0.048438 0.108333
0 0.426953 0.562500 0.067969 0.113889
0 0.437109 0.427778 0.066406 0.116667
0 0.480469 0.628472 0.059375 0.118056
0 0.488281 0.500000 0.067187 0.108333
0 0.493750 0.366667 0.065625 0.119444
1 0.070312 0.343056 0.057813 0.119444
1 0.102344 0.486111 0.046875 0.105556
1 0.164062 0.516667 0.051562 0.111111
1 0.229297 0.757639 0.066406 0.126389
1 0.252734 0.192361 0.067969 0.098611
1 0.270313 0.654167 0.068750 0.102778
1 0.337500 0.504167 0.043750 0.102778
1 0.382031 0.473611 0.045312 0.105556
1 0.419141 0.326389 0.066406 0.119444
1 0.412500 0.679167 0.048438 0.108333
1 0.480469 0.628472 0.059375 0.118056
1 0.493750 0.366667 0.065625 0.119444
2 0.165625 0.701389 0.056250 0.113889
2 0.193359 0.418750 0.058594 0.079167
2 0.215234 0.554861 0.047656 0.109722
2 0.271875 0.556250 0.064062 0.090278
2 0.280859 0.463194 0.055469 0.112500
2 0.297266 0.737500 0.060156 0.119444
2 0.343750 0.628472 0.059375 0.118056
2 0.381250 0.282639 0.062500 0.112500
2 0.426953 0.562500 0.067969 0.113889
2 0.437109 0.427778 0.066406 0.116667
2 0.488281 0.500000 0.067187 0.108333
3 0.116016 0.631250 0.047656 0.104167
3 0.131250 0.338889 0.059375 0.119444
3 0.196875 0.282639 0.071875 0.115278
3 0.280469 0.268056 0.068750 0.108333
3 0.321875 0.359722 0.068750 0.108333
4 0.337500 0.504167 0.043750 0.102778
4 0.412500 0.679167 0.048438 0.108333
5 0.102344 0.486111 0.046875 0.105556
5 0.382031 0.473611 0.045312 0.105556
5 0.419141 0.326389 0.066406 0.119444
5 0.480469 0.628472 0.059375 0.118056
6 0.252734 0.192361 0.067969 0.098611
6 0.270313 0.654167 0.068750 0.102778
7 0.070312 0.343056 0.057813 0.119444
7 0.164062 0.516667 0.051562 0.111111
7 0.229297 0.757639 0.066406 0.126389
7 0.493750 0.366667 0.065625 0.119444
8 0.419141 0.326389 0.066406 0.119444
11 0.102344 0.486111 0.046875 0.105556
12 0.229297 0.757639 0.066406 0.126389
13 0.382031 0.473611 0.045312 0.105556
13 0.493750 0.366667 0.065625 0.119444
15 0.164062 0.516667 0.051562 0.111111
17 0.337500 0.504167 0.043750 0.102778
18 0.252734 0.192361 0.067969 0.098611
18 0.412500 0.679167 0.048438 0.108333
19 0.070312 0.343056 0.057813 0.119444
19 0.270313 0.654167 0.068750 0.102778
19 0.480469 0.628472 0.059375 0.118056