0 0.112891 0.595139 0.049219 0.109722
0 0.156250 0.454861 0.065625 0.101389
0 0.173437 0.770833 0.060937 0.083333
0 0.176953 0.625000 0.061719 0.086111
0 0.219141 0.465278 0.053906 0.113889
0 0.239844 0.782639 0.053125 0.115278
0 0.246484 0.612500 0.053906 0.113889
0 0.272656 0.505556 0.065625 0.094444
0 0.297266 0.678472 0.061719 0.087500
0 0.299609 0.813889 0.064844 0.094444
0 0.340625 0.354167 0.062500 0.113889
0 0.344141 0.146528 0.064844 0.112500
0 0.381250 0.501389 0.060937 0.086111
0 0.375391 0.629167 0.044531 0.105556
0 0.378906 0.759722 0.048438 0.111111
0 0.402734 0.888889 0.058594 0.080556
0 0.432422 0.759722 0.044531 0.108333
0 0.445312 0.384722 0.064062 0.116667
0 0.441406 0.621528 0.048438 0.112500
0 0.444531 0.106250 0.045312 0.104167
0 0.464844 0.896528 0.051562 0.115278
0 0.475391 0.486111 0.069531 0.119444
0 0.487500 0.750000 0.043750 0.105556
0 0.494922 0.622222 0.052344 0.113889
0 0.499219 0.254167 0.057813 0.080556
0 0.542188 0.752778 0.043750 0.105556
0 0.545312 0.882639 0.046875 0.109722
0 0.559375 0.618750 0.050000 0.112500
0 0.569141 0.490278 0.064844 0.094444
0 0.603516 0.876389 0.060156 0.083333
0 0.609766 0.765278 0.046094 0.108333
0 0.625781 0.637500 0.056250 0.119444
1 0.381250 0.501389 0.060937 0.086111
1 0.375391 0.629167 0.044531 0.105556
1 0.378906 0.759722 0.048438 0.111111
1 0.432422 0.759722 0.044531 0.108333
1 0.441406 0.621528 0.048438 0.112500
1 0.475391 0.486111 0.069531 0.119444
1 0.487500 0.750000 0.043750 0.105556
1 0.494922 0.622222 0.052344 0.113889
1 0.542188 0.752778 0.043750 0.105556
1 0.559375 0.618750 0.050000 0.112500
1 0.569141 0.490278 0.064844 0.094444
1 0.609766 0.765278 0.046094 0.108333
1 0.625781 0.637500 0.056250 0.119444
2 0.156250 0.454861 0.065625 0.101389
2 0.173437 0.770833 0.060937 0.083333
2 0.219141 0.465278 0.053906 0.113889
2 0.239844 0.782639 0.053125 0.115278
2 0.272656 0.505556 0.065625 0.094444
2 0.299609 0.813889 0.064844 0.094444
2 0.340625 0.354167 0.062500 0.113889
2 0.344141 0.146528 0.064844 0.112500
2 0.445312 0.384722 0.064062 0.116667
2 0.444531 0.106250 0.045312 0.104167
2 0.499219 0.254167 0.057813 0.080556
3 0.112891 0.595139 0.049219 0.109722
3 0.176953 0.625000 0.061719 0.086111
3 0.246484 0.612500 0.053906 0.113889
3 0.297266 0.678472 0.061719 0.087500
3 0.402734 0.888889 0.058594 0.080556
3 0.464844 0.896528 0.051562 0.115278
3 0.545312 0.882639 0.046875 0.109722
3 0.603516 0.876389 0.060156 0.083333
5 0.381250 0.501389 0.060937 0.086111
5 0.375391 0.629167 0.044531 0.105556
5 0.378906 0.759722 0.048438 0.111111
5 0.432422 0.759722 0.044531 0.108333
5 0.441406 0.621528 0.048438 0.112500
5 0.475391 0.486111 0.069531 0.119444
5 0.487500 0.750000 0.043750 0.105556
5 0.494922 0.622222 0.052344 0.113889
5 0.542188 0.752778 0.043750 0.105556
5 0.559375 0.618750 0.050000 0.112500
5 0.569141 0.490278 0.064844 0.094444
5 0.609766 0.765278 0.046094 0.108333
5 0.625781 0.637500 0.056250 0.119444
8 0.609766 0.765278 0.046094 0.108333
9 0.542188 0.752778 0.043750 0.105556
10 0.487500 0.750000 0.043750 0.105556
11 0.432422 0.759722 0.044531 0.108333
12 0.378906 0.759722 0.048438 0.111111
13 0.625781 0.637500 0.056250 0.119444
14 0.559375 0.618750 0.050000 0.112500
15 0.494922 0.622222 0.052344 0.113889
16 0.441406 0.621528 0.048438 0.112500
17 0.375391 0.629167 0.044531 0.105556
18 0.569141 0.490278 0.064844 0.094444
19 0.475391 0.486111 0.069531 0.119444
20 0.381250 0.501389 0.060937 0.086111