0 0.046094 0.556250 0.057813 0.073611
0 0.109375 0.556944 0.057813 0.077778
0 0.108594 0.558333 0.056250 0.075000
0 0.173437 0.559028 0.057813 0.073611
0 0.238281 0.556944 0.056250 0.072222
0 0.302344 0.556250 0.056250 0.073611
0 0.359375 0.456250 0.056250 0.076389
0 0.366016 0.551389 0.055469 0.080556
0 0.430078 0.372222 0.058594 0.077778
0 0.430078 0.540278 0.052344 0.072222
0 0.431250 0.452778 0.053125 0.072222
0 0.487109 0.357639 0.057031 0.076389
0 0.490625 0.440972 0.053125 0.073611
0 0.492188 0.520833 0.054688 0.075000
0 0.550000 0.357639 0.056250 0.076389
0 0.552344 0.436111 0.054688 0.075000
0 0.557031 0.520139 0.056250 0.079167
0 0.612891 0.356250 0.057031 0.079167
0 0.615625 0.436111 0.051562 0.075000
0 0.618750 0.506250 0.054688 0.073611
0 0.678125 0.508333 0.056250 0.075000
0 0.737500 0.502778 0.056250 0.077778
0 0.796094 0.498611 0.056250 0.080556
0 0.854688 0.490972 0.056250 0.079167
0 0.910937 0.476389 0.057813 0.080556
1 0.430078 0.372222 0.058594 0.077778
1 0.487109 0.357639 0.057031 0.076389
1 0.550000 0.357639 0.056250 0.076389
1 0.612891 0.356250 0.057031 0.079167
2 0.359375 0.456250 0.056250 0.076389
2 0.366016 0.551389 0.055469 0.080556
2 0.430078 0.540278 0.052344 0.072222
2 0.431250 0.452778 0.053125 0.072222
2 0.490625 0.440972 0.053125 0.073611
2 0.492188 0.520833 0.054688 0.075000
2 0.552344 0.436111 0.054688 0.075000
2 0.557031 0.520139 0.056250 0.079167
2 0.615625 0.436111 0.051562 0.075000
2 0.618750 0.506250 0.054688 0.073611
3 0.046094 0.556250 0.057813 0.073611
3 0.109375 0.556944 0.057813 0.077778
3 0.108594 0.558333 0.056250 0.075000
3 0.173437 0.559028 0.057813 0.073611
3 0.238281 0.556944 0.056250 0.072222
3 0.302344 0.556250 0.056250 0.073611
3 0.678125 0.508333 0.056250 0.075000
3 0.737500 0.502778 0.056250 0.077778
3 0.796094 0.498611 0.056250 0.080556
3 0.854688 0.490972 0.056250 0.079167
3 0.910937 0.476389 0.057813 0.080556
4 0.430078 0.372222 0.058594 0.077778
4 0.487109 0.357639 0.057031 0.076389
6 0.550000 0.357639 0.056250 0.076389
7 0.612891 0.356250 0.057031 0.079167
9 0.430078 0.372222 0.058594 0.077778
11 0.550000 0.357639 0.056250 0.076389
14 0.612891 0.356250 0.057031 0.079167
19 0.487109 0.357639 0.057031 0.076389