0 0.320703 0.484722 0.071094 0.108333
0 0.320312 0.353472 0.062500 0.115278
0 0.366797 0.582639 0.067969 0.098611
0 0.358984 0.200694 0.050781 0.112500
0 0.407813 0.361111 0.056250 0.075000
0 0.421484 0.504167 0.066406 0.108333
0 0.435937 0.193056 0.067187 0.113889
0 0.472266 0.378472 0.060156 0.087500
0 0.479687 0.567361 0.059375 0.081944
0 0.496875 0.217361 0.046875 0.109722
0 0.527734 0.429861 0.067969 0.112500
0 0.546875 0.589583 0.059375 0.076389
0 0.565625 0.106250 0.060937 0.084722
0 0.562891 0.225000 0.055469 0.080556
0 0.567969 0.718750 0.062500 0.115278
0 0.587891 0.492361 0.064844 0.112500
0 0.589844 0.334722 0.064062 0.108333
0 0.652734 0.486806 0.052344 0.112500
1 0.421484 0.504167 0.066406 0.108333
1 0.479687 0.567361 0.059375 0.081944
2 0.320703 0.484722 0.071094 0.108333
2 0.320312 0.353472 0.062500 0.115278
2 0.358984 0.200694 0.050781 0.112500
2 0.435937 0.193056 0.067187 0.113889
2 0.472266 0.378472 0.060156 0.087500
2 0.496875 0.217361 0.046875 0.109722
2 0.527734 0.429861 0.067969 0.112500
2 0.562891 0.225000 0.055469 0.080556
2 0.567969 0.718750 0.062500 0.115278
2 0.587891 0.492361 0.064844 0.112500
2 0.589844 0.334722 0.064062 0.108333
3 0.366797 0.582639 0.067969 0.098611
3 0.407813 0.361111 0.056250 0.075000
3 0.546875 0.589583 0.059375 0.076389
3 0.565625 0.106250 0.060937 0.084722
3 0.652734 0.486806 0.052344 0.112500
5 0.421484 0.504167 0.066406 0.108333
5 0.479687 0.567361 0.059375 0.081944
9 0.421484 0.504167 0.066406 0.108333
13 0.479687 0.567361 0.059375 0.081944