0 0.161719 0.461111 0.065625 0.116667
0 0.202734 0.179167 0.063281 0.113889
0 0.229297 0.325694 0.066406 0.109722
0 0.243359 0.588889 0.063281 0.119444
0 0.253125 0.452083 0.064062 0.101389
0 0.278516 0.201389 0.066406 0.119444
0 0.312500 0.544444 0.067187 0.113889
0 0.313281 0.300000 0.064062 0.097222
0 0.317578 0.402778 0.060156 0.111111
0 0.321875 0.666667 0.057813 0.077778
0 0.361328 0.844444 0.066406 0.105556
0 0.364844 0.167361 0.054688 0.112500
0 0.375391 0.475000 0.055469 0.113889
0 0.385156 0.348611 0.054688 0.111111
0 0.427344 0.204861 0.053125 0.109722
0 0.457813 0.290278 0.060937 0.116667
0 0.485938 0.806944 0.053125 0.116667
0 0.496875 0.354861 0.046875 0.106944
0 0.528125 0.906250 0.065625 0.104167
0 0.555469 0.481250 0.067187 0.109722
0 0.571094 0.386111 0.062500 0.105556
0 0.591406 0.302083 0.065625 0.112500
0 0.625391 0.609028 0.058594 0.079167
0 0.650781 0.425000 0.057813 0.113889
0 0.648828 0.707639 0.044531 0.106944
0 0.687891 0.540278 0.060156 0.083333
1 0.361328 0.844444 0.066406 0.105556
1 0.485938 0.806944 0.053125 0.116667
1 0.528125 0.906250 0.065625 0.104167
1 0.555469 0.481250 0.067187 0.109722
2 0.161719 0.461111 0.065625 0.116667
2 0.202734 0.179167 0.063281 0.113889
2 0.229297 0.325694 0.066406 0.109722
2 0.278516 0.201389 0.066406 0.119444
2 0.312500 0.544444 0.067187 0.113889
2 0.317578 0.402778 0.060156 0.111111
2 0.364844 0.167361 0.054688 0.112500
2 0.427344 0.204861 0.053125 0.109722
2 0.457813 0.290278 0.060937 0.116667
2 0.571094 0.386111 0.062500 0.105556
3 0.243359 0.588889 0.063281 0.119444
3 0.253125 0.452083 0.064062 0.101389
3 0.313281 0.300000 0.064062 0.097222
3 0.321875 0.666667 0.057813 0.077778
3 0.375391 0.475000 0.055469 0.113889
3 0.385156 0.348611 0.054688 0.111111
3 0.496875 0.354861 0.046875 0.106944
3 0.591406 0.302083 0.065625 0.112500
3 0.625391 0.609028 0.058594 0.079167
3 0.650781 0.425000 0.057813 0.113889
3 0.648828 0.707639 0.044531 0.106944
3 0.687891 0.540278 0.060156 0.083333
4 0.485938 0.806944 0.053125 0.116667
4 0.555469 0.481250 0.067187 0.109722
5 0.361328 0.844444 0.066406 0.105556
7 0.528125 0.906250 0.065625 0.104167
12 0.555469 0.481250 0.067187 0.109722
14 0.361328 0.844444 0.066406 0.105556
14 0.485938 0.806944 0.053125 0.116667
14 0.528125 0.906250 0.065625 0.104167