0 0.180078 0.454167 0.044531 0.105556
0 0.198047 0.575000 0.066406 0.125000
0 0.227344 0.343750 0.067187 0.109722
0 0.272656 0.578472 0.064062 0.115278
0 0.314063 0.338889 0.070312 0.119444
0 0.322266 0.546528 0.064844 0.120833
0 0.365625 0.238889 0.065625 0.119444
0 0.386719 0.407639 0.064062 0.115278
0 0.433594 0.309028 0.057813 0.115278
0 0.471094 0.394444 0.057813 0.119444
0 0.475000 0.212500 0.060937 0.119444
0 0.479687 0.591667 0.057813 0.075000
0 0.525000 0.456944 0.051562 0.111111
0 0.562500 0.208333 0.065625 0.102778
0 0.565625 0.739583 0.065625 0.109722
0 0.559375 0.340278 0.050000 0.111111
0 0.614844 0.640278 0.054688 0.116667
0 0.633984 0.334028 0.057031 0.076389
0 0.646094 0.525000 0.065625 0.119444
0 0.684375 0.420139 0.062500 0.095833
1 0.565625 0.739583 0.065625 0.109722
1 0.614844 0.640278 0.054688 0.116667
1 0.646094 0.525000 0.065625 0.119444
1 0.684375 0.420139 0.062500 0.095833
2 0.180078 0.454167 0.044531 0.105556
2 0.198047 0.575000 0.066406 0.125000
2 0.227344 0.343750 0.067187 0.109722
2 0.272656 0.578472 0.064062 0.115278
2 0.314063 0.338889 0.070312 0.119444
2 0.322266 0.546528 0.064844 0.120833
2 0.386719 0.407639 0.064062 0.115278
2 0.433594 0.309028 0.057813 0.115278
2 0.471094 0.394444 0.057813 0.119444
2 0.525000 0.456944 0.051562 0.111111
2 0.559375 0.340278 0.050000 0.111111
3 0.365625 0.238889 0.065625 0.119444
3 0.475000 0.212500 0.060937 0.119444
3 0.479687 0.591667 0.057813 0.075000
3 0.562500 0.208333 0.065625 0.102778
3 0.633984 0.334028 0.057031 0.076389
4 0.565625 0.739583 0.065625 0.109722
4 0.684375 0.420139 0.062500 0.095833
5 0.614844 0.640278 0.054688 0.116667
7 0.646094 0.525000 0.065625 0.119444
8 0.614844 0.640278 0.054688 0.116667
14 0.684375 0.420139 0.062500 0.095833
16 0.565625 0.739583 0.065625 0.109722
19 0.646094 0.525000 0.065625 0.119444