0 0.075781 0.584722 0.050781 0.111111
0 0.121875 0.448611 0.072656 0.120833
0 0.135937 0.754167 0.067969 0.100000
0 0.147656 0.576389 0.067187 0.097222
0 0.185156 0.451389 0.055469 0.118056
0 0.209375 0.776389 0.056250 0.118056
0 0.213281 0.600000 0.054688 0.113889
0 0.245312 0.491667 0.067187 0.098611
0 0.267188 0.801389 0.062500 0.122222
0 0.274219 0.637500 0.070312 0.119444
0 0.329688 0.458333 0.055469 0.116667
0 0.337500 0.223611 0.060937 0.080556
0 0.351562 0.597222 0.059375 0.120833
0 0.371875 0.876389 0.058594 0.080556
0 0.388281 0.462500 0.053125 0.115278
0 0.402344 0.229167 0.060937 0.086111
0 0.416406 0.590278 0.047656 0.108333
0 0.434375 0.884722 0.052344 0.113889
0 0.451562 0.454167 0.044531 0.105556
0 0.466406 0.230556 0.060937 0.086111
0 0.471875 0.595833 0.042969 0.105556
0 0.515625 0.462500 0.047656 0.109722
0 0.515625 0.869444 0.046875 0.109722
0 0.532031 0.234722 0.057031 0.077778
0 0.532813 0.590278 0.043750 0.104167
0 0.567187 0.384722 0.063281 0.115278
0 0.573438 0.859722 0.060156 0.081944
0 0.600000 0.463889 0.066406 0.109722
0 0.597656 0.248611 0.059375 0.080556
0 0.631250 0.556944 0.057031 0.112500
0 0.646094 0.669444 0.052344 0.111111
0 0.649219 0.790278 0.042969 0.098611
1 0.329688 0.458333 0.055469 0.116667
1 0.337500 0.223611 0.060937 0.080556
1 0.351562 0.597222 0.059375 0.120833
1 0.388281 0.462500 0.053125 0.115278
1 0.402344 0.229167 0.060937 0.086111
1 0.416406 0.590278 0.047656 0.108333
1 0.451562 0.454167 0.044531 0.105556
1 0.466406 0.230556 0.060937 0.086111
1 0.471875 0.595833 0.042969 0.105556
1 0.515625 0.462500 0.047656 0.109722
1 0.532031 0.234722 0.057031 0.077778
1 0.532813 0.590278 0.043750 0.104167
1 0.597656 0.248611 0.059375 0.080556
2 0.121875 0.448611 0.072656 0.120833
2 0.135937 0.754167 0.067969 0.100000
2 0.185156 0.451389 0.055469 0.118056
2 0.209375 0.776389 0.056250 0.118056
2 0.245312 0.491667 0.067187 0.098611
2 0.267188 0.801389 0.062500 0.122222
2 0.567187 0.384722 0.063281 0.115278
2 0.600000 0.463889 0.066406 0.109722
2 0.631250 0.556944 0.057031 0.112500
2 0.646094 0.669444 0.052344 0.111111
2 0.649219 0.790278 0.042969 0.098611
3 0.075781 0.584722 0.050781 0.111111
3 0.147656 0.576389 0.067187 0.097222
3 0.213281 0.600000 0.054688 0.113889
3 0.274219 0.637500 0.070312 0.119444
3 0.371875 0.876389 0.058594 0.080556
3 0.434375 0.884722 0.052344 0.113889
3 0.515625 0.869444 0.046875 0.109722
3 0.573438 0.859722 0.060156 0.081944
4 0.329688 0.458333 0.055469 0.116667
4 0.337500 0.223611 0.060937 0.080556
4 0.351562 0.597222 0.059375 0.120833
4 0.388281 0.462500 0.053125 0.115278
4 0.402344 0.229167 0.060937 0.086111
4 0.416406 0.590278 0.047656 0.108333
4 0.451562 0.454167 0.044531 0.105556
4 0.466406 0.230556 0.060937 0.086111
4 0.471875 0.595833 0.042969 0.105556
4 0.515625 0.462500 0.047656 0.109722
4 0.532031 0.234722 0.057031 0.077778
4 0.532813 0.590278 0.043750 0.104167
4 0.597656 0.248611 0.059375 0.080556
8 0.337500 0.223611 0.060937 0.080556
9 0.402344 0.229167 0.060937 0.086111
10 0.466406 0.230556 0.060937 0.086111
11 0.532031 0.234722 0.057031 0.077778
12 0.597656 0.248611 0.059375 0.080556
13 0.351562 0.597222 0.059375 0.120833
14 0.416406 0.590278 0.047656 0.108333
15 0.471875 0.595833 0.042969 0.105556
16 0.532813 0.590278 0.043750 0.104167
17 0.329688 0.458333 0.055469 0.116667
18 0.388281 0.462500 0.053125 0.115278
19 0.451562 0.454167 0.044531 0.105556
20 0.515625 0.462500 0.047656 0.109722