0 0.489844 0.300000 0.060156 0.088889
0 0.482031 0.508333 0.042969 0.104167
0 0.530469 0.718056 0.065625 0.105556
0 0.539062 0.559722 0.059375 0.118056
0 0.550781 0.343056 0.064844 0.105556
0 0.600781 0.502778 0.062500 0.119444
0 0.624219 0.676389 0.057813 0.116667
0 0.631250 0.394444 0.053125 0.113889
0 0.641406 0.268056 0.065625 0.122222
0 0.664062 0.533333 0.066406 0.118056
0 0.696094 0.680556 0.060937 0.095833
0 0.705469 0.450000 0.060937 0.088889
0 0.717969 0.337500 0.047656 0.106944
0 0.769531 0.277778 0.065625 0.118056
1 0.482031 0.508333 0.042969 0.104167
2 0.489844 0.300000 0.060156 0.088889
2 0.539062 0.559722 0.059375 0.118056
2 0.550781 0.343056 0.064844 0.105556
2 0.600781 0.502778 0.062500 0.119444
2 0.631250 0.394444 0.053125 0.113889
2 0.641406 0.268056 0.065625 0.122222
2 0.664062 0.533333 0.066406 0.118056
2 0.696094 0.680556 0.060937 0.095833
2 0.705469 0.450000 0.060937 0.088889
2 0.769531 0.277778 0.065625 0.118056
3 0.530469 0.718056 0.065625 0.105556
3 0.624219 0.676389 0.057813 0.116667
3 0.717969 0.337500 0.047656 0.106944
7 0.482031 0.508333 0.042969 0.104167
13 0.482031 0.508333 0.042969 0.104167