0 0.334375 0.363194 0.059375 0.084722
0 0.375000 0.457639 0.054688 0.112500
0 0.381250 0.259028 0.040625 0.101389
0 0.439453 0.404861 0.067969 0.112500
0 0.441406 0.134722 0.065625 0.119444
0 0.453906 0.620139 0.046875 0.106944
0 0.492969 0.254861 0.059375 0.090278
0 0.525781 0.404167 0.056250 0.075000
0 0.545312 0.518056 0.060937 0.111111
0 0.578125 0.676389 0.060937 0.119444
0 0.572656 0.284722 0.048438 0.105556
0 0.599219 0.394444 0.064062 0.094444
0 0.647656 0.205556 0.048438 0.105556
0 0.655469 0.342361 0.062500 0.084722
0 0.656641 0.498611 0.064844 0.102778
0 0.652344 0.626389 0.056250 0.080556
0 0.716797 0.400000 0.055469 0.077778
0 0.716016 0.214583 0.050781 0.109722
0 0.730078 0.568056 0.060156 0.083333
0 0.783594 0.448611 0.059375 0.077778
1 0.381250 0.259028 0.040625 0.101389
1 0.783594 0.448611 0.059375 0.077778
2 0.453906 0.620139 0.046875 0.106944
2 0.492969 0.254861 0.059375 0.090278
2 0.525781 0.404167 0.056250 0.075000
2 0.545312 0.518056 0.060937 0.111111
2 0.572656 0.284722 0.048438 0.105556
2 0.647656 0.205556 0.048438 0.105556
2 0.655469 0.342361 0.062500 0.084722
2 0.656641 0.498611 0.064844 0.102778
2 0.652344 0.626389 0.056250 0.080556
2 0.716797 0.400000 0.055469 0.077778
3 0.334375 0.363194 0.059375 0.084722
3 0.375000 0.457639 0.054688 0.112500
3 0.439453 0.404861 0.067969 0.112500
3 0.441406 0.134722 0.065625 0.119444
3 0.578125 0.676389 0.060937 0.119444
3 0.599219 0.394444 0.064062 0.094444
3 0.716016 0.214583 0.050781 0.109722
3 0.730078 0.568056 0.060156 0.083333
4 0.381250 0.259028 0.040625 0.101389
7 0.783594 0.448611 0.059375 0.077778
11 0.381250 0.259028 0.040625 0.101389
13 0.783594 0.448611 0.059375 0.077778