0 0.237500 0.777778 0.066406 0.123611
0 0.250781 0.591667 0.044531 0.104167
0 0.294531 0.470833 0.062500 0.122222
0 0.310156 0.702778 0.058594 0.080556
0 0.325000 0.798611 0.066406 0.101389
0 0.368750 0.541667 0.049219 0.106944
0 0.429688 0.898611 0.066406 0.123611
0 0.431250 0.358333 0.061719 0.088889
0 0.470313 0.591667 0.060156 0.115278
0 0.488281 0.770833 0.054688 0.118056
0 0.507031 0.431944 0.039844 0.098611
0 0.537500 0.730556 0.067187 0.116667
0 0.537500 0.575000 0.049219 0.105556
0 0.549219 0.877778 0.050000 0.112500
0 0.567187 0.386111 0.062500 0.111111
0 0.616406 0.805556 0.065625 0.109722
0 0.642188 0.693056 0.065625 0.113889
0 0.685156 0.469444 0.057031 0.086111
0 0.685937 0.593056 0.053906 0.111111
2 0.237500 0.777778 0.066406 0.123611
2 0.250781 0.591667 0.044531 0.104167
2 0.294531 0.470833 0.062500 0.122222
2 0.310156 0.702778 0.058594 0.080556
2 0.325000 0.798611 0.066406 0.101389
2 0.368750 0.541667 0.049219 0.106944
2 0.431250 0.358333 0.061719 0.088889
2 0.507031 0.431944 0.039844 0.098611
2 0.567187 0.386111 0.062500 0.111111
2 0.685156 0.469444 0.057031 0.086111
2 0.685937 0.593056 0.053906 0.111111
3 0.429688 0.898611 0.066406 0.123611
3 0.470313 0.591667 0.060156 0.115278
3 0.488281 0.770833 0.054688 0.118056
3 0.537500 0.730556 0.067187 0.116667
3 0.537500 0.575000 0.049219 0.105556
3 0.549219 0.877778 0.050000 0.112500
3 0.616406 0.805556 0.065625 0.109722
3 0.642188 0.693056 0.065625 0.113889