0 0.206250 0.754167 0.073438 0.122222
0 0.214062 0.461111 0.053125 0.111111
0 0.235156 0.625000 0.068750 0.108333
0 0.304688 0.667361 0.065625 0.123611
0 0.340625 0.776389 0.057813 0.080556
0 0.372656 0.667361 0.064062 0.123611
0 0.433984 0.522917 0.052344 0.112500
0 0.442188 0.865972 0.064062 0.120833
0 0.448047 0.725000 0.057031 0.116667
0 0.501563 0.655556 0.060937 0.116667
0 0.533203 0.535417 0.066406 0.112500
0 0.537500 0.361111 0.046875 0.105556
0 0.539062 0.755556 0.042188 0.102778
0 0.580469 0.696528 0.048438 0.109722
0 0.609375 0.319444 0.060937 0.113889
0 0.607812 0.504861 0.056250 0.115278
0 0.652344 0.715278 0.054688 0.113889
0 0.687500 0.468056 0.057813 0.088889
0 0.685547 0.598611 0.049219 0.108333
2 0.206250 0.754167 0.073438 0.122222
2 0.214062 0.461111 0.053125 0.111111
2 0.235156 0.625000 0.068750 0.108333
2 0.304688 0.667361 0.065625 0.123611
2 0.340625 0.776389 0.057813 0.080556
2 0.372656 0.667361 0.064062 0.123611
2 0.533203 0.535417 0.066406 0.112500
2 0.537500 0.361111 0.046875 0.105556
2 0.609375 0.319444 0.060937 0.113889
2 0.687500 0.468056 0.057813 0.088889
2 0.685547 0.598611 0.049219 0.108333
3 0.433984 0.522917 0.052344 0.112500
3 0.442188 0.865972 0.064062 0.120833
3 0.448047 0.725000 0.057031 0.116667
3 0.501563 0.655556 0.060937 0.116667
3 0.539062 0.755556 0.042188 0.102778
3 0.580469 0.696528 0.048438 0.109722
3 0.607812 0.504861 0.056250 0.115278
3 0.652344 0.715278 0.054688 0.113889