0 0.283984 0.378472 0.041406 0.101389
0 0.341406 0.467361 0.060937 0.118056
0 0.341016 0.237500 0.047656 0.105556
0 0.360156 0.360417 0.050000 0.109722
0 0.366406 0.629167 0.053125 0.113889
0 0.391016 0.234028 0.061719 0.118056
0 0.425781 0.358333 0.040625 0.097222
0 0.447656 0.513889 0.056250 0.113889
0 0.451953 0.211806 0.046094 0.106944
0 0.478125 0.330556 0.043750 0.102778
0 0.500781 0.181944 0.053125 0.111111
0 0.508594 0.468750 0.051562 0.109722
0 0.526563 0.590278 0.054688 0.113889
0 0.539453 0.754861 0.064844 0.106944
0 0.538672 0.288889 0.041406 0.100000
0 0.547656 0.400694 0.050000 0.109722
0 0.573828 0.156250 0.053906 0.115278
0 0.603906 0.556250 0.065625 0.118056
0 0.608984 0.347222 0.055469 0.113889
0 0.618750 0.752083 0.064062 0.095833
0 0.623437 0.464583 0.064062 0.093056
0 0.634766 0.227778 0.049219 0.108333
0 0.675000 0.579167 0.040625 0.100000
0 0.687500 0.706944 0.065625 0.094444
0 0.688672 0.220833 0.052344 0.111111
0 0.694922 0.342361 0.053906 0.112500
0 0.701562 0.473611 0.065625 0.094444
0 0.769141 0.476389 0.063281 0.088889
0 0.791797 0.247917 0.069531 0.115278
1 0.283984 0.378472 0.041406 0.101389
1 0.341406 0.467361 0.060937 0.118056
1 0.341016 0.237500 0.047656 0.105556
1 0.360156 0.360417 0.050000 0.109722
1 0.366406 0.629167 0.053125 0.113889
1 0.391016 0.234028 0.061719 0.118056
1 0.425781 0.358333 0.040625 0.097222
1 0.447656 0.513889 0.056250 0.113889
1 0.451953 0.211806 0.046094 0.106944
1 0.478125 0.330556 0.043750 0.102778
1 0.500781 0.181944 0.053125 0.111111
1 0.508594 0.468750 0.051562 0.109722
1 0.526563 0.590278 0.054688 0.113889
1 0.538672 0.288889 0.041406 0.100000
1 0.547656 0.400694 0.050000 0.109722
1 0.573828 0.156250 0.053906 0.115278
1 0.603906 0.556250 0.065625 0.118056
1 0.608984 0.347222 0.055469 0.113889
1 0.618750 0.752083 0.064062 0.095833
1 0.623437 0.464583 0.064062 0.093056
1 0.634766 0.227778 0.049219 0.108333
1 0.675000 0.579167 0.040625 0.100000
1 0.687500 0.706944 0.065625 0.094444
1 0.688672 0.220833 0.052344 0.111111
1 0.694922 0.342361 0.053906 0.112500
1 0.701562 0.473611 0.065625 0.094444
1 0.769141 0.476389 0.063281 0.088889
1 0.791797 0.247917 0.069531 0.115278
3 0.539453 0.754861 0.064844 0.106944
4 0.360156 0.360417 0.050000 0.109722
4 0.366406 0.629167 0.053125 0.113889
4 0.391016 0.234028 0.061719 0.118056
4 0.500781 0.181944 0.053125 0.111111
4 0.538672 0.288889 0.041406 0.100000
4 0.603906 0.556250 0.065625 0.118056
4 0.701562 0.473611 0.065625 0.094444
5 0.341406 0.467361 0.060937 0.118056
5 0.425781 0.358333 0.040625 0.097222
5 0.478125 0.330556 0.043750 0.102778
5 0.526563 0.590278 0.054688 0.113889
5 0.547656 0.400694 0.050000 0.109722
5 0.608984 0.347222 0.055469 0.113889
5 0.634766 0.227778 0.049219 0.108333
6 0.341016 0.237500 0.047656 0.105556
6 0.451953 0.211806 0.046094 0.106944
6 0.508594 0.468750 0.051562 0.109722
6 0.618750 0.752083 0.064062 0.095833
6 0.769141 0.476389 0.063281 0.088889
7 0.283984 0.378472 0.041406 0.101389
7 0.447656 0.513889 0.056250 0.113889
7 0.573828 0.156250 0.053906 0.115278
7 0.623437 0.464583 0.064062 0.093056
7 0.675000 0.579167 0.040625 0.100000
7 0.687500 0.706944 0.065625 0.094444
7 0.688672 0.220833 0.052344 0.111111
7 0.694922 0.342361 0.053906 0.112500
7 0.791797 0.247917 0.069531 0.115278
8 0.391016 0.234028 0.061719 0.118056
8 0.623437 0.464583 0.064062 0.093056
9 0.526563 0.590278 0.054688 0.113889
9 0.573828 0.156250 0.053906 0.115278
10 0.366406 0.629167 0.053125 0.113889
10 0.425781 0.358333 0.040625 0.097222
10 0.688672 0.220833 0.052344 0.111111
11 0.283984 0.378472 0.041406 0.101389
11 0.360156 0.360417 0.050000 0.109722
11 0.634766 0.227778 0.049219 0.108333
12 0.769141 0.476389 0.063281 0.088889
13 0.500781 0.181944 0.053125 0.111111
13 0.791797 0.247917 0.069531 0.115278
14 0.341016 0.237500 0.047656 0.105556
14 0.694922 0.342361 0.053906 0.112500
15 0.447656 0.513889 0.056250 0.113889
16 0.341406 0.467361 0.060937 0.118056
16 0.618750 0.752083 0.064062 0.095833
17 0.508594 0.468750 0.051562 0.109722
17 0.608984 0.347222 0.055469 0.113889
18 0.478125 0.330556 0.043750 0.102778
18 0.603906 0.556250 0.065625 0.118056
18 0.687500 0.706944 0.065625 0.094444
19 0.451953 0.211806 0.046094 0.106944
19 0.538672 0.288889 0.041406 0.100000
19 0.675000 0.579167 0.040625 0.100000
20 0.547656 0.400694 0.050000 0.109722
20 0.701562 0.473611 0.065625 0.094444