0 0.461719 0.361806 0.064062 0.109722
0 0.482422 0.188889 0.055469 0.072222
0 0.495312 0.477778 0.064062 0.113889
0 0.513281 0.586806 0.059375 0.115278
0 0.538281 0.359722 0.067187 0.105556
0 0.566406 0.175694 0.059375 0.090278
0 0.575781 0.551389 0.051562 0.111111
0 0.596484 0.306250 0.063281 0.101389
0 0.625781 0.416667 0.064062 0.088889
0 0.651563 0.505556 0.043750 0.100000
0 0.694531 0.322222 0.046875 0.111111
0 0.740234 0.172222 0.063281 0.088889
0 0.750391 0.436111 0.052344 0.111111
0 0.763281 0.284722 0.060937 0.083333
1 0.513281 0.586806 0.059375 0.115278
2 0.461719 0.361806 0.064062 0.109722
2 0.482422 0.188889 0.055469 0.072222
2 0.495312 0.477778 0.064062 0.113889
2 0.566406 0.175694 0.059375 0.090278
2 0.596484 0.306250 0.063281 0.101389
2 0.625781 0.416667 0.064062 0.088889
2 0.651563 0.505556 0.043750 0.100000
2 0.694531 0.322222 0.046875 0.111111
2 0.740234 0.172222 0.063281 0.088889
2 0.750391 0.436111 0.052344 0.111111
2 0.763281 0.284722 0.060937 0.083333
3 0.538281 0.359722 0.067187 0.105556
3 0.575781 0.551389 0.051562 0.111111
5 0.513281 0.586806 0.059375 0.115278
12 0.513281 0.586806 0.059375 0.115278