0 0.125000 0.564583 0.068750 0.126389
0 0.152344 0.719444 0.070312 0.125000
0 0.176563 0.521528 0.065625 0.126389
0 0.196875 0.656250 0.065625 0.123611
0 0.224609 0.275000 0.058594 0.083333
0 0.229687 0.484028 0.054688 0.115278
0 0.256641 0.629861 0.053906 0.115278
0 0.282031 0.275000 0.046875 0.105556
0 0.324219 0.659722 0.070312 0.113889
0 0.314063 0.482639 0.043750 0.104167
0 0.329688 0.284028 0.045312 0.104167
0 0.369922 0.428472 0.052344 0.112500
0 0.390625 0.538889 0.068750 0.122222
0 0.387891 0.309722 0.044531 0.100000
0 0.389844 0.181944 0.043750 0.102778
0 0.434375 0.581250 0.059375 0.120833
0 0.489453 0.600694 0.042969 0.104167
0 0.508984 0.818750 0.053906 0.118056
1 0.125000 0.564583 0.068750 0.126389
1 0.176563 0.521528 0.065625 0.126389
1 0.229687 0.484028 0.054688 0.115278
1 0.324219 0.659722 0.070312 0.113889
1 0.314063 0.482639 0.043750 0.104167
1 0.369922 0.428472 0.052344 0.112500
1 0.390625 0.538889 0.068750 0.122222
1 0.434375 0.581250 0.059375 0.120833
1 0.489453 0.600694 0.042969 0.104167
1 0.508984 0.818750 0.053906 0.118056
2 0.152344 0.719444 0.070312 0.125000
2 0.196875 0.656250 0.065625 0.123611
2 0.224609 0.275000 0.058594 0.083333
2 0.256641 0.629861 0.053906 0.115278
2 0.282031 0.275000 0.046875 0.105556
2 0.329688 0.284028 0.045312 0.104167
2 0.387891 0.309722 0.044531 0.100000
2 0.389844 0.181944 0.043750 0.102778
7 0.125000 0.564583 0.068750 0.126389
7 0.176563 0.521528 0.065625 0.126389
7 0.229687 0.484028 0.054688 0.115278
7 0.324219 0.659722 0.070312 0.113889
7 0.314063 0.482639 0.043750 0.104167
7 0.369922 0.428472 0.052344 0.112500
7 0.390625 0.538889 0.068750 0.122222
7 0.434375 0.581250 0.059375 0.120833
7 0.489453 0.600694 0.042969 0.104167
7 0.508984 0.818750 0.053906 0.118056
8 0.324219 0.659722 0.070312 0.113889
12 0.508984 0.818750 0.053906 0.118056
13 0.390625 0.538889 0.068750 0.122222
14 0.434375 0.581250 0.059375 0.120833
15 0.489453 0.600694 0.042969 0.104167
16 0.125000 0.564583 0.068750 0.126389
17 0.176563 0.521528 0.065625 0.126389
18 0.229687 0.484028 0.054688 0.115278
19 0.314063 0.482639 0.043750 0.104167
20 0.369922 0.428472 0.052344 0.112500