0 0.175391 0.413889 0.069531 0.111111
0 0.187891 0.700000 0.052344 0.111111
0 0.243750 0.483333 0.068750 0.119444
0 0.234766 0.602778 0.042969 0.100000
0 0.265625 0.308333 0.059375 0.077778
0 0.277734 0.743750 0.044531 0.104167
0 0.302344 0.452083 0.057813 0.118056
0 0.346875 0.412500 0.064062 0.119444
0 0.345313 0.608333 0.048438 0.108333
0 0.353125 0.793750 0.062500 0.118056
0 0.362109 0.296528 0.058594 0.079167
0 0.387891 0.576389 0.049219 0.108333
0 0.427734 0.463889 0.063281 0.119444
0 0.424609 0.250000 0.053906 0.116667
0 0.430859 0.663889 0.049219 0.111111
0 0.466797 0.372222 0.060156 0.086111
0 0.470313 0.832639 0.051562 0.112500
0 0.484375 0.486111 0.043750 0.105556
0 0.501172 0.681250 0.052344 0.112500
0 0.536719 0.550000 0.050000 0.108333
0 0.551172 0.334722 0.061719 0.119444
0 0.541016 0.784722 0.039844 0.100000
0 0.565625 0.661111 0.065625 0.116667
0 0.590625 0.492361 0.046875 0.106944
0 0.614062 0.729167 0.046875 0.105556
0 0.618750 0.857639 0.050000 0.109722
0 0.631250 0.340278 0.045312 0.105556
0 0.660547 0.538889 0.041406 0.100000
1 0.175391 0.413889 0.069531 0.111111
1 0.243750 0.483333 0.068750 0.119444
1 0.265625 0.308333 0.059375 0.077778
1 0.302344 0.452083 0.057813 0.118056
1 0.345313 0.608333 0.048438 0.108333
1 0.353125 0.793750 0.062500 0.118056
1 0.362109 0.296528 0.058594 0.079167
1 0.427734 0.463889 0.063281 0.119444
1 0.424609 0.250000 0.053906 0.116667
1 0.466797 0.372222 0.060156 0.086111
1 0.470313 0.832639 0.051562 0.112500
1 0.484375 0.486111 0.043750 0.105556
1 0.536719 0.550000 0.050000 0.108333
1 0.551172 0.334722 0.061719 0.119444
1 0.541016 0.784722 0.039844 0.100000
1 0.565625 0.661111 0.065625 0.116667
1 0.590625 0.492361 0.046875 0.106944
1 0.614062 0.729167 0.046875 0.105556
1 0.618750 0.857639 0.050000 0.109722
1 0.631250 0.340278 0.045312 0.105556
1 0.660547 0.538889 0.041406 0.100000
2 0.430859 0.663889 0.049219 0.111111
3 0.187891 0.700000 0.052344 0.111111
3 0.234766 0.602778 0.042969 0.100000
3 0.277734 0.743750 0.044531 0.104167
3 0.346875 0.412500 0.064062 0.119444
3 0.387891 0.576389 0.049219 0.108333
3 0.501172 0.681250 0.052344 0.112500
4 0.243750 0.483333 0.068750 0.119444
4 0.466797 0.372222 0.060156 0.086111
4 0.484375 0.486111 0.043750 0.105556
4 0.536719 0.550000 0.050000 0.108333
4 0.551172 0.334722 0.061719 0.119444
5 0.302344 0.452083 0.057813 0.118056
5 0.427734 0.463889 0.063281 0.119444
5 0.470313 0.832639 0.051562 0.112500
5 0.541016 0.784722 0.039844 0.100000
5 0.618750 0.857639 0.050000 0.109722
5 0.660547 0.538889 0.041406 0.100000
6 0.265625 0.308333 0.059375 0.077778
6 0.345313 0.608333 0.048438 0.108333
6 0.362109 0.296528 0.058594 0.079167
6 0.565625 0.661111 0.065625 0.116667
6 0.631250 0.340278 0.045312 0.105556
7 0.175391 0.413889 0.069531 0.111111
7 0.353125 0.793750 0.062500 0.118056
7 0.424609 0.250000 0.053906 0.116667
7 0.590625 0.492361 0.046875 0.106944
7 0.614062 0.729167 0.046875 0.105556
8 0.466797 0.372222 0.060156 0.086111
8 0.590625 0.492361 0.046875 0.106944
9 0.424609 0.250000 0.053906 0.116667
9 0.618750 0.857639 0.050000 0.109722
10 0.175391 0.413889 0.069531 0.111111
10 0.536719 0.550000 0.050000 0.108333
10 0.541016 0.784722 0.039844 0.100000
11 0.470313 0.832639 0.051562 0.112500
11 0.614062 0.729167 0.046875 0.105556
12 0.565625 0.661111 0.065625 0.116667
13 0.353125 0.793750 0.062500 0.118056
13 0.484375 0.486111 0.043750 0.105556
14 0.345313 0.608333 0.048438 0.108333
15 0.427734 0.463889 0.063281 0.119444
16 0.265625 0.308333 0.059375 0.077778
17 0.243750 0.483333 0.068750 0.119444
17 0.631250 0.340278 0.045312 0.105556
18 0.302344 0.452083 0.057813 0.118056
19 0.362109 0.296528 0.058594 0.079167
20 0.551172 0.334722 0.061719 0.119444
20 0.660547 0.538889 0.041406 0.100000