0 0.295312 0.295833 0.053906 0.112500
0 0.312500 0.179167 0.050000 0.109722
0 0.352344 0.341667 0.063281 0.104167
0 0.361719 0.227778 0.056250 0.115278
0 0.425000 0.461111 0.055469 0.115278
0 0.450781 0.154167 0.065625 0.111111
0 0.465625 0.537500 0.064844 0.101389
0 0.488281 0.352778 0.055469 0.116667
0 0.500000 0.116667 0.066406 0.116667
0 0.528906 0.433333 0.064062 0.094444
0 0.535937 0.680556 0.053906 0.115278
0 0.558594 0.063889 0.059375 0.081944
0 0.575781 0.765278 0.064844 0.101389
0 0.591406 0.191667 0.067187 0.106944
0 0.601562 0.638889 0.064844 0.097222
0 0.642188 0.730556 0.055469 0.118056
0 0.658594 0.341667 0.062500 0.090278
0 0.679688 0.258333 0.064062 0.088889
0 0.738281 0.477778 0.048438 0.104167
0 0.753125 0.570833 0.060937 0.080556
0 0.762500 0.666667 0.050000 0.108333
0 0.805469 0.551389 0.049219 0.106944
0 0.856250 0.538889 0.051562 0.108333
1 0.425000 0.461111 0.055469 0.115278
1 0.465625 0.537500 0.064844 0.101389
1 0.488281 0.352778 0.055469 0.116667
1 0.528906 0.433333 0.064062 0.094444
2 0.450781 0.154167 0.065625 0.111111
2 0.500000 0.116667 0.066406 0.116667
2 0.558594 0.063889 0.059375 0.081944
2 0.591406 0.191667 0.067187 0.106944
2 0.658594 0.341667 0.062500 0.090278
2 0.679688 0.258333 0.064062 0.088889
2 0.738281 0.477778 0.048438 0.104167
2 0.753125 0.570833 0.060937 0.080556
2 0.762500 0.666667 0.050000 0.108333
2 0.805469 0.551389 0.049219 0.106944
2 0.856250 0.538889 0.051562 0.108333
3 0.295312 0.295833 0.053906 0.112500
3 0.312500 0.179167 0.050000 0.109722
3 0.352344 0.341667 0.063281 0.104167
3 0.361719 0.227778 0.056250 0.115278
3 0.535937 0.680556 0.053906 0.115278
3 0.575781 0.765278 0.064844 0.101389
3 0.601562 0.638889 0.064844 0.097222
3 0.642188 0.730556 0.055469 0.118056
5 0.488281 0.352778 0.055469 0.116667
6 0.425000 0.461111 0.055469 0.115278
6 0.528906 0.433333 0.064062 0.094444
7 0.465625 0.537500 0.064844 0.101389
13 0.425000 0.461111 0.055469 0.115278
13 0.488281 0.352778 0.055469 0.116667
15 0.465625 0.537500 0.064844 0.101389
15 0.528906 0.433333 0.064062 0.094444