0 0.388281 0.776389 0.049219 0.112500
0 0.451562 0.526389 0.042969 0.104167
0 0.485156 0.669444 0.057031 0.077778
0 0.498437 0.906944 0.067969 0.115278
0 0.529687 0.454167 0.050000 0.111111
0 0.544531 0.606944 0.045312 0.105556
0 0.563281 0.769444 0.060937 0.084722
0 0.594531 0.473611 0.055469 0.072222
0 0.607031 0.643056 0.060937 0.086111
0 0.617188 0.373611 0.059375 0.116667
0 0.635938 0.819444 0.061719 0.095833
0 0.652344 0.555556 0.067187 0.108333
0 0.666406 0.722222 0.056250 0.116667
0 0.680469 0.338889 0.053125 0.113889
0 0.717187 0.890278 0.067969 0.125000
0 0.739062 0.740278 0.064062 0.123611
0 0.763281 0.594444 0.069531 0.116667
0 0.763281 0.366667 0.064844 0.106944
0 0.796875 0.480556 0.057813 0.075000
0 0.802344 0.829167 0.068750 0.112500
0 0.851562 0.618056 0.064062 0.118056
0 0.869531 0.380556 0.044531 0.106944
0 0.934375 0.550000 0.050781 0.113889
1 0.717187 0.890278 0.067969 0.125000
1 0.739062 0.740278 0.064062 0.123611
1 0.763281 0.594444 0.069531 0.116667
1 0.869531 0.380556 0.044531 0.106944
2 0.388281 0.776389 0.049219 0.112500
2 0.451562 0.526389 0.042969 0.104167
2 0.485156 0.669444 0.057031 0.077778
2 0.498437 0.906944 0.067969 0.115278
2 0.529687 0.454167 0.050000 0.111111
2 0.617188 0.373611 0.059375 0.116667
2 0.680469 0.338889 0.053125 0.113889
2 0.763281 0.366667 0.064844 0.106944
2 0.796875 0.480556 0.057813 0.075000
2 0.851562 0.618056 0.064062 0.118056
2 0.934375 0.550000 0.050781 0.113889
3 0.544531 0.606944 0.045312 0.105556
3 0.563281 0.769444 0.060937 0.084722
3 0.594531 0.473611 0.055469 0.072222
3 0.607031 0.643056 0.060937 0.086111
3 0.635938 0.819444 0.061719 0.095833
3 0.652344 0.555556 0.067187 0.108333
3 0.666406 0.722222 0.056250 0.116667
3 0.802344 0.829167 0.068750 0.112500
4 0.739062 0.740278 0.064062 0.123611
4 0.763281 0.594444 0.069531 0.116667
4 0.869531 0.380556 0.044531 0.106944
6 0.717187 0.890278 0.067969 0.125000
11 0.717187 0.890278 0.067969 0.125000
12 0.763281 0.594444 0.069531 0.116667
13 0.739062 0.740278 0.064062 0.123611
20 0.869531 0.380556 0.044531 0.106944