0 0.330078 0.212500 0.047656 0.108333
0 0.337500 0.340972 0.043750 0.104167
0 0.402734 0.229167 0.047656 0.108333
0 0.419141 0.673611 0.063281 0.100000
0 0.410938 0.530556 0.043750 0.105556
0 0.427734 0.381250 0.050781 0.109722
0 0.469531 0.529167 0.053125 0.111111
0 0.466016 0.227778 0.044531 0.105556
0 0.478516 0.659722 0.052344 0.113889
0 0.499609 0.371528 0.060156 0.118056
0 0.518359 0.234028 0.049219 0.109722
0 0.524219 0.523611 0.040625 0.102778
0 0.539844 0.754861 0.065625 0.106944
0 0.558984 0.360417 0.039844 0.101389
0 0.573438 0.665972 0.056250 0.118056
0 0.578516 0.509028 0.042969 0.104167
0 0.580078 0.206250 0.044531 0.106944
0 0.619531 0.751389 0.065625 0.105556
0 0.614062 0.343750 0.051562 0.112500
0 0.628516 0.629861 0.055469 0.115278
0 0.628516 0.488889 0.044531 0.105556
0 0.631250 0.204861 0.045312 0.106944
0 0.674219 0.580556 0.040625 0.102778
0 0.687500 0.706250 0.065625 0.098611
0 0.698438 0.447222 0.059375 0.075000
0 0.744141 0.584028 0.047656 0.106944
0 0.775000 0.437500 0.050000 0.108333
1 0.330078 0.212500 0.047656 0.108333
1 0.337500 0.340972 0.043750 0.104167
1 0.402734 0.229167 0.047656 0.108333
1 0.419141 0.673611 0.063281 0.100000
1 0.410938 0.530556 0.043750 0.105556
1 0.427734 0.381250 0.050781 0.109722
1 0.469531 0.529167 0.053125 0.111111
1 0.466016 0.227778 0.044531 0.105556
1 0.478516 0.659722 0.052344 0.113889
1 0.499609 0.371528 0.060156 0.118056
1 0.518359 0.234028 0.049219 0.109722
1 0.524219 0.523611 0.040625 0.102778
1 0.558984 0.360417 0.039844 0.101389
1 0.573438 0.665972 0.056250 0.118056
1 0.578516 0.509028 0.042969 0.104167
1 0.580078 0.206250 0.044531 0.106944
1 0.619531 0.751389 0.065625 0.105556
1 0.614062 0.343750 0.051562 0.112500
1 0.628516 0.629861 0.055469 0.115278
1 0.631250 0.204861 0.045312 0.106944
1 0.674219 0.580556 0.040625 0.102778
1 0.687500 0.706250 0.065625 0.098611
1 0.744141 0.584028 0.047656 0.106944
1 0.775000 0.437500 0.050000 0.108333
3 0.539844 0.754861 0.065625 0.106944
3 0.628516 0.488889 0.044531 0.105556
3 0.698438 0.447222 0.059375 0.075000
4 0.402734 0.229167 0.047656 0.108333
4 0.410938 0.530556 0.043750 0.105556
4 0.466016 0.227778 0.044531 0.105556
4 0.478516 0.659722 0.052344 0.113889
4 0.524219 0.523611 0.040625 0.102778
4 0.628516 0.629861 0.055469 0.115278
5 0.469531 0.529167 0.053125 0.111111
5 0.518359 0.234028 0.049219 0.109722
5 0.573438 0.665972 0.056250 0.118056
5 0.578516 0.509028 0.042969 0.104167
5 0.614062 0.343750 0.051562 0.112500
5 0.631250 0.204861 0.045312 0.106944
5 0.744141 0.584028 0.047656 0.106944
6 0.427734 0.381250 0.050781 0.109722
6 0.558984 0.360417 0.039844 0.101389
6 0.619531 0.751389 0.065625 0.105556
6 0.775000 0.437500 0.050000 0.108333
7 0.330078 0.212500 0.047656 0.108333
7 0.337500 0.340972 0.043750 0.104167
7 0.419141 0.673611 0.063281 0.100000
7 0.499609 0.371528 0.060156 0.118056
7 0.580078 0.206250 0.044531 0.106944
7 0.674219 0.580556 0.040625 0.102778
7 0.687500 0.706250 0.065625 0.098611
8 0.402734 0.229167 0.047656 0.108333
8 0.499609 0.371528 0.060156 0.118056
9 0.573438 0.665972 0.056250 0.118056
10 0.330078 0.212500 0.047656 0.108333
10 0.410938 0.530556 0.043750 0.105556
10 0.631250 0.204861 0.045312 0.106944
11 0.337500 0.340972 0.043750 0.104167
11 0.478516 0.659722 0.052344 0.113889
11 0.614062 0.343750 0.051562 0.112500
13 0.466016 0.227778 0.044531 0.105556
14 0.580078 0.206250 0.044531 0.106944
14 0.775000 0.437500 0.050000 0.108333
15 0.419141 0.673611 0.063281 0.100000
16 0.469531 0.529167 0.053125 0.111111
16 0.619531 0.751389 0.065625 0.105556
17 0.518359 0.234028 0.049219 0.109722
17 0.524219 0.523611 0.040625 0.102778
17 0.558984 0.360417 0.039844 0.101389
18 0.628516 0.629861 0.055469 0.115278
18 0.687500 0.706250 0.065625 0.098611
18 0.744141 0.584028 0.047656 0.106944
19 0.427734 0.381250 0.050781 0.109722
19 0.674219 0.580556 0.040625 0.102778
20 0.578516 0.509028 0.042969 0.104167