0 0.451953 0.322222 0.039844 0.100000
0 0.467969 0.830556 0.065625 0.113889
0 0.471484 0.229861 0.060156 0.087500
0 0.476172 0.082639 0.063281 0.093056
0 0.546875 0.604167 0.046875 0.105556
0 0.608984 0.629167 0.064844 0.102778
0 0.664844 0.665972 0.064062 0.118056
0 0.705078 0.847222 0.058594 0.116667
0 0.714063 0.318750 0.064062 0.101389
0 0.718750 0.481944 0.046875 0.105556
0 0.759766 0.569444 0.063281 0.100000
0 0.764062 0.767361 0.064062 0.109722
0 0.790625 0.943750 0.060937 0.109722
0 0.858594 0.506250 0.045312 0.104167
0 0.948828 0.528472 0.039844 0.098611
0 0.958594 0.831250 0.056250 0.115278
1 0.467969 0.830556 0.065625 0.113889
1 0.476172 0.082639 0.063281 0.093056
1 0.608984 0.629167 0.064844 0.102778
1 0.664844 0.665972 0.064062 0.118056
1 0.705078 0.847222 0.058594 0.116667
1 0.858594 0.506250 0.045312 0.104167
1 0.948828 0.528472 0.039844 0.098611
2 0.451953 0.322222 0.039844 0.100000
2 0.759766 0.569444 0.063281 0.100000
3 0.471484 0.229861 0.060156 0.087500
3 0.546875 0.604167 0.046875 0.105556
3 0.714063 0.318750 0.064062 0.101389
3 0.718750 0.481944 0.046875 0.105556
3 0.764062 0.767361 0.064062 0.109722
3 0.790625 0.943750 0.060937 0.109722
3 0.958594 0.831250 0.056250 0.115278
4 0.467969 0.830556 0.065625 0.113889
4 0.705078 0.847222 0.058594 0.116667
4 0.858594 0.506250 0.045312 0.104167
5 0.476172 0.082639 0.063281 0.093056
5 0.608984 0.629167 0.064844 0.102778
5 0.664844 0.665972 0.064062 0.118056
5 0.948828 0.528472 0.039844 0.098611
8 0.664844 0.665972 0.064062 0.118056
9 0.476172 0.082639 0.063281 0.093056
12 0.948828 0.528472 0.039844 0.098611
14 0.467969 0.830556 0.065625 0.113889
15 0.608984 0.629167 0.064844 0.102778
18 0.705078 0.847222 0.058594 0.116667
19 0.858594 0.506250 0.045312 0.104167