0 0.332031 0.808333 0.065625 0.093056
0 0.437500 0.805556 0.060937 0.083333
0 0.443750 0.483333 0.060156 0.119444
0 0.517969 0.586111 0.062500 0.105556
0 0.542188 0.783333 0.066406 0.118056
0 0.598437 0.577778 0.060156 0.086111
0 0.678906 0.618056 0.064062 0.120833
1 0.443750 0.483333 0.060156 0.119444
1 0.678906 0.618056 0.064062 0.120833
2 0.517969 0.586111 0.062500 0.105556
3 0.332031 0.808333 0.065625 0.093056
3 0.437500 0.805556 0.060937 0.083333
3 0.542188 0.783333 0.066406 0.118056
3 0.598437 0.577778 0.060156 0.086111
4 0.678906 0.618056 0.064062 0.120833
5 0.443750 0.483333 0.060156 0.119444
13 0.678906 0.618056 0.064062 0.120833
14 0.443750 0.483333 0.060156 0.119444