0 0.055859 0.369444 0.060156 0.130556
0 0.096094 0.444444 0.060937 0.130556
0 0.139453 0.506250 0.061719 0.129167
0 0.180469 0.569444 0.062500 0.130556
0 0.242188 0.251389 0.071875 0.141667
0 0.250000 0.757639 0.059375 0.120833
0 0.265234 0.481250 0.066406 0.087500
0 0.287500 0.570139 0.065625 0.087500
0 0.317188 0.662500 0.070312 0.088889
0 0.336719 0.293056 0.065625 0.086111
0 0.342187 0.893056 0.056250 0.125000
0 0.402344 0.623611 0.071875 0.138889
0 0.397656 0.859028 0.057813 0.126389
0 0.402734 0.423611 0.064844 0.133333
0 0.453125 0.607639 0.068750 0.131944
0 0.463281 0.425000 0.070312 0.111111
0 0.489453 0.284722 0.074219 0.119444
0 0.518750 0.830556 0.057813 0.119444
0 0.559375 0.293750 0.075000 0.118056
0 0.571484 0.656250 0.067969 0.123611
0 0.571094 0.813889 0.054688 0.119444
0 0.635938 0.659722 0.067187 0.122222
0 0.641016 0.542361 0.069531 0.123611
1 0.055859 0.369444 0.060156 0.130556
1 0.096094 0.444444 0.060937 0.130556
1 0.139453 0.506250 0.061719 0.129167
1 0.180469 0.569444 0.062500 0.130556
2 0.250000 0.757639 0.059375 0.120833
2 0.265234 0.481250 0.066406 0.087500
2 0.287500 0.570139 0.065625 0.087500
2 0.317188 0.662500 0.070312 0.088889
2 0.402734 0.423611 0.064844 0.133333
2 0.463281 0.425000 0.070312 0.111111
2 0.518750 0.830556 0.057813 0.119444
2 0.571484 0.656250 0.067969 0.123611
2 0.571094 0.813889 0.054688 0.119444
2 0.635938 0.659722 0.067187 0.122222
2 0.641016 0.542361 0.069531 0.123611
3 0.242188 0.251389 0.071875 0.141667
3 0.336719 0.293056 0.065625 0.086111
3 0.342187 0.893056 0.056250 0.125000
3 0.402344 0.623611 0.071875 0.138889
3 0.397656 0.859028 0.057813 0.126389
3 0.453125 0.607639 0.068750 0.131944
3 0.489453 0.284722 0.074219 0.119444
3 0.559375 0.293750 0.075000 0.118056
4 0.096094 0.444444 0.060937 0.130556
4 0.139453 0.506250 0.061719 0.129167
4 0.180469 0.569444 0.062500 0.130556
5 0.055859 0.369444 0.060156 0.130556
11 0.096094 0.444444 0.060937 0.130556
17 0.139453 0.506250 0.061719 0.129167
19 0.180469 0.569444 0.062500 0.130556
20 0.055859 0.369444 0.060156 0.130556