0 0.086719 0.445139 0.067187 0.095833
0 0.123438 0.298611 0.073438 0.125000
0 0.123828 0.626389 0.064844 0.122222
0 0.176563 0.723611 0.070312 0.125000
0 0.184375 0.173611 0.064062 0.080556
0 0.192969 0.469444 0.062500 0.088889
0 0.196875 0.377778 0.062500 0.088889
0 0.201953 0.602083 0.069531 0.112500
0 0.245312 0.266667 0.064062 0.125000
0 0.255078 0.675000 0.066406 0.122222
0 0.273438 0.144444 0.065625 0.091667
0 0.265234 0.519444 0.044531 0.105556
0 0.267188 0.401389 0.043750 0.105556
0 0.321875 0.381944 0.043750 0.102778
0 0.322266 0.509028 0.041406 0.101389
0 0.323047 0.245833 0.041406 0.102778
0 0.337500 0.710417 0.046875 0.109722
0 0.378125 0.141667 0.062500 0.122222
0 0.371875 0.525000 0.043750 0.105556
0 0.372656 0.390972 0.042188 0.104167
0 0.390234 0.702778 0.060156 0.119444
0 0.396094 0.268750 0.068750 0.120833
0 0.414844 0.615972 0.067187 0.115278
0 0.430078 0.395833 0.061719 0.086111
0 0.439844 0.500000 0.059375 0.091667
0 0.457813 0.190972 0.068750 0.120833
0 0.489063 0.321528 0.053125 0.112500
0 0.495312 0.584722 0.046875 0.108333
0 0.512500 0.456944 0.043750 0.102778
1 0.086719 0.445139 0.067187 0.095833
1 0.123438 0.298611 0.073438 0.125000
1 0.176563 0.723611 0.070312 0.125000
1 0.184375 0.173611 0.064062 0.080556
1 0.273438 0.144444 0.065625 0.091667
1 0.265234 0.519444 0.044531 0.105556
1 0.267188 0.401389 0.043750 0.105556
1 0.322266 0.509028 0.041406 0.101389
1 0.378125 0.141667 0.062500 0.122222
1 0.371875 0.525000 0.043750 0.105556
1 0.390234 0.702778 0.060156 0.119444
1 0.457813 0.190972 0.068750 0.120833
1 0.495312 0.584722 0.046875 0.108333
2 0.192969 0.469444 0.062500 0.088889
2 0.196875 0.377778 0.062500 0.088889
2 0.201953 0.602083 0.069531 0.112500
2 0.245312 0.266667 0.064062 0.125000
2 0.255078 0.675000 0.066406 0.122222
2 0.323047 0.245833 0.041406 0.102778
2 0.337500 0.710417 0.046875 0.109722
2 0.396094 0.268750 0.068750 0.120833
2 0.414844 0.615972 0.067187 0.115278
2 0.430078 0.395833 0.061719 0.086111
2 0.439844 0.500000 0.059375 0.091667
3 0.123828 0.626389 0.064844 0.122222
3 0.321875 0.381944 0.043750 0.102778
3 0.372656 0.390972 0.042188 0.104167
3 0.489063 0.321528 0.053125 0.112500
3 0.512500 0.456944 0.043750 0.102778
4 0.123438 0.298611 0.073438 0.125000
4 0.267188 0.401389 0.043750 0.105556
4 0.371875 0.525000 0.043750 0.105556
5 0.086719 0.445139 0.067187 0.095833
5 0.273438 0.144444 0.065625 0.091667
5 0.265234 0.519444 0.044531 0.105556
6 0.184375 0.173611 0.064062 0.080556
6 0.322266 0.509028 0.041406 0.101389
6 0.378125 0.141667 0.062500 0.122222
6 0.495312 0.584722 0.046875 0.108333
7 0.176563 0.723611 0.070312 0.125000
7 0.390234 0.702778 0.060156 0.119444
7 0.457813 0.190972 0.068750 0.120833
8 0.086719 0.445139 0.067187 0.095833
9 0.457813 0.190972 0.068750 0.120833
11 0.267188 0.401389 0.043750 0.105556
12 0.322266 0.509028 0.041406 0.101389
14 0.184375 0.173611 0.064062 0.080556
14 0.371875 0.525000 0.043750 0.105556
16 0.273438 0.144444 0.065625 0.091667
16 0.378125 0.141667 0.062500 0.122222
17 0.123438 0.298611 0.073438 0.125000
17 0.176563 0.723611 0.070312 0.125000
17 0.495312 0.584722 0.046875 0.108333
18 0.265234 0.519444 0.044531 0.105556
18 0.390234 0.702778 0.060156 0.119444