0 0.397656 0.532639 0.053125 0.115278
0 0.403516 0.717361 0.055469 0.115278
0 0.437891 0.837500 0.066406 0.102778
0 0.469531 0.612500 0.064062 0.100000
0 0.472656 0.491667 0.042188 0.100000
0 0.484375 0.706944 0.056250 0.077778
0 0.512500 0.793750 0.062500 0.084722
0 0.533203 0.601389 0.063281 0.119444
0 0.547656 0.466667 0.064062 0.113889
0 0.601172 0.706944 0.063281 0.113889
0 0.673438 0.690278 0.062500 0.119444
0 0.685547 0.479861 0.060156 0.081944
0 0.695312 0.795833 0.060937 0.086111
0 0.746484 0.576389 0.060156 0.080556
0 0.753906 0.693750 0.068750 0.123611
0 0.820312 0.861111 0.067187 0.111111
0 0.848047 0.615278 0.064844 0.119444
0 0.931641 0.546528 0.050781 0.112500
1 0.685547 0.479861 0.060156 0.081944
1 0.695312 0.795833 0.060937 0.086111
1 0.746484 0.576389 0.060156 0.080556
1 0.753906 0.693750 0.068750 0.123611
2 0.397656 0.532639 0.053125 0.115278
2 0.469531 0.612500 0.064062 0.100000
2 0.484375 0.706944 0.056250 0.077778
2 0.533203 0.601389 0.063281 0.119444
2 0.547656 0.466667 0.064062 0.113889
2 0.601172 0.706944 0.063281 0.113889
2 0.848047 0.615278 0.064844 0.119444
2 0.931641 0.546528 0.050781 0.112500
3 0.403516 0.717361 0.055469 0.115278
3 0.437891 0.837500 0.066406 0.102778
3 0.472656 0.491667 0.042188 0.100000
3 0.512500 0.793750 0.062500 0.084722
3 0.673438 0.690278 0.062500 0.119444
3 0.820312 0.861111 0.067187 0.111111
4 0.685547 0.479861 0.060156 0.081944
5 0.753906 0.693750 0.068750 0.123611
7 0.695312 0.795833 0.060937 0.086111
7 0.746484 0.576389 0.060156 0.080556
8 0.695312 0.795833 0.060937 0.086111
10 0.746484 0.576389 0.060156 0.080556
16 0.753906 0.693750 0.068750 0.123611
18 0.685547 0.479861 0.060156 0.081944