0 0.175781 0.850000 0.057813 0.119444
0 0.196484 0.365278 0.055469 0.116667
0 0.259375 0.375000 0.059375 0.119444
0 0.288281 0.243750 0.042188 0.104167
0 0.310937 0.578472 0.057813 0.118056
0 0.332813 0.457639 0.067187 0.118056
0 0.331250 0.706250 0.048438 0.109722
0 0.380078 0.821528 0.050781 0.112500
0 0.395313 0.702778 0.065625 0.119444
0 0.399219 0.570833 0.043750 0.102778
0 0.420312 0.396528 0.054688 0.115278
0 0.445312 0.260417 0.067187 0.112500
0 0.471094 0.554167 0.065625 0.116667
0 0.476562 0.408333 0.053125 0.113889
0 0.475781 0.809722 0.043750 0.105556
0 0.478906 0.675694 0.040625 0.098611
0 0.535547 0.636111 0.057031 0.116667
0 0.533594 0.381250 0.050000 0.112500
0 0.553125 0.529861 0.059375 0.115278
0 0.550781 0.809722 0.053125 0.113889
0 0.605078 0.647222 0.063281 0.102778
1 0.175781 0.850000 0.057813 0.119444
1 0.196484 0.365278 0.055469 0.116667
1 0.259375 0.375000 0.059375 0.119444
1 0.288281 0.243750 0.042188 0.104167
1 0.310937 0.578472 0.057813 0.118056
1 0.332813 0.457639 0.067187 0.118056
1 0.331250 0.706250 0.048438 0.109722
1 0.380078 0.821528 0.050781 0.112500
1 0.395313 0.702778 0.065625 0.119444
1 0.399219 0.570833 0.043750 0.102778
1 0.420312 0.396528 0.054688 0.115278
1 0.445312 0.260417 0.067187 0.112500
1 0.471094 0.554167 0.065625 0.116667
1 0.476562 0.408333 0.053125 0.113889
1 0.475781 0.809722 0.043750 0.105556
1 0.478906 0.675694 0.040625 0.098611
1 0.535547 0.636111 0.057031 0.116667
1 0.533594 0.381250 0.050000 0.112500
1 0.553125 0.529861 0.059375 0.115278
1 0.550781 0.809722 0.053125 0.113889
2 0.605078 0.647222 0.063281 0.102778
4 0.196484 0.365278 0.055469 0.116667
4 0.259375 0.375000 0.059375 0.119444
4 0.331250 0.706250 0.048438 0.109722
4 0.395313 0.702778 0.065625 0.119444
4 0.471094 0.554167 0.065625 0.116667
4 0.475781 0.809722 0.043750 0.105556
4 0.535547 0.636111 0.057031 0.116667
4 0.533594 0.381250 0.050000 0.112500
5 0.175781 0.850000 0.057813 0.119444
5 0.288281 0.243750 0.042188 0.104167
5 0.420312 0.396528 0.054688 0.115278
5 0.476562 0.408333 0.053125 0.113889
5 0.478906 0.675694 0.040625 0.098611
5 0.553125 0.529861 0.059375 0.115278
5 0.550781 0.809722 0.053125 0.113889
6 0.380078 0.821528 0.050781 0.112500
6 0.399219 0.570833 0.043750 0.102778
6 0.445312 0.260417 0.067187 0.112500
7 0.310937 0.578472 0.057813 0.118056
7 0.332813 0.457639 0.067187 0.118056
8 0.395313 0.702778 0.065625 0.119444
9 0.476562 0.408333 0.053125 0.113889
10 0.331250 0.706250 0.048438 0.109722
10 0.478906 0.675694 0.040625 0.098611
11 0.445312 0.260417 0.067187 0.112500
11 0.471094 0.554167 0.065625 0.116667
11 0.553125 0.529861 0.059375 0.115278
12 0.420312 0.396528 0.054688 0.115278
13 0.310937 0.578472 0.057813 0.118056
14 0.533594 0.381250 0.050000 0.112500
15 0.259375 0.375000 0.059375 0.119444
16 0.175781 0.850000 0.057813 0.119444
16 0.399219 0.570833 0.043750 0.102778
16 0.535547 0.636111 0.057031 0.116667
17 0.475781 0.809722 0.043750 0.105556
18 0.196484 0.365278 0.055469 0.116667
18 0.380078 0.821528 0.050781 0.112500
18 0.550781 0.809722 0.053125 0.113889
19 0.288281 0.243750 0.042188 0.104167
20 0.332813 0.457639 0.067187 0.118056