0 0.075000 0.588889 0.050000 0.111111
0 0.112500 0.218750 0.062500 0.084722
0 0.120703 0.452778 0.072656 0.122222
0 0.134766 0.756250 0.069531 0.101389
0 0.146875 0.579167 0.067187 0.097222
0 0.178125 0.226389 0.060937 0.080556
0 0.183984 0.454861 0.055469 0.118056
0 0.208984 0.779861 0.057031 0.118056
0 0.212109 0.602778 0.053906 0.113889
0 0.241406 0.226389 0.060937 0.080556
0 0.244531 0.494444 0.067187 0.100000
0 0.266016 0.803472 0.061719 0.123611
0 0.272266 0.638889 0.069531 0.119444
0 0.305859 0.236111 0.058594 0.080556
0 0.328516 0.459722 0.055469 0.119444
0 0.350781 0.598611 0.059375 0.119444
0 0.371875 0.877778 0.059375 0.083333
0 0.376563 0.240972 0.059375 0.076389
0 0.387109 0.463889 0.052344 0.113889
0 0.387500 0.463889 0.051562 0.111111
0 0.415625 0.590278 0.046875 0.108333
0 0.434375 0.884028 0.051562 0.115278
0 0.453906 0.447917 0.051562 0.112500
0 0.471484 0.595139 0.042969 0.106944
0 0.513672 0.463889 0.049219 0.111111
0 0.515234 0.868750 0.047656 0.109722
0 0.532031 0.590278 0.043750 0.102778
0 0.565625 0.386111 0.062500 0.113889
0 0.573438 0.859722 0.059375 0.080556
0 0.599219 0.464583 0.065625 0.109722
0 0.630859 0.556250 0.057031 0.112500
0 0.644922 0.668750 0.052344 0.109722
0 0.649219 0.790278 0.042188 0.100000
1 0.112500 0.218750 0.062500 0.084722
1 0.178125 0.226389 0.060937 0.080556
1 0.241406 0.226389 0.060937 0.080556
1 0.305859 0.236111 0.058594 0.080556
1 0.328516 0.459722 0.055469 0.119444
1 0.350781 0.598611 0.059375 0.119444
1 0.376563 0.240972 0.059375 0.076389
1 0.387109 0.463889 0.052344 0.113889
1 0.387500 0.463889 0.051562 0.111111
1 0.415625 0.590278 0.046875 0.108333
1 0.453906 0.447917 0.051562 0.112500
1 0.471484 0.595139 0.042969 0.106944
1 0.513672 0.463889 0.049219 0.111111
1 0.532031 0.590278 0.043750 0.102778
2 0.120703 0.452778 0.072656 0.122222
2 0.134766 0.756250 0.069531 0.101389
2 0.183984 0.454861 0.055469 0.118056
2 0.208984 0.779861 0.057031 0.118056
2 0.244531 0.494444 0.067187 0.100000
2 0.266016 0.803472 0.061719 0.123611
2 0.565625 0.386111 0.062500 0.113889
2 0.599219 0.464583 0.065625 0.109722
2 0.630859 0.556250 0.057031 0.112500
2 0.644922 0.668750 0.052344 0.109722
2 0.649219 0.790278 0.042188 0.100000
3 0.075000 0.588889 0.050000 0.111111
3 0.146875 0.579167 0.067187 0.097222
3 0.212109 0.602778 0.053906 0.113889
3 0.272266 0.638889 0.069531 0.119444
3 0.371875 0.877778 0.059375 0.083333
3 0.434375 0.884028 0.051562 0.115278
3 0.515234 0.868750 0.047656 0.109722
3 0.573438 0.859722 0.059375 0.080556
4 0.112500 0.218750 0.062500 0.084722
4 0.178125 0.226389 0.060937 0.080556
4 0.241406 0.226389 0.060937 0.080556
4 0.305859 0.236111 0.058594 0.080556
4 0.328516 0.459722 0.055469 0.119444
4 0.350781 0.598611 0.059375 0.119444
4 0.376563 0.240972 0.059375 0.076389
4 0.387109 0.463889 0.052344 0.113889
4 0.387500 0.463889 0.051562 0.111111
4 0.415625 0.590278 0.046875 0.108333
4 0.453906 0.447917 0.051562 0.112500
4 0.471484 0.595139 0.042969 0.106944
4 0.513672 0.463889 0.049219 0.111111
4 0.532031 0.590278 0.043750 0.102778
8 0.112500 0.218750 0.062500 0.084722
9 0.178125 0.226389 0.060937 0.080556
10 0.241406 0.226389 0.060937 0.080556
11 0.305859 0.236111 0.058594 0.080556
12 0.376563 0.240972 0.059375 0.076389
13 0.350781 0.598611 0.059375 0.119444
14 0.415625 0.590278 0.046875 0.108333
15 0.471484 0.595139 0.042969 0.106944
16 0.532031 0.590278 0.043750 0.102778
17 0.328516 0.459722 0.055469 0.119444
18 0.387109 0.463889 0.052344 0.113889
18 0.387500 0.463889 0.051562 0.111111
19 0.453906 0.447917 0.051562 0.112500
20 0.513672 0.463889 0.049219 0.111111