0 0.453516 0.383333 0.055469 0.116667
0 0.487109 0.248611 0.047656 0.108333
0 0.512500 0.406250 0.046875 0.104167
0 0.520703 0.131250 0.044531 0.106944
0 0.530469 0.527778 0.045312 0.108333
0 0.561719 0.332639 0.056250 0.084722
0 0.566406 0.218750 0.060937 0.101389
0 0.585547 0.458333 0.053906 0.113889
0 0.601953 0.112500 0.067969 0.100000
0 0.618750 0.577778 0.043750 0.100000
0 0.640625 0.206944 0.059375 0.113889
0 0.637500 0.343056 0.050000 0.113889
0 0.680469 0.436806 0.045312 0.101389
0 0.717969 0.325000 0.062500 0.122222
1 0.637500 0.343056 0.050000 0.113889
2 0.453516 0.383333 0.055469 0.116667
2 0.512500 0.406250 0.046875 0.104167
2 0.520703 0.131250 0.044531 0.106944
2 0.530469 0.527778 0.045312 0.108333
2 0.561719 0.332639 0.056250 0.084722
2 0.566406 0.218750 0.060937 0.101389
2 0.585547 0.458333 0.053906 0.113889
2 0.601953 0.112500 0.067969 0.100000
2 0.618750 0.577778 0.043750 0.100000
2 0.640625 0.206944 0.059375 0.113889
2 0.717969 0.325000 0.062500 0.122222
3 0.487109 0.248611 0.047656 0.108333
3 0.680469 0.436806 0.045312 0.101389
7 0.637500 0.343056 0.050000 0.113889
13 0.637500 0.343056 0.050000 0.113889