0 0.338281 0.634722 0.059375 0.119444
0 0.345313 0.795833 0.043750 0.102778
0 0.371875 0.518750 0.062500 0.118056
0 0.381250 0.404167 0.068750 0.108333
0 0.396875 0.673611 0.065625 0.116667
0 0.413672 0.852083 0.064844 0.101389
0 0.435937 0.509722 0.060937 0.083333
0 0.438281 0.738889 0.065625 0.105556
0 0.451562 0.310417 0.053125 0.112500
0 0.471484 0.604861 0.057031 0.115278
0 0.502344 0.866667 0.065625 0.116667
0 0.507812 0.718056 0.064062 0.113889
0 0.523438 0.348611 0.065625 0.102778
0 0.528906 0.476389 0.057813 0.080556
0 0.549609 0.603472 0.046094 0.106944
0 0.594531 0.216667 0.048438 0.108333
0 0.602734 0.787500 0.058594 0.119444
0 0.613281 0.631250 0.064062 0.098611
1 0.338281 0.634722 0.059375 0.119444
1 0.345313 0.795833 0.043750 0.102778
1 0.371875 0.518750 0.062500 0.118056
1 0.381250 0.404167 0.068750 0.108333
1 0.396875 0.673611 0.065625 0.116667
1 0.413672 0.852083 0.064844 0.101389
1 0.435937 0.509722 0.060937 0.083333
1 0.438281 0.738889 0.065625 0.105556
1 0.528906 0.476389 0.057813 0.080556
1 0.594531 0.216667 0.048438 0.108333
1 0.602734 0.787500 0.058594 0.119444
1 0.613281 0.631250 0.064062 0.098611
2 0.451562 0.310417 0.053125 0.112500
3 0.471484 0.604861 0.057031 0.115278
3 0.502344 0.866667 0.065625 0.116667
3 0.507812 0.718056 0.064062 0.113889
3 0.523438 0.348611 0.065625 0.102778
3 0.549609 0.603472 0.046094 0.106944
4 0.438281 0.738889 0.065625 0.105556
4 0.528906 0.476389 0.057813 0.080556
5 0.602734 0.787500 0.058594 0.119444
5 0.613281 0.631250 0.064062 0.098611
6 0.338281 0.634722 0.059375 0.119444
6 0.345313 0.795833 0.043750 0.102778
6 0.381250 0.404167 0.068750 0.108333
6 0.396875 0.673611 0.065625 0.116667
6 0.413672 0.852083 0.064844 0.101389
7 0.371875 0.518750 0.062500 0.118056
7 0.435937 0.509722 0.060937 0.083333
7 0.594531 0.216667 0.048438 0.108333
10 0.345313 0.795833 0.043750 0.102778
10 0.602734 0.787500 0.058594 0.119444
11 0.413672 0.852083 0.064844 0.101389
13 0.594531 0.216667 0.048438 0.108333
15 0.396875 0.673611 0.065625 0.116667
15 0.435937 0.509722 0.060937 0.083333
15 0.613281 0.631250 0.064062 0.098611
16 0.371875 0.518750 0.062500 0.118056
17 0.528906 0.476389 0.057813 0.080556
18 0.338281 0.634722 0.059375 0.119444
19 0.381250 0.404167 0.068750 0.108333
20 0.438281 0.738889 0.065625 0.105556