0 0.239063 0.383333 0.054688 0.111111
0 0.242969 0.523611 0.040625 0.097222
0 0.255078 0.286111 0.057031 0.075000
0 0.289844 0.586111 0.054688 0.116667
0 0.312891 0.313889 0.060156 0.086111
0 0.331250 0.138889 0.059375 0.080556
0 0.346094 0.567361 0.053125 0.115278
0 0.393750 0.129167 0.062500 0.094444
0 0.457422 0.104167 0.063281 0.088889
0 0.479687 0.271528 0.056250 0.076389
0 0.526953 0.116667 0.066406 0.105556
0 0.541406 0.329167 0.045312 0.102778
1 0.331250 0.138889 0.059375 0.080556
1 0.393750 0.129167 0.062500 0.094444
1 0.457422 0.104167 0.063281 0.088889
1 0.526953 0.116667 0.066406 0.105556
2 0.239063 0.383333 0.054688 0.111111
2 0.242969 0.523611 0.040625 0.097222
2 0.289844 0.586111 0.054688 0.116667
2 0.346094 0.567361 0.053125 0.115278
2 0.541406 0.329167 0.045312 0.102778
3 0.255078 0.286111 0.057031 0.075000
3 0.312891 0.313889 0.060156 0.086111
3 0.479687 0.271528 0.056250 0.076389
4 0.457422 0.104167 0.063281 0.088889
5 0.393750 0.129167 0.062500 0.094444
6 0.331250 0.138889 0.059375 0.080556
7 0.526953 0.116667 0.066406 0.105556
9 0.331250 0.138889 0.059375 0.080556
9 0.526953 0.116667 0.066406 0.105556
14 0.457422 0.104167 0.063281 0.088889
15 0.393750 0.129167 0.062500 0.094444