0 0.286695 0.599222 0.046000 0.104694
0 0.311750 0.755729 0.046875 0.107292
0 0.334309 0.866153 0.052742 0.110417
0 0.338266 0.436722 0.043656 0.103639
0 0.348375 0.569007 0.041609 0.100514
0 0.367563 0.725778 0.047172 0.106778
0 0.391152 0.427604 0.042773 0.101042
0 0.400965 0.564847 0.047758 0.106778
0 0.402434 0.839847 0.043070 0.103639
0 0.416055 0.718750 0.044531 0.103111
0 0.451215 0.443493 0.050398 0.109903
0 0.456195 0.573174 0.046297 0.106764
0 0.454879 0.861458 0.039555 0.100000
0 0.505570 0.846097 0.046000 0.105722
0 0.505715 0.548694 0.042195 0.101556
0 0.532961 0.683854 0.049219 0.109375
0 0.562113 0.839847 0.040727 0.101556
0 0.593172 0.684375 0.055375 0.115639
0 0.593613 0.535681 0.041023 0.101556
0 0.606066 0.822396 0.044242 0.104181
0 0.654703 0.537500 0.040141 0.097917
0 0.660711 0.690104 0.049812 0.109375
1 0.286695 0.599222 0.046000 0.104694
1 0.311750 0.755729 0.046875 0.107292
1 0.334309 0.866153 0.052742 0.110417
1 0.338266 0.436722 0.043656 0.103639
1 0.348375 0.569007 0.041609 0.100514
1 0.367563 0.725778 0.047172 0.106778
1 0.400965 0.564847 0.047758 0.106778
1 0.402434 0.839847 0.043070 0.103639
1 0.451215 0.443493 0.050398 0.109903
1 0.456195 0.573174 0.046297 0.106764
1 0.454879 0.861458 0.039555 0.100000
1 0.505570 0.846097 0.046000 0.105722
1 0.505715 0.548694 0.042195 0.101556
1 0.532961 0.683854 0.049219 0.109375
1 0.562113 0.839847 0.040727 0.101556
1 0.593172 0.684375 0.055375 0.115639
1 0.593613 0.535681 0.041023 0.101556
1 0.606066 0.822396 0.044242 0.104181
1 0.660711 0.690104 0.049812 0.109375
2 0.391152 0.427604 0.042773 0.101042
3 0.416055 0.718750 0.044531 0.103111
3 0.654703 0.537500 0.040141 0.097917
4 0.400965 0.564847 0.047758 0.106778
4 0.451215 0.443493 0.050398 0.109903
4 0.456195 0.573174 0.046297 0.106764
4 0.505570 0.846097 0.046000 0.105722
4 0.606066 0.822396 0.044242 0.104181
5 0.311750 0.755729 0.046875 0.107292
5 0.348375 0.569007 0.041609 0.100514
5 0.505715 0.548694 0.042195 0.101556
5 0.562113 0.839847 0.040727 0.101556
6 0.286695 0.599222 0.046000 0.104694
6 0.334309 0.866153 0.052742 0.110417
6 0.338266 0.436722 0.043656 0.103639
6 0.367563 0.725778 0.047172 0.106778
6 0.402434 0.839847 0.043070 0.103639
6 0.532961 0.683854 0.049219 0.109375
6 0.593172 0.684375 0.055375 0.115639
6 0.593613 0.535681 0.041023 0.101556
7 0.454879 0.861458 0.039555 0.100000
7 0.660711 0.690104 0.049812 0.109375
8 0.311164 0.754687 0.046875 0.107292
8 0.402434 0.839326 0.043070 0.103653
9 0.450922 0.442972 0.050391 0.109889
9 0.592883 0.683326 0.055375 0.115625
10 0.337969 0.436201 0.043656 0.103653
11 0.593613 0.534632 0.041023 0.101569
12 0.455906 0.572653 0.046297 0.106778
12 0.454879 0.860417 0.039555 0.100000
12 0.505129 0.547653 0.042195 0.101556
13 0.286406 0.598694 0.046000 0.104694
14 0.400676 0.564326 0.047758 0.106764
14 0.562113 0.839319 0.040727 0.101556
15 0.334020 0.865097 0.052742 0.110417
15 0.505273 0.845056 0.046000 0.105722
16 0.605770 0.821875 0.044242 0.104167
16 0.660414 0.689063 0.049812 0.109375
18 0.532668 0.683326 0.049227 0.109375
19 0.348375 0.568493 0.041609 0.100514
20 0.367273 0.724743 0.047172 0.106764