0 0.129688 0.448611 0.075000 0.127778
0 0.127344 0.643750 0.065625 0.123611
0 0.156641 0.743056 0.066406 0.125000
0 0.178516 0.552778 0.067969 0.111111
0 0.176563 0.256944 0.051562 0.113889
0 0.192578 0.402083 0.057031 0.076389
0 0.226562 0.690278 0.057813 0.119444
0 0.244141 0.343056 0.067969 0.122222
0 0.242188 0.469444 0.064062 0.119444
0 0.265625 0.572222 0.062500 0.122222
0 0.269531 0.243750 0.060937 0.120833
0 0.312109 0.118750 0.060156 0.120833
0 0.316406 0.588889 0.060937 0.122222
0 0.314844 0.708333 0.045312 0.105556
0 0.318750 0.383333 0.046875 0.105556
0 0.325391 0.259722 0.047656 0.108333
0 0.359766 0.527778 0.064844 0.105556
0 0.369531 0.394444 0.042188 0.102778
0 0.380078 0.655556 0.053906 0.111111
0 0.382422 0.212500 0.057031 0.119444
0 0.425000 0.543750 0.065625 0.115278
0 0.430469 0.411111 0.060937 0.086111
0 0.426953 0.306944 0.044531 0.105556
0 0.442969 0.172222 0.054688 0.119444
0 0.486719 0.212500 0.054688 0.116667
0 0.491406 0.339583 0.051562 0.112500
0 0.501953 0.591667 0.052344 0.111111
0 0.515234 0.472917 0.042969 0.104167
0 0.547656 0.604861 0.048438 0.109722
1 0.129688 0.448611 0.075000 0.127778
1 0.156641 0.743056 0.066406 0.125000
1 0.176563 0.256944 0.051562 0.113889
1 0.265625 0.572222 0.062500 0.122222
1 0.269531 0.243750 0.060937 0.120833
1 0.312109 0.118750 0.060156 0.120833
1 0.369531 0.394444 0.042188 0.102778
1 0.382422 0.212500 0.057031 0.119444
1 0.426953 0.306944 0.044531 0.105556
1 0.442969 0.172222 0.054688 0.119444
1 0.486719 0.212500 0.054688 0.116667
1 0.501953 0.591667 0.052344 0.111111
1 0.547656 0.604861 0.048438 0.109722
2 0.178516 0.552778 0.067969 0.111111
2 0.192578 0.402083 0.057031 0.076389
2 0.226562 0.690278 0.057813 0.119444
2 0.242188 0.469444 0.064062 0.119444
2 0.316406 0.588889 0.060937 0.122222
2 0.314844 0.708333 0.045312 0.105556
2 0.325391 0.259722 0.047656 0.108333
2 0.359766 0.527778 0.064844 0.105556
2 0.380078 0.655556 0.053906 0.111111
2 0.425000 0.543750 0.065625 0.115278
2 0.430469 0.411111 0.060937 0.086111
3 0.127344 0.643750 0.065625 0.123611
3 0.244141 0.343056 0.067969 0.122222
3 0.318750 0.383333 0.046875 0.105556
3 0.491406 0.339583 0.051562 0.112500
3 0.515234 0.472917 0.042969 0.104167
4 0.129688 0.448611 0.075000 0.127778
4 0.156641 0.743056 0.066406 0.125000
4 0.382422 0.212500 0.057031 0.119444
4 0.426953 0.306944 0.044531 0.105556
5 0.176563 0.256944 0.051562 0.113889
5 0.265625 0.572222 0.062500 0.122222
5 0.269531 0.243750 0.060937 0.120833
5 0.312109 0.118750 0.060156 0.120833
5 0.369531 0.394444 0.042188 0.102778
6 0.442969 0.172222 0.054688 0.119444
6 0.486719 0.212500 0.054688 0.116667
6 0.547656 0.604861 0.048438 0.109722
7 0.501953 0.591667 0.052344 0.111111
8 0.156641 0.743056 0.066406 0.125000
11 0.312109 0.118750 0.060156 0.120833
11 0.486719 0.212500 0.054688 0.116667
12 0.426953 0.306944 0.044531 0.105556
14 0.369531 0.394444 0.042188 0.102778
15 0.382422 0.212500 0.057031 0.119444
16 0.501953 0.591667 0.052344 0.111111
17 0.269531 0.243750 0.060937 0.120833
18 0.547656 0.604861 0.048438 0.109722
19 0.176563 0.256944 0.051562 0.113889
19 0.442969 0.172222 0.054688 0.119444
20 0.129688 0.448611 0.075000 0.127778
20 0.265625 0.572222 0.062500 0.122222