0 0.163281 0.602778 0.054688 0.116667
0 0.178125 0.786111 0.046875 0.108333
0 0.209375 0.377778 0.050000 0.111111
0 0.218750 0.537500 0.059375 0.083333
0 0.249219 0.667361 0.053125 0.112500
0 0.262891 0.803472 0.049219 0.109722
0 0.282031 0.284028 0.050000 0.109722
0 0.297266 0.427778 0.046094 0.105556
0 0.323828 0.572222 0.057031 0.116667
0 0.362891 0.275000 0.055469 0.116667
0 0.380078 0.704861 0.046094 0.106944
0 0.387109 0.412500 0.049219 0.108333
0 0.404687 0.834028 0.056250 0.115278
0 0.416406 0.573611 0.056250 0.075000
0 0.439063 0.703472 0.043750 0.104167
0 0.469531 0.318750 0.065625 0.106944
0 0.469141 0.492361 0.058594 0.118056
0 0.480859 0.825000 0.066406 0.111111
0 0.489453 0.686111 0.053906 0.113889
0 0.525000 0.466667 0.040625 0.097222
0 0.544922 0.629861 0.066406 0.115278
0 0.552344 0.788889 0.050000 0.108333
0 0.595313 0.500000 0.045312 0.105556
0 0.608594 0.707639 0.046875 0.106944
1 0.163281 0.602778 0.054688 0.116667
1 0.178125 0.786111 0.046875 0.108333
1 0.209375 0.377778 0.050000 0.111111
1 0.249219 0.667361 0.053125 0.112500
1 0.282031 0.284028 0.050000 0.109722
1 0.297266 0.427778 0.046094 0.105556
1 0.323828 0.572222 0.057031 0.116667
1 0.362891 0.275000 0.055469 0.116667
1 0.380078 0.704861 0.046094 0.106944
1 0.387109 0.412500 0.049219 0.108333
1 0.416406 0.573611 0.056250 0.075000
1 0.439063 0.703472 0.043750 0.104167
1 0.469531 0.318750 0.065625 0.106944
1 0.469141 0.492361 0.058594 0.118056
1 0.480859 0.825000 0.066406 0.111111
1 0.489453 0.686111 0.053906 0.113889
1 0.544922 0.629861 0.066406 0.115278
1 0.595313 0.500000 0.045312 0.105556
1 0.608594 0.707639 0.046875 0.106944
2 0.218750 0.537500 0.059375 0.083333
2 0.262891 0.803472 0.049219 0.109722
3 0.404687 0.834028 0.056250 0.115278
3 0.525000 0.466667 0.040625 0.097222
3 0.552344 0.788889 0.050000 0.108333
4 0.163281 0.602778 0.054688 0.116667
4 0.178125 0.786111 0.046875 0.108333
4 0.249219 0.667361 0.053125 0.112500
4 0.323828 0.572222 0.057031 0.116667
4 0.380078 0.704861 0.046094 0.106944
4 0.608594 0.707639 0.046875 0.106944
5 0.416406 0.573611 0.056250 0.075000
6 0.387109 0.412500 0.049219 0.108333
6 0.439063 0.703472 0.043750 0.104167
6 0.469531 0.318750 0.065625 0.106944
6 0.480859 0.825000 0.066406 0.111111
7 0.209375 0.377778 0.050000 0.111111
7 0.282031 0.284028 0.050000 0.109722
7 0.297266 0.427778 0.046094 0.105556
7 0.362891 0.275000 0.055469 0.116667
7 0.469141 0.492361 0.058594 0.118056
7 0.489453 0.686111 0.053906 0.113889
7 0.544922 0.629861 0.066406 0.115278
7 0.595313 0.500000 0.045312 0.105556
8 0.163281 0.602778 0.054688 0.116667
8 0.297266 0.427778 0.046094 0.105556
8 0.416406 0.573611 0.056250 0.075000
9 0.469141 0.492361 0.058594 0.118056
10 0.387109 0.412500 0.049219 0.108333
10 0.544922 0.629861 0.066406 0.115278
12 0.209375 0.377778 0.050000 0.111111
13 0.323828 0.572222 0.057031 0.116667
13 0.439063 0.703472 0.043750 0.104167
14 0.480859 0.825000 0.066406 0.111111
15 0.380078 0.704861 0.046094 0.106944
16 0.489453 0.686111 0.053906 0.113889
17 0.249219 0.667361 0.053125 0.112500
17 0.595313 0.500000 0.045312 0.105556
18 0.178125 0.786111 0.046875 0.108333
18 0.282031 0.284028 0.050000 0.109722
19 0.608594 0.707639 0.046875 0.106944
20 0.362891 0.275000 0.055469 0.116667
20 0.469531 0.318750 0.065625 0.106944