0 0.304688 0.575000 0.068750 0.112500
0 0.308594 0.418056 0.062500 0.120833
0 0.347656 0.347222 0.045312 0.102778
0 0.364063 0.551389 0.065625 0.118056
0 0.403906 0.444444 0.068750 0.116667
0 0.421094 0.705556 0.062500 0.111111
0 0.419531 0.305556 0.058594 0.081944
0 0.473438 0.595833 0.055469 0.079167
0 0.481250 0.212500 0.044531 0.108333
0 0.493750 0.393056 0.047656 0.111111
0 0.534375 0.480556 0.061719 0.095833
0 0.540625 0.304167 0.053906 0.118056
0 0.587500 0.533333 0.060156 0.111111
0 0.596875 0.395833 0.064062 0.119444
0 0.607031 0.226389 0.064062 0.113889
1 0.596875 0.395833 0.064062 0.119444
2 0.304688 0.575000 0.068750 0.112500
2 0.347656 0.347222 0.045312 0.102778
2 0.403906 0.444444 0.068750 0.116667
2 0.421094 0.705556 0.062500 0.111111
2 0.419531 0.305556 0.058594 0.081944
2 0.473438 0.595833 0.055469 0.079167
2 0.493750 0.393056 0.047656 0.111111
2 0.534375 0.480556 0.061719 0.095833
2 0.540625 0.304167 0.053906 0.118056
2 0.587500 0.533333 0.060156 0.111111
2 0.607031 0.226389 0.064062 0.113889
3 0.308594 0.418056 0.062500 0.120833
3 0.364063 0.551389 0.065625 0.118056
3 0.481250 0.212500 0.044531 0.108333
7 0.596875 0.395833 0.064062 0.119444
17 0.596875 0.395833 0.064062 0.119444