0 0.215625 0.354167 0.046875 0.108333
0 0.265234 0.459722 0.047656 0.105556
0 0.276172 0.307639 0.050781 0.112500
0 0.306250 0.204167 0.059375 0.116667
0 0.378906 0.602778 0.065625 0.113889
0 0.457031 0.152778 0.057813 0.077778
0 0.452734 0.636111 0.042969 0.102778
0 0.511719 0.139583 0.057813 0.079167
0 0.527734 0.379167 0.066406 0.116667
0 0.567187 0.123611 0.056250 0.080556
0 0.585938 0.300000 0.064062 0.094444
0 0.642969 0.304167 0.040625 0.097222
0 0.695312 0.431250 0.059375 0.076389
0 0.710156 0.556944 0.068750 0.105556
0 0.785937 0.443750 0.051562 0.109722
0 0.825000 0.295139 0.071875 0.118056
1 0.215625 0.354167 0.046875 0.108333
1 0.265234 0.459722 0.047656 0.105556
1 0.276172 0.307639 0.050781 0.112500
1 0.306250 0.204167 0.059375 0.116667
2 0.378906 0.602778 0.065625 0.113889
2 0.457031 0.152778 0.057813 0.077778
2 0.452734 0.636111 0.042969 0.102778
2 0.511719 0.139583 0.057813 0.079167
2 0.567187 0.123611 0.056250 0.080556
2 0.642969 0.304167 0.040625 0.097222
2 0.695312 0.431250 0.059375 0.076389
2 0.710156 0.556944 0.068750 0.105556
2 0.785937 0.443750 0.051562 0.109722
2 0.825000 0.295139 0.071875 0.118056
3 0.527734 0.379167 0.066406 0.116667
3 0.585938 0.300000 0.064062 0.094444
4 0.265234 0.459722 0.047656 0.105556
5 0.215625 0.354167 0.046875 0.108333
6 0.306250 0.204167 0.059375 0.116667
7 0.276172 0.307639 0.050781 0.112500
9 0.276172 0.307639 0.050781 0.112500
9 0.306250 0.204167 0.059375 0.116667
14 0.265234 0.459722 0.047656 0.105556
15 0.215625 0.354167 0.046875 0.108333