0 0.225000 0.480556 0.062500 0.122222
0 0.299219 0.433333 0.068750 0.116667
0 0.302344 0.578472 0.048438 0.109722
0 0.326172 0.251389 0.066406 0.108333
0 0.346094 0.668750 0.065625 0.120833
0 0.347266 0.520833 0.058594 0.086111
0 0.392188 0.173611 0.064062 0.094444
0 0.402734 0.426389 0.061719 0.119444
0 0.410547 0.289583 0.064844 0.093056
0 0.472656 0.332639 0.060937 0.093056
0 0.509766 0.443750 0.064844 0.115278
0 0.506250 0.543056 0.056250 0.075000
0 0.524609 0.240278 0.052344 0.111111
0 0.559375 0.720833 0.062500 0.116667
0 0.562109 0.368056 0.064844 0.122222
0 0.581641 0.252778 0.041406 0.100000
0 0.626953 0.506944 0.067969 0.113889
0 0.652734 0.368056 0.049219 0.108333
1 0.225000 0.480556 0.062500 0.122222
2 0.299219 0.433333 0.068750 0.116667
2 0.302344 0.578472 0.048438 0.109722
2 0.326172 0.251389 0.066406 0.108333
2 0.347266 0.520833 0.058594 0.086111
2 0.392188 0.173611 0.064062 0.094444
2 0.402734 0.426389 0.061719 0.119444
2 0.410547 0.289583 0.064844 0.093056
2 0.472656 0.332639 0.060937 0.093056
2 0.524609 0.240278 0.052344 0.111111
2 0.559375 0.720833 0.062500 0.116667
2 0.562109 0.368056 0.064844 0.122222
3 0.346094 0.668750 0.065625 0.120833
3 0.509766 0.443750 0.064844 0.115278
3 0.506250 0.543056 0.056250 0.075000
3 0.581641 0.252778 0.041406 0.100000
3 0.626953 0.506944 0.067969 0.113889
3 0.652734 0.368056 0.049219 0.108333
4 0.225000 0.480556 0.062500 0.122222
8 0.225000 0.480556 0.062500 0.122222