0 0.112500 0.593750 0.050000 0.109722
0 0.155859 0.453472 0.066406 0.101389
0 0.172266 0.768750 0.061719 0.084722
0 0.175781 0.622917 0.062500 0.087500
0 0.218750 0.462500 0.053125 0.116667
0 0.239453 0.784722 0.053906 0.113889
0 0.244922 0.611111 0.053906 0.113889
0 0.271875 0.504167 0.065625 0.097222
0 0.296875 0.676389 0.062500 0.086111
0 0.299219 0.812500 0.064062 0.094444
0 0.310156 0.276389 0.065625 0.102778
0 0.368750 0.322917 0.060937 0.115278
0 0.375391 0.627778 0.044531 0.105556
0 0.378125 0.758333 0.048438 0.111111
0 0.387500 0.197917 0.059375 0.087500
0 0.396484 0.456944 0.063281 0.122222
0 0.401172 0.887500 0.058594 0.080556
0 0.431641 0.758333 0.044531 0.108333
0 0.440625 0.620139 0.048438 0.112500
0 0.441016 0.303472 0.044531 0.101389
0 0.463672 0.895139 0.052344 0.115278
0 0.475000 0.482639 0.068750 0.120833
0 0.487109 0.748611 0.046094 0.108333
0 0.493750 0.620833 0.053125 0.113889
0 0.541406 0.750000 0.043750 0.105556
0 0.544141 0.881250 0.047656 0.109722
0 0.559375 0.618750 0.051562 0.112500
0 0.568750 0.488889 0.065625 0.094444
0 0.603125 0.873611 0.059375 0.080556
0 0.609375 0.763889 0.046875 0.108333
0 0.625000 0.636111 0.056250 0.119444
0 0.696094 0.879167 0.060937 0.094444
1 0.375391 0.627778 0.044531 0.105556
1 0.378125 0.758333 0.048438 0.111111
1 0.396484 0.456944 0.063281 0.122222
1 0.431641 0.758333 0.044531 0.108333
1 0.440625 0.620139 0.048438 0.112500
1 0.475000 0.482639 0.068750 0.120833
1 0.487109 0.748611 0.046094 0.108333
1 0.493750 0.620833 0.053125 0.113889
1 0.541406 0.750000 0.043750 0.105556
1 0.559375 0.618750 0.051562 0.112500
1 0.568750 0.488889 0.065625 0.094444
1 0.609375 0.763889 0.046875 0.108333
1 0.625000 0.636111 0.056250 0.119444
2 0.155859 0.453472 0.066406 0.101389
2 0.172266 0.768750 0.061719 0.084722
2 0.218750 0.462500 0.053125 0.116667
2 0.239453 0.784722 0.053906 0.113889
2 0.271875 0.504167 0.065625 0.097222
2 0.299219 0.812500 0.064062 0.094444
2 0.310156 0.276389 0.065625 0.102778
2 0.368750 0.322917 0.060937 0.115278
2 0.387500 0.197917 0.059375 0.087500
2 0.441016 0.303472 0.044531 0.101389
2 0.696094 0.879167 0.060937 0.094444
3 0.112500 0.593750 0.050000 0.109722
3 0.175781 0.622917 0.062500 0.087500
3 0.244922 0.611111 0.053906 0.113889
3 0.296875 0.676389 0.062500 0.086111
3 0.401172 0.887500 0.058594 0.080556
3 0.463672 0.895139 0.052344 0.115278
3 0.544141 0.881250 0.047656 0.109722
3 0.603125 0.873611 0.059375 0.080556
5 0.375391 0.627778 0.044531 0.105556
5 0.378125 0.758333 0.048438 0.111111
5 0.396484 0.456944 0.063281 0.122222
5 0.431641 0.758333 0.044531 0.108333
5 0.440625 0.620139 0.048438 0.112500
5 0.475000 0.482639 0.068750 0.120833
5 0.487109 0.748611 0.046094 0.108333
5 0.493750 0.620833 0.053125 0.113889
5 0.541406 0.750000 0.043750 0.105556
5 0.559375 0.618750 0.051562 0.112500
5 0.568750 0.488889 0.065625 0.094444
5 0.609375 0.763889 0.046875 0.108333
5 0.625000 0.636111 0.056250 0.119444
8 0.609375 0.763889 0.046875 0.108333
9 0.541406 0.750000 0.043750 0.105556
10 0.487109 0.748611 0.046094 0.108333
11 0.431641 0.758333 0.044531 0.108333
12 0.378125 0.758333 0.048438 0.111111
13 0.625000 0.636111 0.056250 0.119444
14 0.559375 0.618750 0.051562 0.112500
15 0.493750 0.620833 0.053125 0.113889
16 0.440625 0.620139 0.048438 0.112500
17 0.375391 0.627778 0.044531 0.105556
18 0.568750 0.488889 0.065625 0.094444
19 0.475000 0.482639 0.068750 0.120833
20 0.396484 0.456944 0.063281 0.122222