0 0.300000 0.319444 0.043750 0.102778
0 0.335938 0.479167 0.056250 0.086111
0 0.375781 0.297222 0.065625 0.116667
0 0.393750 0.584028 0.065625 0.106944
0 0.427734 0.654167 0.064844 0.111111
0 0.432031 0.450000 0.050000 0.108333
0 0.444531 0.306250 0.057813 0.079167
0 0.456250 0.087500 0.053125 0.072222
0 0.471484 0.440278 0.046094 0.105556
0 0.479687 0.592361 0.040625 0.101389
0 0.498437 0.725000 0.067187 0.113889
0 0.512109 0.079167 0.053906 0.075000
0 0.519531 0.312500 0.060937 0.088889
0 0.526953 0.413889 0.044531 0.105556
0 0.570703 0.075000 0.055469 0.072222
0 0.582422 0.669444 0.069531 0.116667
0 0.582031 0.381250 0.042188 0.104167
0 0.591797 0.273611 0.058594 0.077778
0 0.640625 0.406944 0.046875 0.105556
0 0.689844 0.454167 0.046875 0.108333
0 0.718359 0.320139 0.069531 0.123611
1 0.375781 0.297222 0.065625 0.116667
1 0.444531 0.306250 0.057813 0.079167
1 0.519531 0.312500 0.060937 0.088889
1 0.591797 0.273611 0.058594 0.077778
2 0.300000 0.319444 0.043750 0.102778
2 0.335938 0.479167 0.056250 0.086111
2 0.432031 0.450000 0.050000 0.108333
2 0.456250 0.087500 0.053125 0.072222
2 0.471484 0.440278 0.046094 0.105556
2 0.512109 0.079167 0.053906 0.075000
2 0.526953 0.413889 0.044531 0.105556
2 0.582422 0.669444 0.069531 0.116667
2 0.582031 0.381250 0.042188 0.104167
2 0.640625 0.406944 0.046875 0.105556
2 0.689844 0.454167 0.046875 0.108333
3 0.393750 0.584028 0.065625 0.106944
3 0.427734 0.654167 0.064844 0.111111
3 0.479687 0.592361 0.040625 0.101389
3 0.498437 0.725000 0.067187 0.113889
3 0.570703 0.075000 0.055469 0.072222
3 0.718359 0.320139 0.069531 0.123611
4 0.375781 0.297222 0.065625 0.116667
4 0.444531 0.306250 0.057813 0.079167
4 0.519531 0.312500 0.060937 0.088889
4 0.591797 0.273611 0.058594 0.077778
10 0.375781 0.297222 0.065625 0.116667
12 0.519531 0.312500 0.060937 0.088889
13 0.591797 0.273611 0.058594 0.077778
20 0.444531 0.306250 0.057813 0.079167