0 0.263281 0.643056 0.059375 0.113889
0 0.259375 0.494444 0.042188 0.100000
0 0.325000 0.679861 0.051562 0.109722
0 0.354297 0.497222 0.049219 0.105556
0 0.444922 0.547222 0.058594 0.116667
0 0.453125 0.151389 0.056250 0.075000
0 0.478906 0.406250 0.065625 0.115278
0 0.503125 0.876389 0.062500 0.122222
0 0.510156 0.145833 0.056250 0.072222
0 0.519922 0.612500 0.064844 0.119444
0 0.565625 0.481944 0.065625 0.119444
0 0.567187 0.139583 0.057813 0.076389
0 0.574609 0.858333 0.058594 0.122222
0 0.597266 0.652778 0.050781 0.111111
0 0.625000 0.131250 0.059375 0.076389
0 0.624219 0.531944 0.057813 0.116667
0 0.644141 0.371528 0.052344 0.112500
0 0.659375 0.720833 0.059375 0.119444
0 0.692969 0.592361 0.070312 0.120833
0 0.736328 0.731250 0.071094 0.120833
1 0.453125 0.151389 0.056250 0.075000
1 0.510156 0.145833 0.056250 0.072222
1 0.567187 0.139583 0.057813 0.076389
1 0.625000 0.131250 0.059375 0.076389
2 0.263281 0.643056 0.059375 0.113889
2 0.259375 0.494444 0.042188 0.100000
2 0.325000 0.679861 0.051562 0.109722
2 0.354297 0.497222 0.049219 0.105556
2 0.444922 0.547222 0.058594 0.116667
2 0.478906 0.406250 0.065625 0.115278
2 0.565625 0.481944 0.065625 0.119444
2 0.624219 0.531944 0.057813 0.116667
2 0.692969 0.592361 0.070312 0.120833
3 0.503125 0.876389 0.062500 0.122222
3 0.519922 0.612500 0.064844 0.119444
3 0.574609 0.858333 0.058594 0.122222
3 0.597266 0.652778 0.050781 0.111111
3 0.644141 0.371528 0.052344 0.112500
3 0.659375 0.720833 0.059375 0.119444
3 0.736328 0.731250 0.071094 0.120833
6 0.453125 0.151389 0.056250 0.075000
6 0.510156 0.145833 0.056250 0.072222
6 0.567187 0.139583 0.057813 0.076389
6 0.625000 0.131250 0.059375 0.076389
10 0.625000 0.131250 0.059375 0.076389
11 0.567187 0.139583 0.057813 0.076389
16 0.453125 0.151389 0.056250 0.075000
19 0.509375 0.147222 0.056250 0.072222