0 0.497266 0.402778 0.067969 0.111111
0 0.507031 0.198611 0.067187 0.108333
0 0.525391 0.625694 0.050781 0.109722
0 0.590234 0.438889 0.063281 0.094444
0 0.589844 0.238889 0.057813 0.083333
0 0.605469 0.336111 0.046875 0.105556
0 0.630859 0.579861 0.063281 0.120833
0 0.665625 0.679167 0.057813 0.075000
0 0.671875 0.212500 0.065625 0.105556
0 0.680078 0.325000 0.063281 0.116667
0 0.692187 0.459722 0.059375 0.119444
0 0.731250 0.605556 0.059375 0.088889
0 0.765234 0.354861 0.071094 0.120833
1 0.671875 0.212500 0.065625 0.105556
2 0.497266 0.402778 0.067969 0.111111
2 0.525391 0.625694 0.050781 0.109722
2 0.590234 0.438889 0.063281 0.094444
2 0.589844 0.238889 0.057813 0.083333
2 0.605469 0.336111 0.046875 0.105556
2 0.630859 0.579861 0.063281 0.120833
2 0.680078 0.325000 0.063281 0.116667
2 0.692187 0.459722 0.059375 0.119444
2 0.731250 0.605556 0.059375 0.088889
2 0.765234 0.354861 0.071094 0.120833
3 0.507031 0.198611 0.067187 0.108333
3 0.665625 0.679167 0.057813 0.075000
5 0.671875 0.212500 0.065625 0.105556
15 0.671875 0.212500 0.065625 0.105556