0 0.151172 0.429167 0.053906 0.113889
0 0.228906 0.295833 0.046875 0.105556
0 0.241016 0.450000 0.060156 0.077778
0 0.312500 0.240278 0.050000 0.108333
0 0.312500 0.396528 0.043750 0.104167
0 0.336719 0.504167 0.057813 0.075000
0 0.374609 0.216667 0.039844 0.097222
0 0.440234 0.758333 0.041406 0.102778
0 0.490625 0.336111 0.065625 0.119444
0 0.496875 0.534722 0.065625 0.105556
0 0.506250 0.804861 0.043750 0.104167
0 0.525781 0.234028 0.064062 0.118056
0 0.559766 0.756944 0.041406 0.102778
0 0.571875 0.525000 0.059375 0.080556
0 0.576562 0.390278 0.050000 0.111111
0 0.610156 0.659722 0.048438 0.111111
0 0.660937 0.410417 0.064062 0.112500
1 0.440234 0.758333 0.041406 0.102778
1 0.506250 0.804861 0.043750 0.104167
1 0.559766 0.756944 0.041406 0.102778
1 0.610156 0.659722 0.048438 0.111111
1 0.660937 0.410417 0.064062 0.112500
2 0.151172 0.429167 0.053906 0.113889
2 0.228906 0.295833 0.046875 0.105556
2 0.312500 0.396528 0.043750 0.104167
2 0.374609 0.216667 0.039844 0.097222
3 0.241016 0.450000 0.060156 0.077778
3 0.312500 0.240278 0.050000 0.108333
3 0.336719 0.504167 0.057813 0.075000
3 0.490625 0.336111 0.065625 0.119444
3 0.496875 0.534722 0.065625 0.105556
3 0.525781 0.234028 0.064062 0.118056
3 0.571875 0.525000 0.059375 0.080556
3 0.576562 0.390278 0.050000 0.111111
4 0.440234 0.758333 0.041406 0.102778
4 0.610156 0.659722 0.048438 0.111111
5 0.660937 0.410417 0.064062 0.112500
6 0.506250 0.804861 0.043750 0.104167
6 0.559766 0.756944 0.041406 0.102778
8 0.559766 0.756944 0.041406 0.102778
11 0.660937 0.410417 0.064062 0.112500
15 0.506250 0.804861 0.043750 0.104167
18 0.440234 0.758333 0.041406 0.102778
19 0.610156 0.659722 0.048438 0.111111