0 0.360938 0.602778 0.058594 0.080556
0 0.355469 0.740278 0.043750 0.104167
0 0.378906 0.493056 0.063281 0.095833
0 0.414062 0.784722 0.049219 0.111111
0 0.453125 0.590278 0.067969 0.116667
0 0.469531 0.448611 0.057813 0.113889
0 0.503125 0.825000 0.064062 0.104167
0 0.513281 0.352778 0.061719 0.098611
0 0.549219 0.469444 0.046875 0.105556
0 0.568750 0.870833 0.057031 0.081944
0 0.604688 0.579167 0.059375 0.081944
0 0.646875 0.779167 0.065625 0.122222
0 0.723437 0.801389 0.060156 0.081944
0 0.820312 0.858333 0.068750 0.111111
0 0.850000 0.612500 0.064844 0.118056
0 0.933594 0.544444 0.050000 0.112500
2 0.355469 0.740278 0.043750 0.104167
2 0.378906 0.493056 0.063281 0.095833
2 0.414062 0.784722 0.049219 0.111111
2 0.453125 0.590278 0.067969 0.116667
2 0.469531 0.448611 0.057813 0.113889
2 0.503125 0.825000 0.064062 0.104167
2 0.513281 0.352778 0.061719 0.098611
2 0.723437 0.801389 0.060156 0.081944
2 0.850000 0.612500 0.064844 0.118056
2 0.933594 0.544444 0.050000 0.112500
3 0.360938 0.602778 0.058594 0.080556
3 0.549219 0.469444 0.046875 0.105556
3 0.568750 0.870833 0.057031 0.081944
3 0.604688 0.579167 0.059375 0.081944
3 0.646875 0.779167 0.065625 0.122222
3 0.820312 0.858333 0.068750 0.111111