0 0.175781 0.559722 0.071094 0.113889
0 0.196875 0.691667 0.071875 0.120833
0 0.250000 0.405556 0.067187 0.113889
0 0.315625 0.559722 0.064844 0.123611
0 0.331250 0.237500 0.068750 0.112500
0 0.339844 0.805556 0.065625 0.093056
0 0.347656 0.683333 0.058594 0.079167
0 0.356250 0.479167 0.044531 0.104167
0 0.392188 0.302778 0.060937 0.115278
0 0.445312 0.802778 0.057813 0.084722
0 0.460938 0.204167 0.060156 0.093056
0 0.488281 0.302778 0.057813 0.118056
0 0.516406 0.622222 0.064062 0.116667
0 0.521094 0.472222 0.042969 0.100000
0 0.550000 0.786111 0.066406 0.118056
0 0.575781 0.400000 0.063281 0.094444
0 0.607812 0.290278 0.064844 0.111111
0 0.616406 0.670833 0.061719 0.091667
0 0.620313 0.518056 0.058594 0.087500
2 0.175781 0.559722 0.071094 0.113889
2 0.250000 0.405556 0.067187 0.113889
2 0.315625 0.559722 0.064844 0.123611
2 0.331250 0.237500 0.068750 0.112500
2 0.347656 0.683333 0.058594 0.079167
2 0.356250 0.479167 0.044531 0.104167
2 0.392188 0.302778 0.060937 0.115278
2 0.460938 0.204167 0.060156 0.093056
2 0.488281 0.302778 0.057813 0.118056
2 0.516406 0.622222 0.064062 0.116667
2 0.521094 0.472222 0.042969 0.100000
3 0.196875 0.691667 0.071875 0.120833
3 0.339844 0.805556 0.065625 0.093056
3 0.445312 0.802778 0.057813 0.084722
3 0.550000 0.786111 0.066406 0.118056
3 0.575781 0.400000 0.063281 0.094444
3 0.607812 0.290278 0.064844 0.111111
3 0.616406 0.670833 0.061719 0.091667
3 0.620313 0.518056 0.058594 0.087500