0 0.267188 0.476389 0.067187 0.105556
0 0.381641 0.470833 0.064844 0.097222
0 0.435937 0.329861 0.067187 0.120833
0 0.500781 0.240972 0.067187 0.106944
0 0.523438 0.550000 0.057813 0.116667
0 0.534375 0.756944 0.062500 0.119444
0 0.557813 0.637500 0.054688 0.108333
0 0.612891 0.517361 0.063281 0.095833
0 0.651563 0.361111 0.059375 0.080556
0 0.664844 0.629167 0.065625 0.113889
1 0.381641 0.470833 0.064844 0.097222
2 0.435937 0.329861 0.067187 0.120833
2 0.500781 0.240972 0.067187 0.106944
2 0.523438 0.550000 0.057813 0.116667
2 0.557813 0.637500 0.054688 0.108333
2 0.612891 0.517361 0.063281 0.095833
2 0.651563 0.361111 0.059375 0.080556
2 0.664844 0.629167 0.065625 0.113889
3 0.267188 0.476389 0.067187 0.105556
3 0.534375 0.756944 0.062500 0.119444
6 0.381641 0.470833 0.064844 0.097222
8 0.381641 0.470833 0.064844 0.097222