0 0.344141 0.294444 0.063281 0.113889
0 0.360156 0.586111 0.067187 0.100000
0 0.410156 0.350000 0.067187 0.116667
0 0.408594 0.468750 0.064062 0.095833
0 0.455859 0.187500 0.046094 0.105556
0 0.464844 0.420833 0.064062 0.100000
0 0.472656 0.569444 0.059375 0.083333
0 0.487109 0.331250 0.057031 0.079167
0 0.517188 0.218056 0.043750 0.105556
0 0.540625 0.590972 0.059375 0.076389
0 0.560937 0.718750 0.062500 0.118056
0 0.565625 0.347222 0.065625 0.119444
0 0.581250 0.207639 0.056250 0.076389
0 0.625391 0.278472 0.061719 0.087500
1 0.408594 0.468750 0.064062 0.095833
1 0.472656 0.569444 0.059375 0.083333
2 0.344141 0.294444 0.063281 0.113889
2 0.410156 0.350000 0.067187 0.116667
2 0.455859 0.187500 0.046094 0.105556
2 0.487109 0.331250 0.057031 0.079167
2 0.517188 0.218056 0.043750 0.105556
2 0.560937 0.718750 0.062500 0.118056
2 0.565625 0.347222 0.065625 0.119444
2 0.581250 0.207639 0.056250 0.076389
2 0.625391 0.278472 0.061719 0.087500
3 0.360156 0.586111 0.067187 0.100000
3 0.464844 0.420833 0.064062 0.100000
3 0.540625 0.590972 0.059375 0.076389
5 0.408594 0.468750 0.064062 0.095833
5 0.472656 0.569444 0.059375 0.083333
9 0.408594 0.468750 0.064062 0.095833
13 0.472656 0.569444 0.059375 0.083333