0 0.312500 0.630556 0.046875 0.108333
0 0.366406 0.641667 0.045312 0.108333
0 0.397266 0.776389 0.050781 0.113889
0 0.436719 0.530556 0.045312 0.108333
0 0.473438 0.717361 0.060937 0.120833
0 0.476562 0.387500 0.054688 0.116667
0 0.499219 0.908333 0.067187 0.116667
0 0.542188 0.637500 0.059375 0.086111
0 0.542188 0.787500 0.059375 0.083333
0 0.544531 0.513889 0.059375 0.083333
0 0.546094 0.383333 0.048438 0.108333
0 0.612500 0.415278 0.059375 0.080556
0 0.631250 0.717361 0.065625 0.120833
0 0.636719 0.823611 0.062500 0.094444
0 0.628516 0.553472 0.041406 0.101389
0 0.663281 0.356250 0.048438 0.106944
0 0.718359 0.690972 0.067969 0.104167
0 0.732422 0.605556 0.067969 0.108333
0 0.732422 0.401389 0.061719 0.094444
0 0.794922 0.479167 0.057031 0.075000
0 0.821094 0.861111 0.068750 0.111111
0 0.851953 0.619444 0.064844 0.116667
0 0.933203 0.547222 0.050781 0.113889
1 0.312500 0.630556 0.046875 0.108333
1 0.366406 0.641667 0.045312 0.108333
1 0.718359 0.690972 0.067969 0.104167
1 0.732422 0.605556 0.067969 0.108333
2 0.397266 0.776389 0.050781 0.113889
2 0.436719 0.530556 0.045312 0.108333
2 0.476562 0.387500 0.054688 0.116667
2 0.499219 0.908333 0.067187 0.116667
2 0.542188 0.637500 0.059375 0.086111
2 0.546094 0.383333 0.048438 0.108333
2 0.663281 0.356250 0.048438 0.106944
2 0.732422 0.401389 0.061719 0.094444
2 0.794922 0.479167 0.057031 0.075000
2 0.851953 0.619444 0.064844 0.116667
2 0.933203 0.547222 0.050781 0.113889
3 0.473438 0.717361 0.060937 0.120833
3 0.542188 0.787500 0.059375 0.083333
3 0.544531 0.513889 0.059375 0.083333
3 0.612500 0.415278 0.059375 0.080556
3 0.631250 0.717361 0.065625 0.120833
3 0.636719 0.823611 0.062500 0.094444
3 0.628516 0.553472 0.041406 0.101389
3 0.821094 0.861111 0.068750 0.111111
5 0.312500 0.630556 0.046875 0.108333
5 0.366406 0.641667 0.045312 0.108333
6 0.718359 0.690972 0.067969 0.104167
6 0.732422 0.605556 0.067969 0.108333
8 0.312500 0.630556 0.046875 0.108333
12 0.366406 0.641667 0.045312 0.108333
13 0.718359 0.690972 0.067969 0.104167
15 0.732422 0.605556 0.067969 0.108333