0 0.453516 0.202083 0.046094 0.104167
0 0.471484 0.405556 0.046094 0.108333
0 0.515234 0.125694 0.063281 0.087500
0 0.538672 0.265278 0.058594 0.119444
0 0.551953 0.444444 0.046094 0.100000
0 0.594531 0.344444 0.051562 0.113889
0 0.626172 0.506250 0.066406 0.115278
0 0.628906 0.221528 0.056250 0.076389
0 0.652344 0.122917 0.064062 0.084722
0 0.676172 0.392361 0.049219 0.106944
0 0.682813 0.252778 0.045312 0.111111
0 0.712500 0.127778 0.040625 0.105556
0 0.753906 0.420139 0.067187 0.126389
0 0.746875 0.245833 0.046875 0.102778
1 0.712500 0.127778 0.040625 0.105556
2 0.453516 0.202083 0.046094 0.104167
2 0.471484 0.405556 0.046094 0.108333
2 0.551953 0.444444 0.046094 0.100000
2 0.594531 0.344444 0.051562 0.113889
2 0.626172 0.506250 0.066406 0.115278
2 0.628906 0.221528 0.056250 0.076389
2 0.652344 0.122917 0.064062 0.084722
2 0.676172 0.392361 0.049219 0.106944
2 0.682813 0.252778 0.045312 0.111111
2 0.753906 0.420139 0.067187 0.126389
2 0.746875 0.245833 0.046875 0.102778
3 0.515234 0.125694 0.063281 0.087500
3 0.538672 0.265278 0.058594 0.119444
5 0.712500 0.127778 0.040625 0.105556
15 0.712500 0.127778 0.040625 0.105556