0 0.129688 0.623611 0.048438 0.108333
0 0.160938 0.487500 0.059375 0.119444
0 0.177344 0.786111 0.060937 0.122222
0 0.187500 0.643056 0.048438 0.108333
0 0.224609 0.468056 0.063281 0.122222
0 0.246094 0.781944 0.060937 0.122222
0 0.242578 0.623611 0.052344 0.113889
0 0.262891 0.254167 0.058594 0.077778
0 0.276172 0.486111 0.058594 0.119444
0 0.293359 0.654861 0.060156 0.120833
0 0.295312 0.795833 0.059375 0.119444
0 0.326562 0.259722 0.057813 0.077778
0 0.353906 0.534722 0.064062 0.122222
0 0.364453 0.650000 0.060156 0.122222
0 0.403516 0.516667 0.060156 0.122222
0 0.405469 0.263889 0.056250 0.075000
0 0.410156 0.928472 0.059375 0.120833
0 0.414844 0.390278 0.062500 0.086111
0 0.414062 0.634722 0.059375 0.122222
0 0.458984 0.515278 0.052344 0.113889
0 0.462891 0.264583 0.058594 0.076389
0 0.465234 0.637500 0.058594 0.119444
0 0.464062 0.909722 0.056250 0.119444
0 0.512500 0.508333 0.053125 0.113889
0 0.517188 0.631250 0.057813 0.120833
0 0.535156 0.898611 0.059375 0.122222
0 0.580469 0.765972 0.065625 0.104167
0 0.584766 0.888889 0.060156 0.122222
0 0.587109 0.678472 0.063281 0.098611
0 0.587891 0.588889 0.063281 0.094444
0 0.590625 0.504167 0.062500 0.094444
0 0.593359 0.415278 0.066406 0.108333
1 0.262891 0.254167 0.058594 0.077778
1 0.326562 0.259722 0.057813 0.077778
1 0.353906 0.534722 0.064062 0.122222
1 0.364453 0.650000 0.060156 0.122222
1 0.403516 0.516667 0.060156 0.122222
1 0.405469 0.263889 0.056250 0.075000
1 0.414844 0.390278 0.062500 0.086111
1 0.414062 0.634722 0.059375 0.122222
1 0.458984 0.515278 0.052344 0.113889
1 0.462891 0.264583 0.058594 0.076389
1 0.465234 0.637500 0.058594 0.119444
1 0.512500 0.508333 0.053125 0.113889
1 0.517188 0.631250 0.057813 0.120833
2 0.160938 0.487500 0.059375 0.119444
2 0.177344 0.786111 0.060937 0.122222
2 0.224609 0.468056 0.063281 0.122222
2 0.246094 0.781944 0.060937 0.122222
2 0.276172 0.486111 0.058594 0.119444
2 0.295312 0.795833 0.059375 0.119444
2 0.580469 0.765972 0.065625 0.104167
2 0.587109 0.678472 0.063281 0.098611
2 0.587891 0.588889 0.063281 0.094444
2 0.590625 0.504167 0.062500 0.094444
2 0.593359 0.415278 0.066406 0.108333
3 0.129688 0.623611 0.048438 0.108333
3 0.187500 0.643056 0.048438 0.108333
3 0.242578 0.623611 0.052344 0.113889
3 0.293359 0.654861 0.060156 0.120833
3 0.410156 0.928472 0.059375 0.120833
3 0.464062 0.909722 0.056250 0.119444
3 0.535156 0.898611 0.059375 0.122222
3 0.584766 0.888889 0.060156 0.122222
6 0.262891 0.254167 0.058594 0.077778
6 0.326562 0.259722 0.057813 0.077778
6 0.353906 0.534722 0.064062 0.122222
6 0.364453 0.650000 0.060156 0.122222
6 0.403516 0.516667 0.060156 0.122222
6 0.405469 0.263889 0.056250 0.075000
6 0.414844 0.390278 0.062500 0.086111
6 0.414062 0.634722 0.059375 0.122222
6 0.458984 0.515278 0.052344 0.113889
6 0.462891 0.264583 0.058594 0.076389
6 0.465234 0.637500 0.058594 0.119444
6 0.512500 0.508333 0.053125 0.113889
6 0.517188 0.631250 0.057813 0.120833
8 0.262891 0.254167 0.058594 0.077778
9 0.326562 0.259722 0.057813 0.077778
10 0.405469 0.262500 0.056250 0.075000
11 0.462891 0.264583 0.058594 0.076389
12 0.364453 0.650000 0.060156 0.122222
13 0.414062 0.634722 0.059375 0.122222
14 0.465234 0.637500 0.058594 0.119444
15 0.517188 0.631250 0.057813 0.120833
16 0.353906 0.534722 0.064062 0.122222
17 0.403516 0.516667 0.060156 0.122222
18 0.458984 0.515278 0.052344 0.113889
19 0.512500 0.508333 0.053125 0.113889
20 0.414844 0.390278 0.062500 0.086111