0 0.119531 0.850000 0.070312 0.127778
0 0.128906 0.615278 0.068750 0.127778
0 0.163281 0.772917 0.065625 0.126389
0 0.178125 0.554861 0.065625 0.123611
0 0.186328 0.315972 0.060156 0.079167
0 0.209375 0.720833 0.059375 0.122222
0 0.224219 0.892361 0.068750 0.126389
0 0.224219 0.486111 0.065625 0.125000
0 0.249609 0.315278 0.058594 0.077778
0 0.253125 0.642361 0.059375 0.120833
0 0.273438 0.840972 0.064062 0.126389
0 0.315625 0.320833 0.059375 0.077778
0 0.342969 0.703472 0.043750 0.104167
0 0.346875 0.586111 0.043750 0.105556
0 0.399609 0.327778 0.060156 0.075000
0 0.392969 0.703472 0.042188 0.104167
0 0.394531 0.587500 0.043750 0.105556
0 0.406250 0.470833 0.060937 0.083333
0 0.440625 0.587500 0.045312 0.105556
0 0.440234 0.706250 0.042969 0.106944
0 0.489063 0.706250 0.043750 0.104167
0 0.492188 0.586111 0.043750 0.105556
0 0.558984 0.529167 0.057031 0.080556
0 0.559375 0.436111 0.056250 0.077778
0 0.564844 0.627083 0.054688 0.076389
0 0.569922 0.806944 0.055469 0.077778
0 0.571484 0.716667 0.053906 0.075000
1 0.186328 0.315972 0.060156 0.079167
1 0.249609 0.315278 0.058594 0.077778
1 0.315625 0.320833 0.059375 0.077778
1 0.342969 0.703472 0.043750 0.104167
1 0.346875 0.586111 0.043750 0.105556
1 0.399609 0.327778 0.060156 0.075000
1 0.392969 0.703472 0.042188 0.104167
1 0.394531 0.587500 0.043750 0.105556
1 0.406250 0.470833 0.060937 0.083333
1 0.440625 0.587500 0.045312 0.105556
1 0.440234 0.706250 0.042969 0.106944
1 0.489063 0.706250 0.043750 0.104167
1 0.492188 0.586111 0.043750 0.105556
2 0.128906 0.615278 0.068750 0.127778
2 0.178125 0.554861 0.065625 0.123611
2 0.224219 0.892361 0.068750 0.126389
2 0.224219 0.486111 0.065625 0.125000
2 0.273438 0.840972 0.064062 0.126389
2 0.558984 0.529167 0.057031 0.080556
2 0.559375 0.436111 0.056250 0.077778
2 0.564844 0.627083 0.054688 0.076389
2 0.569922 0.806944 0.055469 0.077778
2 0.571484 0.716667 0.053906 0.075000
3 0.119531 0.850000 0.070312 0.127778
3 0.163281 0.772917 0.065625 0.126389
3 0.209375 0.720833 0.059375 0.122222
3 0.253125 0.642361 0.059375 0.120833
7 0.186328 0.315972 0.060156 0.079167
7 0.249609 0.315278 0.058594 0.077778
7 0.315625 0.320833 0.059375 0.077778
7 0.342969 0.703472 0.043750 0.104167
7 0.346875 0.586111 0.043750 0.105556
7 0.399609 0.327778 0.060156 0.075000
7 0.392969 0.703472 0.042188 0.104167
7 0.394531 0.587500 0.043750 0.105556
7 0.406250 0.470833 0.060937 0.083333
7 0.440625 0.587500 0.045312 0.105556
7 0.440234 0.706250 0.042969 0.106944
7 0.489063 0.706250 0.043750 0.104167
7 0.492188 0.586111 0.043750 0.105556
8 0.186328 0.315972 0.060156 0.079167
9 0.249609 0.315278 0.058594 0.077778
10 0.315625 0.320833 0.059375 0.077778
11 0.399609 0.327778 0.060156 0.075000
12 0.342969 0.703472 0.043750 0.104167
13 0.392969 0.703472 0.042188 0.104167
14 0.440234 0.706250 0.042969 0.106944
15 0.489063 0.706250 0.043750 0.104167
16 0.346875 0.586111 0.043750 0.105556
17 0.394531 0.587500 0.043750 0.105556
18 0.440625 0.587500 0.045312 0.105556
19 0.492188 0.586111 0.043750 0.105556
20 0.406250 0.470833 0.060937 0.083333