0 0.133984 0.145833 0.063281 0.125000
0 0.150000 0.330556 0.050000 0.111111
0 0.212500 0.404861 0.067187 0.115278
0 0.243359 0.468750 0.067969 0.115278
0 0.246875 0.268056 0.059375 0.122222
0 0.260547 0.141667 0.066406 0.111111
0 0.269922 0.525000 0.067969 0.113889
0 0.362109 0.522222 0.063281 0.094444
0 0.372656 0.594444 0.064062 0.094444
0 0.385547 0.665278 0.064844 0.094444
0 0.483594 0.156944 0.046875 0.108333
0 0.496484 0.562500 0.052344 0.113889
0 0.523438 0.467361 0.068750 0.115278
0 0.546875 0.362500 0.064062 0.116667
0 0.597266 0.090972 0.066406 0.095833
0 0.589453 0.511111 0.047656 0.105556
0 0.633594 0.529167 0.051562 0.108333
0 0.675000 0.063889 0.064062 0.094444
0 0.675000 0.561111 0.053125 0.111111
0 0.706250 0.158333 0.060937 0.080556
0 0.717187 0.277778 0.068750 0.102778
1 0.597266 0.090972 0.066406 0.095833
1 0.675000 0.063889 0.064062 0.094444
1 0.706250 0.158333 0.060937 0.080556
1 0.717187 0.277778 0.068750 0.102778
2 0.133984 0.145833 0.063281 0.125000
2 0.246875 0.268056 0.059375 0.122222
2 0.483594 0.156944 0.046875 0.108333
2 0.496484 0.562500 0.052344 0.113889
2 0.523438 0.467361 0.068750 0.115278
2 0.546875 0.362500 0.064062 0.116667
2 0.589453 0.511111 0.047656 0.105556
2 0.633594 0.529167 0.051562 0.108333
2 0.675000 0.561111 0.053125 0.111111
3 0.150000 0.330556 0.050000 0.111111
3 0.212500 0.404861 0.067187 0.115278
3 0.243359 0.468750 0.067969 0.115278
3 0.260547 0.141667 0.066406 0.111111
3 0.269922 0.525000 0.067969 0.113889
3 0.362109 0.522222 0.063281 0.094444
3 0.372656 0.594444 0.064062 0.094444
3 0.385547 0.665278 0.064844 0.094444
4 0.706250 0.158333 0.060937 0.080556
5 0.675000 0.063889 0.064062 0.094444
5 0.717187 0.277778 0.068750 0.102778
7 0.597266 0.090972 0.066406 0.095833
16 0.597266 0.090972 0.066406 0.095833
16 0.675000 0.063889 0.064062 0.094444
18 0.706250 0.158333 0.060937 0.080556
18 0.717187 0.277778 0.068750 0.102778