0 0.310156 0.552778 0.060937 0.116667
0 0.372266 0.298611 0.064844 0.097222
0 0.376563 0.533333 0.067187 0.108333
0 0.412891 0.645833 0.055469 0.072222
0 0.424219 0.747917 0.067187 0.109722
0 0.435937 0.488889 0.065625 0.116667
0 0.485156 0.599306 0.060937 0.087500
0 0.559766 0.638889 0.046094 0.108333
0 0.578125 0.526389 0.054688 0.069444
1 0.376563 0.533333 0.067187 0.108333
1 0.412891 0.645833 0.055469 0.072222
1 0.424219 0.747917 0.067187 0.109722
1 0.435937 0.488889 0.065625 0.116667
1 0.559766 0.638889 0.046094 0.108333
1 0.578125 0.526389 0.054688 0.069444
2 0.485156 0.599306 0.060937 0.087500
3 0.310156 0.552778 0.060937 0.116667
3 0.372266 0.298611 0.064844 0.097222
5 0.578125 0.526389 0.054688 0.069444
6 0.412891 0.645833 0.055469 0.072222
6 0.424219 0.747917 0.067187 0.109722
6 0.435937 0.488889 0.065625 0.116667
6 0.559766 0.638889 0.046094 0.108333
7 0.376563 0.533333 0.067187 0.108333
11 0.376563 0.533333 0.067187 0.108333
12 0.412891 0.645833 0.055469 0.072222
13 0.435937 0.488889 0.065625 0.116667
14 0.559766 0.638889 0.046094 0.108333
15 0.424219 0.747917 0.067187 0.109722
17 0.578125 0.526389 0.054688 0.069444