0 0.128906 0.545833 0.068750 0.127778
0 0.156250 0.697917 0.070312 0.123611
0 0.175000 0.891667 0.065625 0.125000
0 0.178516 0.502778 0.066406 0.125000
0 0.200000 0.637500 0.065625 0.125000
0 0.221875 0.823611 0.056250 0.116667
0 0.232031 0.465278 0.054688 0.116667
0 0.259766 0.609722 0.053906 0.116667
0 0.276172 0.812500 0.049219 0.111111
0 0.327734 0.640972 0.069531 0.115278
0 0.317188 0.463889 0.043750 0.105556
0 0.361328 0.733333 0.067969 0.125000
0 0.371484 0.409028 0.049219 0.109722
0 0.393750 0.518750 0.067187 0.120833
0 0.399609 0.794444 0.066406 0.127778
0 0.429688 0.247222 0.043750 0.100000
0 0.437500 0.561111 0.059375 0.119444
0 0.456250 0.806250 0.059375 0.123611
0 0.490625 0.577778 0.043750 0.105556
0 0.506250 0.932639 0.053125 0.115278
0 0.511719 0.796528 0.054688 0.118056
0 0.533984 0.668750 0.042969 0.101389
0 0.556641 0.891667 0.061719 0.125000
0 0.591797 0.691667 0.052344 0.111111
0 0.644922 0.736111 0.061719 0.119444
0 0.673828 0.803472 0.063281 0.118056
1 0.128906 0.545833 0.068750 0.127778
1 0.178516 0.502778 0.066406 0.125000
1 0.232031 0.465278 0.054688 0.116667
1 0.327734 0.640972 0.069531 0.115278
1 0.317188 0.463889 0.043750 0.105556
1 0.361328 0.733333 0.067969 0.125000
1 0.371484 0.409028 0.049219 0.109722
1 0.393750 0.518750 0.067187 0.120833
1 0.399609 0.794444 0.066406 0.127778
1 0.437500 0.561111 0.059375 0.119444
1 0.456250 0.806250 0.059375 0.123611
1 0.490625 0.577778 0.043750 0.105556
1 0.511719 0.796528 0.054688 0.118056
2 0.156250 0.697917 0.070312 0.123611
2 0.200000 0.637500 0.065625 0.125000
2 0.259766 0.609722 0.053906 0.116667
2 0.429688 0.247222 0.043750 0.100000
2 0.533984 0.668750 0.042969 0.101389
2 0.591797 0.691667 0.052344 0.111111
2 0.644922 0.736111 0.061719 0.119444
2 0.673828 0.803472 0.063281 0.118056
3 0.175000 0.891667 0.065625 0.125000
3 0.221875 0.823611 0.056250 0.116667
3 0.276172 0.812500 0.049219 0.111111
3 0.506250 0.932639 0.053125 0.115278
3 0.556641 0.891667 0.061719 0.125000
7 0.128906 0.545833 0.068750 0.127778
7 0.178516 0.502778 0.066406 0.125000
7 0.232031 0.465278 0.054688 0.116667
7 0.327734 0.640972 0.069531 0.115278
7 0.317188 0.463889 0.043750 0.105556
7 0.361328 0.733333 0.067969 0.125000
7 0.371484 0.409028 0.049219 0.109722
7 0.393750 0.518750 0.067187 0.120833
7 0.399609 0.794444 0.066406 0.127778
7 0.437500 0.561111 0.059375 0.119444
7 0.456250 0.806250 0.059375 0.123611
7 0.490625 0.577778 0.043750 0.105556
7 0.511719 0.796528 0.054688 0.118056
8 0.327734 0.640972 0.069531 0.115278
9 0.361328 0.733333 0.067969 0.125000
10 0.399609 0.794444 0.066406 0.127778
11 0.456250 0.806250 0.059375 0.123611
12 0.511719 0.796528 0.054688 0.118056
13 0.393750 0.518750 0.067187 0.120833
14 0.437500 0.561111 0.059375 0.119444
15 0.490625 0.577778 0.043750 0.105556
16 0.128906 0.545833 0.068750 0.127778
17 0.178516 0.502778 0.066406 0.125000
18 0.232031 0.465278 0.054688 0.116667
19 0.317188 0.463889 0.043750 0.105556
20 0.371484 0.409028 0.049219 0.109722