0 0.451562 0.541667 0.062500 0.094444
0 0.477344 0.463194 0.060937 0.087500
0 0.487109 0.249306 0.046094 0.106944
0 0.526953 0.369444 0.066406 0.111111
0 0.539453 0.206250 0.057031 0.118056
0 0.578516 0.470833 0.057031 0.113889
0 0.583984 0.307639 0.052344 0.112500
0 0.614062 0.816667 0.059375 0.080556
0 0.651953 0.406944 0.050781 0.108333
1 0.451562 0.541667 0.062500 0.094444
1 0.477344 0.463194 0.060937 0.087500
1 0.526953 0.369444 0.066406 0.111111
1 0.578516 0.470833 0.057031 0.113889
1 0.614062 0.816667 0.059375 0.080556
3 0.487109 0.249306 0.046094 0.106944
3 0.539453 0.206250 0.057031 0.118056
3 0.583984 0.307639 0.052344 0.112500
3 0.651953 0.406944 0.050781 0.108333
4 0.451562 0.541667 0.062500 0.094444
6 0.526953 0.369444 0.066406 0.111111
6 0.614062 0.816667 0.059375 0.080556
7 0.477344 0.463194 0.060937 0.087500
7 0.578516 0.470833 0.057031 0.113889
11 0.477344 0.463194 0.060937 0.087500
14 0.451562 0.541667 0.062500 0.094444
14 0.614062 0.816667 0.059375 0.080556
15 0.526953 0.369444 0.066406 0.111111
15 0.578516 0.470833 0.057031 0.113889