0 0.160156 0.513889 0.067187 0.119444
0 0.195312 0.609722 0.064062 0.125000
0 0.212500 0.451389 0.062500 0.122222
0 0.233594 0.726389 0.059375 0.119444
0 0.257812 0.579167 0.059375 0.119444
0 0.262109 0.400694 0.063281 0.120833
0 0.283594 0.690278 0.062500 0.122222
0 0.305859 0.513889 0.060156 0.119444
0 0.311719 0.362500 0.060937 0.119444
0 0.331641 0.629167 0.057031 0.111111
0 0.347656 0.465278 0.064062 0.116667
0 0.350781 0.729167 0.059375 0.125000
0 0.368750 0.319444 0.062500 0.119444
0 0.376953 0.576389 0.060156 0.113889
0 0.398828 0.425694 0.061719 0.118056
0 0.406641 0.251389 0.064844 0.119444
0 0.421875 0.538194 0.065625 0.120833
0 0.428125 0.788889 0.064062 0.094444
0 0.435547 0.358333 0.066406 0.119444
0 0.454688 0.198611 0.064062 0.119444
0 0.460156 0.480556 0.062500 0.119444
0 0.464062 0.679861 0.064062 0.126389
0 0.475781 0.314583 0.062500 0.109722
0 0.498047 0.438889 0.058594 0.116667
0 0.512500 0.264583 0.060937 0.106944
0 0.525000 0.755556 0.062500 0.122222
1 0.160156 0.513889 0.067187 0.119444
1 0.195312 0.609722 0.064062 0.125000
1 0.257812 0.579167 0.059375 0.119444
1 0.305859 0.513889 0.060156 0.119444
1 0.350781 0.729167 0.059375 0.125000
1 0.406641 0.251389 0.064844 0.119444
1 0.421875 0.538194 0.065625 0.120833
1 0.464062 0.679861 0.064062 0.126389
1 0.498047 0.438889 0.058594 0.116667
1 0.525000 0.755556 0.062500 0.122222
2 0.212500 0.451389 0.062500 0.122222
2 0.233594 0.726389 0.059375 0.119444
2 0.262109 0.400694 0.063281 0.120833
2 0.283594 0.690278 0.062500 0.122222
2 0.331641 0.629167 0.057031 0.111111
2 0.347656 0.465278 0.064062 0.116667
2 0.376953 0.576389 0.060156 0.113889
2 0.454688 0.198611 0.064062 0.119444
2 0.460156 0.480556 0.062500 0.119444
2 0.475781 0.314583 0.062500 0.109722
2 0.512500 0.264583 0.060937 0.106944
3 0.311719 0.362500 0.060937 0.119444
3 0.368750 0.319444 0.062500 0.119444
3 0.398828 0.425694 0.061719 0.118056
3 0.428125 0.788889 0.064062 0.094444
3 0.435547 0.358333 0.066406 0.119444
4 0.160156 0.513889 0.067187 0.119444
4 0.305859 0.513889 0.060156 0.119444
5 0.350781 0.729167 0.059375 0.125000
5 0.498047 0.438889 0.058594 0.116667
6 0.195312 0.609722 0.064062 0.125000
6 0.406641 0.251389 0.064844 0.119444
6 0.464062 0.679861 0.064062 0.126389
7 0.257812 0.579167 0.059375 0.119444
7 0.421875 0.538194 0.065625 0.120833
7 0.525000 0.755556 0.062500 0.122222
8 0.195312 0.609722 0.064062 0.125000
8 0.305859 0.513889 0.060156 0.119444
11 0.160156 0.513889 0.067187 0.119444
11 0.350781 0.729167 0.059375 0.125000
11 0.525000 0.755556 0.062500 0.122222
16 0.498047 0.438889 0.058594 0.116667
17 0.257812 0.579167 0.059375 0.119444
17 0.464062 0.679861 0.064062 0.126389
18 0.421875 0.538194 0.065625 0.120833
19 0.406641 0.251389 0.064844 0.119444