0 0.349219 0.781944 0.048438 0.108333
0 0.358984 0.906250 0.042969 0.104167
0 0.425391 0.829861 0.066406 0.120833
0 0.439063 0.365278 0.065625 0.102778
0 0.570703 0.895139 0.064844 0.112500
0 0.576562 0.527778 0.051562 0.111111
0 0.632812 0.576389 0.060937 0.119444
0 0.629687 0.906944 0.043750 0.102778
0 0.642969 0.397917 0.051562 0.112500
0 0.671875 0.818056 0.046875 0.102778
0 0.703516 0.707639 0.057031 0.115278
0 0.717187 0.344444 0.053125 0.113889
1 0.349219 0.781944 0.048438 0.108333
1 0.358984 0.906250 0.042969 0.104167
1 0.425391 0.829861 0.066406 0.120833
1 0.576562 0.527778 0.051562 0.111111
1 0.632812 0.576389 0.060937 0.119444
1 0.642969 0.397917 0.051562 0.112500
1 0.703516 0.707639 0.057031 0.115278
1 0.717187 0.344444 0.053125 0.113889
2 0.439063 0.365278 0.065625 0.102778
3 0.570703 0.895139 0.064844 0.112500
3 0.629687 0.906944 0.043750 0.102778
3 0.671875 0.818056 0.046875 0.102778
4 0.349219 0.781944 0.048438 0.108333
4 0.576562 0.527778 0.051562 0.111111
5 0.642969 0.397917 0.051562 0.112500
5 0.703516 0.707639 0.057031 0.115278
6 0.632812 0.576389 0.060937 0.119444
7 0.358984 0.906250 0.042969 0.104167
7 0.425391 0.829861 0.066406 0.120833
7 0.717187 0.344444 0.053125 0.113889
8 0.632812 0.576389 0.060937 0.119444
10 0.349219 0.781944 0.048438 0.108333
10 0.717187 0.344444 0.053125 0.113889
12 0.425391 0.829861 0.066406 0.120833
14 0.642969 0.397917 0.051562 0.112500
16 0.358984 0.906250 0.042969 0.104167
18 0.576562 0.527778 0.051562 0.111111
20 0.703516 0.707639 0.057031 0.115278