0 0.178125 0.420833 0.044531 0.104167
0 0.214844 0.280556 0.064062 0.100000
0 0.239063 0.448611 0.058594 0.083333
0 0.240625 0.587500 0.057813 0.081944
0 0.276562 0.288889 0.051562 0.113889
0 0.304688 0.601389 0.048438 0.109722
0 0.305469 0.433333 0.049219 0.109722
0 0.328906 0.329167 0.063281 0.094444
0 0.357031 0.498611 0.059375 0.086111
0 0.361719 0.629167 0.061719 0.088889
0 0.461719 0.698611 0.056250 0.077778
0 0.460938 0.472222 0.053906 0.073611
0 0.509375 0.238889 0.056250 0.080556
0 0.521875 0.706944 0.050781 0.109722
0 0.551562 0.479167 0.055469 0.076389
0 0.601562 0.694444 0.046875 0.106944
0 0.607031 0.240278 0.057031 0.076389
0 0.633594 0.502778 0.057031 0.077778
0 0.660156 0.686111 0.059375 0.080556
2 0.214844 0.280556 0.064062 0.100000
2 0.240625 0.587500 0.057813 0.081944
2 0.276562 0.288889 0.051562 0.113889
2 0.304688 0.601389 0.048438 0.109722
2 0.328906 0.329167 0.063281 0.094444
2 0.361719 0.629167 0.061719 0.088889
2 0.460938 0.472222 0.053906 0.073611
2 0.509375 0.238889 0.056250 0.080556
2 0.551562 0.479167 0.055469 0.076389
2 0.607031 0.240278 0.057031 0.076389
2 0.633594 0.502778 0.057031 0.077778
3 0.178125 0.420833 0.044531 0.104167
3 0.239063 0.448611 0.058594 0.083333
3 0.305469 0.433333 0.049219 0.109722
3 0.357031 0.498611 0.059375 0.086111
3 0.461719 0.698611 0.056250 0.077778
3 0.521875 0.706944 0.050781 0.109722
3 0.601562 0.694444 0.046875 0.106944
3 0.660156 0.686111 0.059375 0.080556