0 0.466797 0.318056 0.053906 0.113889
0 0.472266 0.169444 0.060156 0.116667
0 0.513672 0.094444 0.064844 0.125000
0 0.514062 0.433333 0.062500 0.122222
0 0.543750 0.288889 0.062500 0.116667
0 0.555078 0.123611 0.061719 0.116667
0 0.582031 0.432639 0.054688 0.115278
0 0.609766 0.268750 0.057031 0.118056
0 0.625781 0.100000 0.062500 0.125000
0 0.632422 0.518056 0.049219 0.108333
0 0.683984 0.259722 0.061719 0.086111
0 0.690234 0.380556 0.066406 0.105556
0 0.703516 0.119444 0.055469 0.125000
0 0.759766 0.353472 0.064844 0.112500
1 0.683984 0.259722 0.061719 0.086111
2 0.466797 0.318056 0.053906 0.113889
2 0.472266 0.169444 0.060156 0.116667
2 0.513672 0.094444 0.064844 0.125000
2 0.514062 0.433333 0.062500 0.122222
2 0.543750 0.288889 0.062500 0.116667
2 0.555078 0.123611 0.061719 0.116667
2 0.609766 0.268750 0.057031 0.118056
2 0.625781 0.100000 0.062500 0.125000
2 0.632422 0.518056 0.049219 0.108333
2 0.690234 0.380556 0.066406 0.105556
2 0.759766 0.353472 0.064844 0.112500
3 0.582031 0.432639 0.054688 0.115278
3 0.703516 0.119444 0.055469 0.125000
4 0.683984 0.259722 0.061719 0.086111
16 0.683984 0.259722 0.061719 0.086111