0 0.289844 0.547917 0.056250 0.115278
0 0.330469 0.219444 0.050000 0.108333
0 0.352344 0.352778 0.048438 0.108333
0 0.366797 0.628472 0.052344 0.112500
0 0.373047 0.475694 0.042969 0.101389
0 0.390625 0.173611 0.050000 0.108333
0 0.425781 0.359722 0.043750 0.102778
0 0.440234 0.128472 0.061719 0.118056
0 0.447656 0.513889 0.056250 0.113889
0 0.472266 0.361111 0.044531 0.102778
0 0.519531 0.537500 0.048438 0.108333
0 0.521875 0.415972 0.051562 0.112500
0 0.540234 0.754861 0.064844 0.106944
0 0.566406 0.652778 0.059375 0.116667
0 0.601953 0.270833 0.064844 0.119444
0 0.604688 0.556250 0.065625 0.118056
0 0.619141 0.752083 0.066406 0.101389
0 0.623828 0.464583 0.063281 0.093056
0 0.652344 0.354861 0.050000 0.109722
0 0.672656 0.209722 0.051562 0.113889
0 0.674609 0.579861 0.041406 0.101389
0 0.687500 0.707639 0.065625 0.095833
0 0.702344 0.473611 0.065625 0.097222
0 0.715625 0.322917 0.059375 0.118056
0 0.770312 0.477083 0.064062 0.090278
0 0.792188 0.248611 0.068750 0.116667
1 0.289844 0.547917 0.056250 0.115278
1 0.330469 0.219444 0.050000 0.108333
1 0.352344 0.352778 0.048438 0.108333
1 0.366797 0.628472 0.052344 0.112500
1 0.373047 0.475694 0.042969 0.101389
1 0.390625 0.173611 0.050000 0.108333
1 0.425781 0.359722 0.043750 0.102778
1 0.440234 0.128472 0.061719 0.118056
1 0.447656 0.513889 0.056250 0.113889
1 0.472266 0.361111 0.044531 0.102778
1 0.519531 0.537500 0.048438 0.108333
1 0.521875 0.415972 0.051562 0.112500
1 0.566406 0.652778 0.059375 0.116667
1 0.601953 0.270833 0.064844 0.119444
1 0.604688 0.556250 0.065625 0.118056
1 0.619141 0.752083 0.066406 0.101389
1 0.623828 0.464583 0.063281 0.093056
1 0.652344 0.354861 0.050000 0.109722
1 0.672656 0.209722 0.051562 0.113889
1 0.674609 0.579861 0.041406 0.101389
1 0.687500 0.707639 0.065625 0.095833
1 0.702344 0.473611 0.065625 0.097222
1 0.715625 0.322917 0.059375 0.118056
1 0.770312 0.477083 0.064062 0.090278
1 0.792188 0.248611 0.068750 0.116667
3 0.540234 0.754861 0.064844 0.106944
4 0.366797 0.628472 0.052344 0.112500
4 0.373047 0.475694 0.042969 0.101389
4 0.390625 0.173611 0.050000 0.108333
4 0.604688 0.556250 0.065625 0.118056
4 0.702344 0.473611 0.065625 0.097222
5 0.289844 0.547917 0.056250 0.115278
5 0.425781 0.359722 0.043750 0.102778
5 0.472266 0.361111 0.044531 0.102778
5 0.521875 0.415972 0.051562 0.112500
5 0.566406 0.652778 0.059375 0.116667
5 0.601953 0.270833 0.064844 0.119444
6 0.330469 0.219444 0.050000 0.108333
6 0.440234 0.128472 0.061719 0.118056
6 0.519531 0.537500 0.048438 0.108333
6 0.619141 0.752083 0.066406 0.101389
6 0.770312 0.477083 0.064062 0.090278
7 0.352344 0.352778 0.048438 0.108333
7 0.447656 0.513889 0.056250 0.113889
7 0.623828 0.464583 0.063281 0.093056
7 0.652344 0.354861 0.050000 0.109722
7 0.672656 0.209722 0.051562 0.113889
7 0.674609 0.579861 0.041406 0.101389
7 0.687500 0.707639 0.065625 0.095833
7 0.715625 0.322917 0.059375 0.118056
7 0.792188 0.248611 0.068750 0.116667
8 0.390625 0.173611 0.050000 0.108333
8 0.623828 0.464583 0.063281 0.093056
9 0.566406 0.652778 0.059375 0.116667
9 0.672656 0.209722 0.051562 0.113889
10 0.366797 0.628472 0.052344 0.112500
10 0.425781 0.359722 0.043750 0.102778
10 0.715625 0.322917 0.059375 0.118056
11 0.352344 0.352778 0.048438 0.108333
11 0.373047 0.475694 0.042969 0.101389
12 0.770312 0.477083 0.064062 0.090278
13 0.792188 0.248611 0.068750 0.116667
14 0.330469 0.219444 0.050000 0.108333
14 0.652344 0.354861 0.050000 0.109722
15 0.447656 0.513889 0.056250 0.113889
16 0.289844 0.547917 0.056250 0.115278
16 0.619141 0.752083 0.066406 0.101389
17 0.519531 0.537500 0.048438 0.108333
17 0.601953 0.270833 0.064844 0.119444
18 0.472266 0.361111 0.044531 0.102778
18 0.604688 0.556250 0.065625 0.118056
18 0.687500 0.707639 0.065625 0.095833
19 0.440234 0.128472 0.061719 0.118056
19 0.674609 0.579861 0.041406 0.101389
20 0.521875 0.415972 0.051562 0.112500
20 0.702344 0.473611 0.065625 0.097222