0 0.158594 0.642361 0.057813 0.118056
0 0.203906 0.556944 0.065625 0.125000
0 0.201563 0.767361 0.056250 0.118056
0 0.210938 0.152778 0.053125 0.116667
0 0.248438 0.481250 0.070312 0.123611
0 0.261719 0.752778 0.051562 0.113889
0 0.260156 0.143750 0.046875 0.109722
0 0.312109 0.711111 0.057031 0.119444
0 0.308594 0.140278 0.045312 0.108333
0 0.356641 0.144444 0.046094 0.108333
0 0.367969 0.647917 0.065625 0.120833
0 0.400000 0.559722 0.062500 0.119444
0 0.443359 0.755556 0.052344 0.116667
0 0.451172 0.492361 0.052344 0.112500
0 0.508594 0.480556 0.045312 0.102778
0 0.515625 0.777778 0.046875 0.105556
0 0.528125 0.602778 0.042188 0.097222
0 0.571875 0.779167 0.043750 0.105556
0 0.589844 0.444444 0.060937 0.116667
0 0.596875 0.602778 0.054688 0.111111
0 0.637891 0.556250 0.063281 0.115278
0 0.636328 0.773611 0.049219 0.108333
0 0.646094 0.406250 0.054688 0.112500
1 0.210938 0.152778 0.053125 0.116667
1 0.260156 0.143750 0.046875 0.109722
1 0.308594 0.140278 0.045312 0.108333
1 0.356641 0.144444 0.046094 0.108333
2 0.158594 0.642361 0.057813 0.118056
2 0.203906 0.556944 0.065625 0.125000
2 0.201563 0.767361 0.056250 0.118056
2 0.248438 0.481250 0.070312 0.123611
2 0.261719 0.752778 0.051562 0.113889
2 0.312109 0.711111 0.057031 0.119444
2 0.528125 0.602778 0.042188 0.097222
2 0.589844 0.444444 0.060937 0.116667
2 0.596875 0.602778 0.054688 0.111111
2 0.637891 0.556250 0.063281 0.115278
2 0.646094 0.406250 0.054688 0.112500
3 0.367969 0.647917 0.065625 0.120833
3 0.400000 0.559722 0.062500 0.119444
3 0.443359 0.755556 0.052344 0.116667
3 0.451172 0.492361 0.052344 0.112500
3 0.508594 0.480556 0.045312 0.102778
3 0.515625 0.777778 0.046875 0.105556
3 0.571875 0.779167 0.043750 0.105556
3 0.636328 0.773611 0.049219 0.108333
4 0.210938 0.152778 0.053125 0.116667
5 0.260156 0.143750 0.046875 0.109722
6 0.308594 0.140278 0.045312 0.108333
7 0.356641 0.144444 0.046094 0.108333
13 0.210938 0.152778 0.053125 0.116667
13 0.260156 0.143750 0.046875 0.109722
13 0.308594 0.140278 0.045312 0.108333
13 0.356641 0.144444 0.046094 0.108333