0 0.315625 0.393750 0.059375 0.087500
0 0.347656 0.267361 0.050000 0.109722
0 0.493750 0.072222 0.064062 0.111111
0 0.521875 0.747222 0.064062 0.105556
0 0.523047 0.266667 0.052344 0.113889
0 0.532813 0.154167 0.065625 0.116667
0 0.543750 0.637500 0.054688 0.075000
0 0.581250 0.111111 0.065625 0.105556
0 0.602734 0.725000 0.067969 0.105556
0 0.606250 0.863889 0.064062 0.125000
0 0.617578 0.381250 0.061719 0.120833
0 0.637500 0.254861 0.060937 0.090278
0 0.660547 0.606250 0.060156 0.081944
0 0.714453 0.388889 0.050781 0.105556
0 0.723437 0.261111 0.046875 0.102778
1 0.315625 0.393750 0.059375 0.087500
1 0.347656 0.267361 0.050000 0.109722
1 0.532813 0.154167 0.065625 0.116667
1 0.606250 0.863889 0.064062 0.125000
1 0.617578 0.381250 0.061719 0.120833
2 0.493750 0.072222 0.064062 0.111111
2 0.521875 0.747222 0.064062 0.105556
2 0.523047 0.266667 0.052344 0.113889
2 0.543750 0.637500 0.054688 0.075000
2 0.637500 0.254861 0.060937 0.090278
2 0.714453 0.388889 0.050781 0.105556
2 0.723437 0.261111 0.046875 0.102778
3 0.581250 0.111111 0.065625 0.105556
3 0.602734 0.725000 0.067969 0.105556
3 0.660547 0.606250 0.060156 0.081944
4 0.347656 0.267361 0.050000 0.109722
4 0.617578 0.381250 0.061719 0.120833
5 0.606250 0.863889 0.064062 0.125000
6 0.532813 0.154167 0.065625 0.116667
7 0.315625 0.393750 0.059375 0.087500
10 0.315625 0.393750 0.059375 0.087500
12 0.617578 0.381250 0.061719 0.120833
13 0.347656 0.267361 0.050000 0.109722
14 0.532813 0.154167 0.065625 0.116667
14 0.606250 0.863889 0.064062 0.125000