0 0.473828 0.384722 0.046094 0.105556
0 0.494531 0.250000 0.056250 0.077778
0 0.490234 0.132639 0.042969 0.104167
0 0.540234 0.443056 0.050781 0.072222
0 0.567187 0.241667 0.057813 0.077778
0 0.567969 0.143056 0.057813 0.075000
0 0.572656 0.344444 0.051562 0.075000
0 0.595313 0.513889 0.051562 0.105556
0 0.639062 0.383333 0.056250 0.080556
0 0.638672 0.218750 0.047656 0.106944
0 0.666406 0.553472 0.064062 0.115278
0 0.693359 0.084028 0.064844 0.090278
0 0.692578 0.189583 0.049219 0.109722
0 0.703906 0.345139 0.042188 0.104167
1 0.567187 0.241667 0.057813 0.077778
2 0.473828 0.384722 0.046094 0.105556
2 0.490234 0.132639 0.042969 0.104167
2 0.540234 0.443056 0.050781 0.072222
2 0.567969 0.143056 0.057813 0.075000
2 0.572656 0.344444 0.051562 0.075000
2 0.595313 0.513889 0.051562 0.105556
2 0.639062 0.383333 0.056250 0.080556
2 0.638672 0.218750 0.047656 0.106944
2 0.666406 0.553472 0.064062 0.115278
2 0.693359 0.084028 0.064844 0.090278
2 0.703906 0.345139 0.042188 0.104167
3 0.494531 0.250000 0.056250 0.077778
3 0.692578 0.189583 0.049219 0.109722
5 0.567187 0.241667 0.057813 0.077778
16 0.567187 0.241667 0.057813 0.077778