0 0.246875 0.662500 0.065625 0.123611
0 0.304688 0.808333 0.050781 0.111111
0 0.311719 0.647222 0.064062 0.123611
0 0.369531 0.552778 0.042969 0.105556
0 0.403906 0.694444 0.056250 0.080556
0 0.417187 0.934722 0.067969 0.116667
0 0.448437 0.477778 0.049219 0.112500
0 0.472656 0.595833 0.053906 0.113889
0 0.484375 0.788889 0.057813 0.079167
0 0.525781 0.409722 0.059375 0.113889
0 0.527344 0.688889 0.057031 0.081944
0 0.541406 0.526389 0.067187 0.116667
0 0.554688 0.843056 0.061719 0.094444
0 0.587500 0.716667 0.061719 0.122222
0 0.596094 0.384722 0.057031 0.115278
0 0.616406 0.613889 0.057813 0.079167
0 0.657813 0.462500 0.061719 0.113889
0 0.657813 0.723611 0.053125 0.113889
0 0.714063 0.845833 0.066406 0.109722
0 0.710156 0.425000 0.043750 0.104167
0 0.722656 0.658333 0.059375 0.115278
0 0.768750 0.576389 0.062500 0.122222
0 0.837500 0.572222 0.047656 0.109722
1 0.246875 0.662500 0.065625 0.123611
1 0.311719 0.647222 0.064062 0.123611
1 0.657813 0.723611 0.053125 0.113889
1 0.768750 0.576389 0.062500 0.122222
2 0.304688 0.808333 0.050781 0.111111
2 0.369531 0.552778 0.042969 0.105556
2 0.403906 0.694444 0.056250 0.080556
2 0.417187 0.934722 0.067969 0.116667
2 0.448437 0.477778 0.049219 0.112500
2 0.525781 0.409722 0.059375 0.113889
2 0.596094 0.384722 0.057031 0.115278
2 0.657813 0.462500 0.061719 0.113889
2 0.710156 0.425000 0.043750 0.104167
2 0.722656 0.658333 0.059375 0.115278
2 0.837500 0.572222 0.047656 0.109722
3 0.472656 0.595833 0.053906 0.113889
3 0.484375 0.788889 0.057813 0.079167
3 0.527344 0.688889 0.057031 0.081944
3 0.541406 0.526389 0.067187 0.116667
3 0.554688 0.843056 0.061719 0.094444
3 0.587500 0.716667 0.061719 0.122222
3 0.616406 0.613889 0.057813 0.079167
3 0.714063 0.845833 0.066406 0.109722
4 0.657813 0.723611 0.053125 0.113889
5 0.311719 0.647222 0.064062 0.123611
6 0.246875 0.662500 0.065625 0.123611
7 0.768750 0.576389 0.062500 0.122222
11 0.311719 0.647222 0.064062 0.123611
14 0.246875 0.662500 0.065625 0.123611
15 0.657813 0.723611 0.053125 0.113889
20 0.768750 0.576389 0.062500 0.122222