0 0.239844 0.438889 0.068750 0.122222
0 0.255469 0.320833 0.057031 0.075000
0 0.260937 0.680556 0.065625 0.113889
0 0.289062 0.527778 0.064062 0.118056
0 0.334375 0.309722 0.059375 0.084722
0 0.340625 0.602778 0.067187 0.118056
0 0.376563 0.437500 0.044531 0.105556
0 0.412500 0.283333 0.062500 0.093056
0 0.439063 0.623611 0.065625 0.119444
0 0.476562 0.536111 0.067187 0.118056
0 0.485938 0.275000 0.056250 0.077778
0 0.528125 0.463889 0.066406 0.115278
0 0.548438 0.373611 0.061719 0.101389
0 0.553125 0.600000 0.064844 0.119444
1 0.376563 0.437500 0.044531 0.105556
2 0.255469 0.320833 0.057031 0.075000
2 0.260937 0.680556 0.065625 0.113889
2 0.289062 0.527778 0.064062 0.118056
2 0.334375 0.309722 0.059375 0.084722
2 0.340625 0.602778 0.067187 0.118056
2 0.412500 0.283333 0.062500 0.093056
2 0.476562 0.536111 0.067187 0.118056
2 0.528125 0.463889 0.066406 0.115278
2 0.548438 0.373611 0.061719 0.101389
2 0.553125 0.600000 0.064844 0.119444
3 0.239844 0.438889 0.068750 0.122222
3 0.439063 0.623611 0.065625 0.119444
3 0.485938 0.275000 0.056250 0.077778
4 0.376563 0.437500 0.044531 0.105556
14 0.376563 0.437500 0.044531 0.105556