0 0.340625 0.458333 0.064062 0.113889
0 0.345703 0.338889 0.061719 0.119444
0 0.409766 0.245139 0.061719 0.104167
0 0.421875 0.541667 0.039062 0.097222
0 0.509375 0.176389 0.067187 0.119444
0 0.500781 0.358333 0.046875 0.108333
0 0.571875 0.646528 0.043750 0.101389
0 0.669141 0.722222 0.061719 0.088889
1 0.345703 0.338889 0.061719 0.119444
2 0.409766 0.245139 0.061719 0.104167
2 0.509375 0.176389 0.067187 0.119444
2 0.500781 0.358333 0.046875 0.108333
3 0.340625 0.458333 0.064062 0.113889
3 0.421875 0.541667 0.039062 0.097222
3 0.571875 0.646528 0.043750 0.101389
3 0.669141 0.722222 0.061719 0.088889
4 0.345703 0.338889 0.061719 0.119444
13 0.345703 0.338889 0.061719 0.119444