0 0.362109 0.340278 0.057031 0.119444
0 0.368750 0.490278 0.043750 0.105556
0 0.380469 0.625000 0.051562 0.111111
0 0.394531 0.754167 0.067187 0.111111
0 0.414062 0.171528 0.050000 0.112500
0 0.424609 0.320833 0.055469 0.116667
0 0.430078 0.480556 0.046094 0.105556
0 0.443359 0.611111 0.041406 0.100000
0 0.447266 0.729861 0.042969 0.101389
0 0.495312 0.438889 0.051562 0.111111
0 0.502734 0.565278 0.049219 0.105556
0 0.515234 0.693056 0.046094 0.108333
0 0.513281 0.266667 0.040625 0.100000
0 0.559375 0.663889 0.048438 0.105556
0 0.592969 0.281944 0.057813 0.113889
0 0.596484 0.526389 0.044531 0.108333
0 0.606250 0.409028 0.050000 0.109722
0 0.607031 0.659028 0.040625 0.101389
0 0.652734 0.809028 0.055469 0.115278
0 0.657031 0.677778 0.045312 0.105556
0 0.666406 0.550000 0.050000 0.108333
0 0.679688 0.419444 0.054688 0.113889
0 0.728516 0.697917 0.049219 0.109722
0 0.742969 0.586111 0.056250 0.116667
0 0.751953 0.463194 0.053906 0.115278
1 0.362109 0.340278 0.057031 0.119444
1 0.380469 0.625000 0.051562 0.111111
1 0.394531 0.754167 0.067187 0.111111
1 0.414062 0.171528 0.050000 0.112500
1 0.424609 0.320833 0.055469 0.116667
1 0.430078 0.480556 0.046094 0.105556
1 0.443359 0.611111 0.041406 0.100000
1 0.447266 0.729861 0.042969 0.101389
1 0.495312 0.438889 0.051562 0.111111
1 0.502734 0.565278 0.049219 0.105556
1 0.515234 0.693056 0.046094 0.108333
1 0.513281 0.266667 0.040625 0.100000
1 0.559375 0.663889 0.048438 0.105556
1 0.592969 0.281944 0.057813 0.113889
1 0.596484 0.526389 0.044531 0.108333
1 0.606250 0.409028 0.050000 0.109722
1 0.607031 0.659028 0.040625 0.101389
1 0.652734 0.809028 0.055469 0.115278
1 0.657031 0.677778 0.045312 0.105556
1 0.666406 0.550000 0.050000 0.108333
1 0.679688 0.419444 0.054688 0.113889
1 0.728516 0.697917 0.049219 0.109722
1 0.742969 0.586111 0.056250 0.116667
2 0.368750 0.490278 0.043750 0.105556
2 0.751953 0.463194 0.053906 0.115278
4 0.380469 0.625000 0.051562 0.111111
4 0.394531 0.754167 0.067187 0.111111
4 0.414062 0.171528 0.050000 0.112500
4 0.447266 0.729861 0.042969 0.101389
4 0.606250 0.409028 0.050000 0.109722
4 0.607031 0.659028 0.040625 0.101389
4 0.657031 0.677778 0.045312 0.105556
5 0.424609 0.320833 0.055469 0.116667
5 0.430078 0.480556 0.046094 0.105556
5 0.502734 0.565278 0.049219 0.105556
5 0.515234 0.693056 0.046094 0.108333
5 0.513281 0.266667 0.040625 0.100000
5 0.559375 0.663889 0.048438 0.105556
5 0.596484 0.526389 0.044531 0.108333
6 0.362109 0.340278 0.057031 0.119444
6 0.443359 0.611111 0.041406 0.100000
6 0.495312 0.438889 0.051562 0.111111
6 0.652734 0.809028 0.055469 0.115278
6 0.666406 0.550000 0.050000 0.108333
6 0.679688 0.419444 0.054688 0.113889
6 0.728516 0.697917 0.049219 0.109722
7 0.592969 0.281944 0.057813 0.113889
7 0.742969 0.586111 0.056250 0.116667
8 0.502734 0.565278 0.049219 0.105556
8 0.657031 0.677778 0.045312 0.105556
8 0.666406 0.550000 0.050000 0.108333
8 0.742969 0.586111 0.056250 0.116667
9 0.592969 0.281944 0.057813 0.113889
10 0.430078 0.480556 0.046094 0.105556
10 0.606250 0.409028 0.050000 0.109722
10 0.652734 0.809028 0.055469 0.115278
11 0.495312 0.438889 0.051562 0.111111
12 0.424609 0.320833 0.055469 0.116667
13 0.607031 0.659028 0.040625 0.101389
13 0.679688 0.419444 0.054688 0.113889
14 0.447266 0.729861 0.042969 0.101389
14 0.515234 0.693056 0.046094 0.108333
15 0.513281 0.266667 0.040625 0.100000
16 0.362109 0.340278 0.057031 0.119444
16 0.596484 0.526389 0.044531 0.108333
17 0.380469 0.625000 0.051562 0.111111
18 0.394531 0.754167 0.067187 0.111111
19 0.414062 0.171528 0.050000 0.112500
19 0.559375 0.663889 0.048438 0.105556
19 0.728516 0.697917 0.049219 0.109722
20 0.443359 0.611111 0.041406 0.100000