0 0.195312 0.726389 0.068750 0.119444
0 0.197656 0.328472 0.070312 0.115278
0 0.209766 0.592361 0.064844 0.093056
0 0.218359 0.454861 0.069531 0.106944
0 0.259375 0.525000 0.068750 0.116667
0 0.265625 0.367361 0.068750 0.120833
0 0.270703 0.676389 0.042969 0.102778
0 0.311328 0.483333 0.067969 0.119444
0 0.314844 0.779167 0.065625 0.097222
0 0.328125 0.675000 0.051562 0.111111
0 0.377734 0.704861 0.046094 0.104167
0 0.412500 0.787500 0.065625 0.105556
0 0.415625 0.079861 0.056250 0.115278
0 0.462500 0.238889 0.065625 0.116667
0 0.489063 0.803472 0.065625 0.109722
0 0.527344 0.708333 0.057813 0.119444
0 0.534766 0.343750 0.050781 0.112500
0 0.538672 0.215972 0.046094 0.106944
0 0.550781 0.600000 0.057813 0.119444
0 0.607422 0.784722 0.057031 0.077778
0 0.626563 0.686111 0.064062 0.116667
0 0.647266 0.866667 0.060156 0.086111
0 0.652344 0.281250 0.065625 0.115278
0 0.669922 0.626389 0.052344 0.111111
0 0.709375 0.442361 0.064062 0.101389
0 0.719141 0.795139 0.038281 0.098611
0 0.769141 0.660417 0.041406 0.101389
1 0.195312 0.726389 0.068750 0.119444
1 0.197656 0.328472 0.070312 0.115278
1 0.209766 0.592361 0.064844 0.093056
1 0.218359 0.454861 0.069531 0.106944
1 0.259375 0.525000 0.068750 0.116667
1 0.265625 0.367361 0.068750 0.120833
1 0.270703 0.676389 0.042969 0.102778
1 0.311328 0.483333 0.067969 0.119444
1 0.314844 0.779167 0.065625 0.097222
1 0.328125 0.675000 0.051562 0.111111
1 0.377734 0.704861 0.046094 0.104167
1 0.412500 0.787500 0.065625 0.105556
1 0.415625 0.079861 0.056250 0.115278
1 0.462500 0.238889 0.065625 0.116667
1 0.489063 0.803472 0.065625 0.109722
1 0.527344 0.708333 0.057813 0.119444
1 0.534766 0.343750 0.050781 0.112500
1 0.538672 0.215972 0.046094 0.106944
1 0.607422 0.784722 0.057031 0.077778
1 0.626563 0.686111 0.064062 0.116667
1 0.647266 0.866667 0.060156 0.086111
1 0.652344 0.281250 0.065625 0.115278
1 0.669922 0.626389 0.052344 0.111111
1 0.709375 0.442361 0.064062 0.101389
1 0.719141 0.795139 0.038281 0.098611
1 0.769141 0.660417 0.041406 0.101389
2 0.550781 0.600000 0.057813 0.119444
4 0.209766 0.592361 0.064844 0.093056
4 0.259375 0.525000 0.068750 0.116667
4 0.412500 0.787500 0.065625 0.105556
4 0.415625 0.079861 0.056250 0.115278
4 0.607422 0.784722 0.057031 0.077778
4 0.652344 0.281250 0.065625 0.115278
4 0.709375 0.442361 0.064062 0.101389
4 0.769141 0.660417 0.041406 0.101389
5 0.265625 0.367361 0.068750 0.120833
5 0.314844 0.779167 0.065625 0.097222
5 0.377734 0.704861 0.046094 0.104167
5 0.462500 0.238889 0.065625 0.116667
5 0.527344 0.708333 0.057813 0.119444
5 0.647266 0.866667 0.060156 0.086111
6 0.195312 0.726389 0.068750 0.119444
6 0.197656 0.328472 0.070312 0.115278
6 0.328125 0.675000 0.051562 0.111111
6 0.489063 0.803472 0.065625 0.109722
6 0.538672 0.215972 0.046094 0.106944
6 0.669922 0.626389 0.052344 0.111111
6 0.719141 0.795139 0.038281 0.098611
7 0.218359 0.454861 0.069531 0.106944
7 0.270703 0.676389 0.042969 0.102778
7 0.311328 0.483333 0.067969 0.119444
7 0.534766 0.343750 0.050781 0.112500
7 0.626563 0.686111 0.064062 0.116667
9 0.462500 0.238889 0.065625 0.116667
9 0.626563 0.686111 0.064062 0.116667
9 0.669922 0.626389 0.052344 0.111111
10 0.534766 0.343750 0.050781 0.112500
11 0.195312 0.726389 0.068750 0.119444
11 0.270703 0.676389 0.042969 0.102778
11 0.314844 0.779167 0.065625 0.097222
11 0.412500 0.787500 0.065625 0.105556
12 0.197656 0.328472 0.070312 0.115278
12 0.415625 0.079861 0.056250 0.115278
12 0.527344 0.708333 0.057813 0.119444
14 0.209766 0.592361 0.064844 0.093056
14 0.538672 0.215972 0.046094 0.106944
15 0.259375 0.525000 0.068750 0.116667
15 0.328125 0.675000 0.051562 0.111111
15 0.647266 0.866667 0.060156 0.086111
16 0.311328 0.483333 0.067969 0.119444
16 0.719141 0.795139 0.038281 0.098611
16 0.769141 0.660417 0.041406 0.101389
17 0.265625 0.367361 0.068750 0.120833
17 0.489063 0.803472 0.065625 0.109722
17 0.607422 0.784722 0.057031 0.077778
19 0.709375 0.442361 0.064062 0.101389
20 0.218359 0.454861 0.069531 0.106944
20 0.377734 0.704861 0.046094 0.104167
20 0.652344 0.281250 0.065625 0.115278