0 0.175391 0.413194 0.071094 0.112500
0 0.187500 0.700000 0.053125 0.111111
0 0.238281 0.620833 0.067187 0.119444
0 0.242188 0.465278 0.059375 0.119444
0 0.251563 0.779861 0.065625 0.095833
0 0.265234 0.308333 0.058594 0.077778
0 0.297656 0.438889 0.067187 0.119444
0 0.361328 0.296528 0.058594 0.079167
0 0.378125 0.575000 0.043750 0.100000
0 0.401172 0.456944 0.067969 0.108333
0 0.403906 0.802778 0.050000 0.111111
0 0.424609 0.250000 0.053906 0.116667
0 0.430078 0.664583 0.049219 0.112500
0 0.466406 0.370833 0.059375 0.083333
0 0.484375 0.525000 0.048438 0.108333
0 0.535547 0.550000 0.050781 0.111111
0 0.547266 0.401389 0.066406 0.119444
0 0.595703 0.572222 0.058594 0.116667
0 0.607812 0.438889 0.054688 0.113889
0 0.613672 0.729167 0.046094 0.108333
0 0.661719 0.662500 0.065625 0.116667
0 0.660547 0.540278 0.041406 0.100000
1 0.175391 0.413194 0.071094 0.112500
1 0.238281 0.620833 0.067187 0.119444
1 0.251563 0.779861 0.065625 0.095833
1 0.265234 0.308333 0.058594 0.077778
1 0.361328 0.296528 0.058594 0.079167
1 0.401172 0.456944 0.067969 0.108333
1 0.403906 0.802778 0.050000 0.111111
1 0.424609 0.250000 0.053906 0.116667
1 0.466406 0.370833 0.059375 0.083333
1 0.535547 0.550000 0.050781 0.111111
1 0.547266 0.401389 0.066406 0.119444
1 0.607812 0.438889 0.054688 0.113889
1 0.613672 0.729167 0.046094 0.108333
1 0.661719 0.662500 0.065625 0.116667
1 0.660547 0.540278 0.041406 0.100000
2 0.430078 0.664583 0.049219 0.112500
3 0.187500 0.700000 0.053125 0.111111
3 0.242188 0.465278 0.059375 0.119444
3 0.297656 0.438889 0.067187 0.119444
3 0.378125 0.575000 0.043750 0.100000
3 0.484375 0.525000 0.048438 0.108333
3 0.595703 0.572222 0.058594 0.116667
4 0.238281 0.620833 0.067187 0.119444
4 0.466406 0.370833 0.059375 0.083333
4 0.535547 0.550000 0.050781 0.111111
4 0.547266 0.401389 0.066406 0.119444
5 0.401172 0.456944 0.067969 0.108333
5 0.660547 0.540278 0.041406 0.100000
6 0.251563 0.779861 0.065625 0.095833
6 0.265234 0.308333 0.058594 0.077778
6 0.361328 0.296528 0.058594 0.079167
6 0.607812 0.438889 0.054688 0.113889
7 0.175391 0.413194 0.071094 0.112500
7 0.403906 0.802778 0.050000 0.111111
7 0.424609 0.250000 0.053906 0.116667
7 0.613672 0.729167 0.046094 0.108333
7 0.661719 0.662500 0.065625 0.116667
8 0.466406 0.370833 0.059375 0.083333
9 0.424609 0.250000 0.053906 0.116667
10 0.175391 0.413194 0.071094 0.112500
10 0.535547 0.550000 0.050781 0.111111
11 0.613672 0.729167 0.046094 0.108333
13 0.403906 0.802778 0.050000 0.111111
14 0.251563 0.779861 0.065625 0.095833
15 0.401172 0.456944 0.067969 0.108333
15 0.661719 0.662500 0.065625 0.116667
16 0.265234 0.308333 0.058594 0.077778
17 0.238281 0.620833 0.067187 0.119444
17 0.607812 0.438889 0.054688 0.113889
19 0.361328 0.296528 0.058594 0.079167
20 0.547266 0.401389 0.066406 0.119444
20 0.660547 0.540278 0.041406 0.100000