0 0.338281 0.634722 0.059375 0.119444
0 0.345313 0.795139 0.043750 0.101389
0 0.371875 0.520833 0.062500 0.119444
0 0.381250 0.404167 0.068750 0.108333
0 0.396875 0.674306 0.065625 0.118056
0 0.414062 0.852778 0.065625 0.100000
0 0.435937 0.509028 0.060937 0.084722
0 0.438281 0.738889 0.065625 0.108333
0 0.451562 0.310417 0.053125 0.112500
0 0.471484 0.604861 0.057031 0.115278
0 0.502344 0.867361 0.065625 0.115278
0 0.507812 0.718750 0.064062 0.115278
0 0.528906 0.476389 0.057813 0.080556
0 0.549219 0.604167 0.045312 0.105556
0 0.594531 0.216667 0.048438 0.108333
0 0.602734 0.787500 0.058594 0.119444
0 0.612109 0.630556 0.064844 0.100000
1 0.338281 0.634722 0.059375 0.119444
1 0.345313 0.795139 0.043750 0.101389
1 0.371875 0.520833 0.062500 0.119444
1 0.381250 0.404167 0.068750 0.108333
1 0.396875 0.674306 0.065625 0.118056
1 0.414062 0.852778 0.065625 0.100000
1 0.435937 0.509028 0.060937 0.084722
1 0.438281 0.738889 0.065625 0.108333
1 0.528906 0.476389 0.057813 0.080556
1 0.594531 0.216667 0.048438 0.108333
1 0.602734 0.787500 0.058594 0.119444
1 0.612109 0.630556 0.064844 0.100000
2 0.451562 0.310417 0.053125 0.112500
3 0.471484 0.604861 0.057031 0.115278
3 0.502344 0.867361 0.065625 0.115278
3 0.507812 0.718750 0.064062 0.115278
3 0.549219 0.604167 0.045312 0.105556
4 0.438281 0.738889 0.065625 0.108333
4 0.528906 0.476389 0.057813 0.080556
5 0.602734 0.787500 0.058594 0.119444
5 0.612109 0.630556 0.064844 0.100000
6 0.338281 0.634722 0.059375 0.119444
6 0.345313 0.795139 0.043750 0.101389
6 0.381250 0.404167 0.068750 0.108333
6 0.396875 0.674306 0.065625 0.118056
6 0.414062 0.852778 0.065625 0.100000
7 0.371875 0.520833 0.062500 0.119444
7 0.435937 0.509028 0.060937 0.084722
7 0.594531 0.216667 0.048438 0.108333
10 0.345313 0.795139 0.043750 0.101389
10 0.602734 0.787500 0.058594 0.119444
11 0.414062 0.852778 0.065625 0.100000
13 0.594531 0.216667 0.048438 0.108333
15 0.396875 0.674306 0.065625 0.118056
15 0.435937 0.509028 0.060937 0.084722
15 0.612109 0.630556 0.064844 0.100000
16 0.371875 0.520833 0.062500 0.119444
17 0.528906 0.476389 0.057813 0.080556
18 0.338281 0.634722 0.059375 0.119444
19 0.381250 0.404167 0.068750 0.108333
20 0.438281 0.738889 0.065625 0.108333