0 0.250000 0.658333 0.042188 0.097222
0 0.294141 0.600000 0.038281 0.094444
0 0.312500 0.486111 0.046875 0.102778
0 0.333984 0.695833 0.050781 0.108333
0 0.350391 0.504861 0.047656 0.101389
0 0.417187 0.537500 0.053125 0.113889
0 0.434375 0.631250 0.053125 0.115278
0 0.448437 0.761111 0.067187 0.113889
0 0.447656 0.172222 0.056250 0.075000
0 0.450000 0.354861 0.051562 0.112500
0 0.471094 0.821528 0.065625 0.109722
0 0.466406 0.450000 0.051562 0.113889
0 0.503516 0.161111 0.058594 0.080556
0 0.533984 0.495139 0.053906 0.115278
0 0.550000 0.782639 0.068750 0.120833
0 0.560937 0.153472 0.059375 0.073611
0 0.573828 0.473611 0.053906 0.116667
0 0.586328 0.702778 0.069531 0.122222
0 0.624219 0.626389 0.068750 0.119444
0 0.650000 0.826389 0.067187 0.122222
0 0.684375 0.882639 0.068750 0.123611
0 0.750391 0.559722 0.067969 0.097222
0 0.794141 0.775000 0.069531 0.127778
1 0.450000 0.354861 0.051562 0.112500
1 0.466406 0.450000 0.051562 0.113889
1 0.533984 0.495139 0.053906 0.115278
1 0.573828 0.473611 0.053906 0.116667
2 0.250000 0.658333 0.042188 0.097222
2 0.294141 0.600000 0.038281 0.094444
2 0.312500 0.486111 0.046875 0.102778
2 0.333984 0.695833 0.050781 0.108333
2 0.350391 0.504861 0.047656 0.101389
2 0.417187 0.537500 0.053125 0.113889
2 0.434375 0.631250 0.053125 0.115278
2 0.550000 0.782639 0.068750 0.120833
2 0.586328 0.702778 0.069531 0.122222
2 0.624219 0.626389 0.068750 0.119444
2 0.750391 0.559722 0.067969 0.097222
3 0.448437 0.761111 0.067187 0.113889
3 0.447656 0.172222 0.056250 0.075000
3 0.471094 0.821528 0.065625 0.109722
3 0.503516 0.161111 0.058594 0.080556
3 0.560937 0.153472 0.059375 0.073611
3 0.650000 0.826389 0.067187 0.122222
3 0.684375 0.882639 0.068750 0.123611
3 0.794141 0.775000 0.069531 0.127778
4 0.466406 0.450000 0.051562 0.113889
4 0.573828 0.473611 0.053906 0.116667
7 0.450000 0.354861 0.051562 0.112500
7 0.533984 0.495139 0.053906 0.115278
8 0.573828 0.473611 0.053906 0.116667
13 0.450000 0.354861 0.051562 0.112500
16 0.466406 0.450000 0.051562 0.113889
18 0.533984 0.495139 0.053906 0.115278