0 0.279297 0.629861 0.060156 0.087500
0 0.314063 0.534722 0.067187 0.116667
0 0.392188 0.488889 0.062500 0.119444
0 0.404297 0.679167 0.058594 0.080556
0 0.412500 0.370833 0.065625 0.116667
0 0.456641 0.477778 0.067969 0.119444
0 0.467969 0.610417 0.040625 0.098611
0 0.494531 0.327778 0.060937 0.094444
0 0.527344 0.410417 0.050000 0.109722
0 0.542188 0.618750 0.040625 0.098611
0 0.575000 0.363889 0.050000 0.111111
0 0.587500 0.515972 0.053125 0.115278
0 0.621875 0.618750 0.064062 0.095833
0 0.627344 0.308333 0.051562 0.113889
0 0.635938 0.458333 0.051562 0.111111
0 0.697266 0.373611 0.044531 0.105556
0 0.719531 0.593056 0.068750 0.113889
0 0.771875 0.379167 0.043750 0.105556
0 0.785937 0.528472 0.064062 0.120833
0 0.843359 0.634722 0.064844 0.125000
1 0.697266 0.373611 0.044531 0.105556
1 0.771875 0.379167 0.043750 0.105556
1 0.785937 0.528472 0.064062 0.120833
1 0.843359 0.634722 0.064844 0.125000
2 0.456641 0.477778 0.067969 0.119444
2 0.467969 0.610417 0.040625 0.098611
2 0.494531 0.327778 0.060937 0.094444
2 0.527344 0.410417 0.050000 0.109722
2 0.542188 0.618750 0.040625 0.098611
2 0.575000 0.363889 0.050000 0.111111
2 0.587500 0.515972 0.053125 0.115278
2 0.621875 0.618750 0.064062 0.095833
2 0.627344 0.308333 0.051562 0.113889
2 0.635938 0.458333 0.051562 0.111111
2 0.719531 0.593056 0.068750 0.113889
3 0.279297 0.629861 0.060156 0.087500
3 0.314063 0.534722 0.067187 0.116667
3 0.392188 0.488889 0.062500 0.119444
3 0.404297 0.679167 0.058594 0.080556
3 0.412500 0.370833 0.065625 0.116667
4 0.785937 0.528472 0.064062 0.120833
5 0.697266 0.373611 0.044531 0.105556
6 0.843359 0.634722 0.064844 0.125000
7 0.771875 0.379167 0.043750 0.105556
9 0.843359 0.634722 0.064844 0.125000
10 0.785937 0.528472 0.064062 0.120833
15 0.771875 0.379167 0.043750 0.105556
17 0.697266 0.373611 0.044531 0.105556