0 0.328906 0.502778 0.065625 0.119444
0 0.371094 0.795833 0.066406 0.118056
0 0.386719 0.275000 0.068750 0.122222
0 0.384375 0.451389 0.057813 0.113889
0 0.442969 0.612500 0.058594 0.119444
0 0.462500 0.236111 0.067969 0.125000
0 0.467969 0.400000 0.066406 0.113889
0 0.490625 0.747222 0.060156 0.113889
0 0.524219 0.608333 0.060937 0.088889
0 0.540625 0.461111 0.065625 0.118056
0 0.553906 0.243056 0.042188 0.101389
0 0.610156 0.690278 0.059375 0.111111
0 0.636719 0.516667 0.043750 0.100000
0 0.649219 0.376389 0.046875 0.106944
1 0.649219 0.376389 0.046875 0.106944
2 0.386719 0.275000 0.068750 0.122222
2 0.384375 0.451389 0.057813 0.113889
2 0.442969 0.612500 0.058594 0.119444
2 0.462500 0.236111 0.067969 0.125000
2 0.490625 0.747222 0.060156 0.113889
2 0.524219 0.608333 0.060937 0.088889
2 0.540625 0.461111 0.065625 0.118056
2 0.553906 0.243056 0.042188 0.101389
2 0.610156 0.690278 0.059375 0.111111
2 0.636719 0.516667 0.043750 0.100000
3 0.328906 0.502778 0.065625 0.119444
3 0.371094 0.795833 0.066406 0.118056
3 0.467969 0.400000 0.066406 0.113889
6 0.649219 0.376389 0.046875 0.106944
19 0.649219 0.376389 0.046875 0.106944