0 0.353125 0.718750 0.059375 0.118056
0 0.393359 0.534028 0.061719 0.095833
0 0.456250 0.781250 0.057813 0.079167
0 0.469141 0.516667 0.046094 0.105556
0 0.476562 0.618056 0.054688 0.075000
0 0.489453 0.704167 0.055469 0.075000
0 0.515625 0.790278 0.060937 0.080556
0 0.517578 0.409722 0.053906 0.113889
0 0.531250 0.575000 0.064062 0.119444
0 0.564844 0.325000 0.042188 0.102778
0 0.604688 0.704861 0.064062 0.118056
0 0.681250 0.613194 0.067187 0.118056
0 0.719531 0.482639 0.068750 0.118056
0 0.722656 0.295139 0.065625 0.095833
0 0.760938 0.795139 0.071875 0.120833
0 0.788672 0.334722 0.071094 0.119444
0 0.816016 0.450000 0.055469 0.116667
0 0.823438 0.856250 0.067187 0.109722
0 0.853125 0.613889 0.064062 0.116667
0 0.934766 0.543750 0.050781 0.112500
1 0.722656 0.295139 0.065625 0.095833
1 0.760938 0.795139 0.071875 0.120833
1 0.788672 0.334722 0.071094 0.119444
1 0.816016 0.450000 0.055469 0.116667
2 0.393359 0.534028 0.061719 0.095833
2 0.476562 0.618056 0.054688 0.075000
2 0.489453 0.704167 0.055469 0.075000
2 0.517578 0.409722 0.053906 0.113889
2 0.531250 0.575000 0.064062 0.119444
2 0.564844 0.325000 0.042188 0.102778
2 0.604688 0.704861 0.064062 0.118056
2 0.853125 0.613889 0.064062 0.116667
2 0.934766 0.543750 0.050781 0.112500
3 0.353125 0.718750 0.059375 0.118056
3 0.456250 0.781250 0.057813 0.079167
3 0.469141 0.516667 0.046094 0.105556
3 0.515625 0.790278 0.060937 0.080556
3 0.681250 0.613194 0.067187 0.118056
3 0.719531 0.482639 0.068750 0.118056
3 0.823438 0.856250 0.067187 0.109722
5 0.722656 0.295139 0.065625 0.095833
6 0.788672 0.334722 0.071094 0.119444
6 0.816016 0.450000 0.055469 0.116667
7 0.760938 0.795139 0.071875 0.120833
8 0.816016 0.450000 0.055469 0.116667
12 0.788672 0.334722 0.071094 0.119444
13 0.722656 0.295139 0.065625 0.095833
15 0.760938 0.795139 0.071875 0.120833