0 0.230859 0.582639 0.069531 0.123611
0 0.238672 0.783333 0.067969 0.127778
0 0.297656 0.620139 0.057813 0.120833
0 0.325391 0.796528 0.066406 0.104167
0 0.368750 0.540972 0.050000 0.109722
0 0.382422 0.411111 0.069531 0.119444
0 0.399219 0.711111 0.064062 0.100000
0 0.428125 0.384722 0.065625 0.119444
0 0.431250 0.896528 0.067187 0.123611
0 0.435156 0.584722 0.056250 0.116667
0 0.469141 0.775000 0.060156 0.119444
0 0.494531 0.559028 0.051562 0.115278
0 0.512891 0.710417 0.067969 0.118056
0 0.506641 0.426389 0.042969 0.102778
0 0.548438 0.863889 0.045312 0.108333
0 0.575781 0.540278 0.065625 0.111111
0 0.579688 0.721528 0.067187 0.112500
0 0.582812 0.390278 0.060937 0.113889
0 0.628906 0.659722 0.053125 0.113889
0 0.662500 0.272917 0.065625 0.098611
0 0.668359 0.354861 0.063281 0.098611
0 0.685156 0.464583 0.056250 0.087500
0 0.686719 0.590278 0.053125 0.111111
1 0.382422 0.411111 0.069531 0.119444
1 0.428125 0.384722 0.065625 0.119444
1 0.662500 0.272917 0.065625 0.098611
1 0.668359 0.354861 0.063281 0.098611
2 0.230859 0.582639 0.069531 0.123611
2 0.238672 0.783333 0.067969 0.127778
2 0.297656 0.620139 0.057813 0.120833
2 0.325391 0.796528 0.066406 0.104167
2 0.368750 0.540972 0.050000 0.109722
2 0.399219 0.711111 0.064062 0.100000
2 0.494531 0.559028 0.051562 0.115278
2 0.506641 0.426389 0.042969 0.102778
2 0.582812 0.390278 0.060937 0.113889
2 0.685156 0.464583 0.056250 0.087500
2 0.686719 0.590278 0.053125 0.111111
3 0.431250 0.896528 0.067187 0.123611
3 0.435156 0.584722 0.056250 0.116667
3 0.469141 0.775000 0.060156 0.119444
3 0.512891 0.710417 0.067969 0.118056
3 0.548438 0.863889 0.045312 0.108333
3 0.575781 0.540278 0.065625 0.111111
3 0.579688 0.721528 0.067187 0.112500
3 0.628906 0.659722 0.053125 0.113889
4 0.662500 0.272917 0.065625 0.098611
5 0.382422 0.411111 0.069531 0.119444
5 0.428125 0.384722 0.065625 0.119444
7 0.668359 0.354861 0.063281 0.098611
9 0.662500 0.272917 0.065625 0.098611
10 0.382422 0.411111 0.069531 0.119444
15 0.668359 0.354861 0.063281 0.098611
20 0.428125 0.384722 0.065625 0.119444