0 0.124219 0.683333 0.068750 0.119444
0 0.206250 0.755556 0.073438 0.122222
0 0.212109 0.515278 0.060156 0.122222
0 0.273828 0.513889 0.061719 0.116667
0 0.291406 0.634028 0.070312 0.120833
0 0.299609 0.381250 0.049219 0.109722
0 0.332031 0.763889 0.070312 0.116667
0 0.352344 0.383333 0.045312 0.108333
0 0.372266 0.668056 0.064844 0.122222
0 0.401562 0.361111 0.048438 0.108333
0 0.442188 0.865972 0.064062 0.120833
0 0.443750 0.350000 0.046875 0.108333
0 0.450000 0.673611 0.059375 0.116667
0 0.510938 0.312500 0.043750 0.102778
0 0.525391 0.818750 0.058594 0.084722
0 0.521875 0.676389 0.050000 0.108333
0 0.537500 0.448611 0.065625 0.119444
0 0.573828 0.601389 0.061719 0.116667
0 0.594531 0.753472 0.060937 0.118056
0 0.595703 0.340278 0.049219 0.102778
0 0.635156 0.476389 0.046875 0.105556
0 0.683984 0.644444 0.060156 0.116667
0 0.699219 0.525000 0.062500 0.105556
1 0.299609 0.381250 0.049219 0.109722
1 0.352344 0.383333 0.045312 0.108333
1 0.401562 0.361111 0.048438 0.108333
1 0.443750 0.350000 0.046875 0.108333
2 0.124219 0.683333 0.068750 0.119444
2 0.206250 0.755556 0.073438 0.122222
2 0.212109 0.515278 0.060156 0.122222
2 0.273828 0.513889 0.061719 0.116667
2 0.291406 0.634028 0.070312 0.120833
2 0.332031 0.763889 0.070312 0.116667
2 0.372266 0.668056 0.064844 0.122222
2 0.510938 0.312500 0.043750 0.102778
2 0.537500 0.448611 0.065625 0.119444
2 0.595703 0.340278 0.049219 0.102778
2 0.699219 0.525000 0.062500 0.105556
3 0.442188 0.865972 0.064062 0.120833
3 0.450000 0.673611 0.059375 0.116667
3 0.525391 0.818750 0.058594 0.084722
3 0.521875 0.676389 0.050000 0.108333
3 0.573828 0.601389 0.061719 0.116667
3 0.594531 0.753472 0.060937 0.118056
3 0.635156 0.476389 0.046875 0.105556
3 0.683984 0.644444 0.060156 0.116667
4 0.401562 0.361111 0.048438 0.108333
4 0.443750 0.350000 0.046875 0.108333
6 0.299609 0.381250 0.049219 0.109722
6 0.352344 0.383333 0.045312 0.108333
8 0.299609 0.381250 0.049219 0.109722
15 0.352344 0.383333 0.045312 0.108333
17 0.443750 0.350000 0.046875 0.108333
18 0.401562 0.361111 0.048438 0.108333