0 0.278906 0.623611 0.060937 0.087500
0 0.313281 0.529167 0.067969 0.116667
0 0.391406 0.486111 0.063281 0.119444
0 0.403125 0.675000 0.057031 0.080556
0 0.413281 0.368056 0.066406 0.116667
0 0.457031 0.472222 0.068750 0.119444
0 0.467187 0.609722 0.040625 0.100000
0 0.496094 0.325000 0.060937 0.095833
0 0.527344 0.409722 0.050000 0.109722
0 0.540625 0.619444 0.039844 0.100000
0 0.575000 0.363889 0.049219 0.111111
0 0.587500 0.516667 0.051562 0.115278
0 0.620313 0.619444 0.064062 0.094444
0 0.628125 0.309722 0.051562 0.115278
0 0.635938 0.459722 0.050781 0.111111
0 0.697656 0.376389 0.044531 0.106944
0 0.718750 0.595833 0.068750 0.115278
0 0.728906 0.251389 0.067969 0.111111
0 0.772656 0.383333 0.043750 0.105556
0 0.785156 0.533333 0.064844 0.122222
0 0.842187 0.640278 0.065625 0.123611
1 0.697656 0.376389 0.044531 0.106944
1 0.728906 0.251389 0.067969 0.111111
1 0.772656 0.383333 0.043750 0.105556
1 0.785156 0.533333 0.064844 0.122222
1 0.842187 0.640278 0.065625 0.123611
2 0.457031 0.472222 0.068750 0.119444
2 0.467187 0.609722 0.040625 0.100000
2 0.496094 0.325000 0.060937 0.095833
2 0.527344 0.409722 0.050000 0.109722
2 0.540625 0.619444 0.039844 0.100000
2 0.575000 0.363889 0.049219 0.111111
2 0.587500 0.516667 0.051562 0.115278
2 0.620313 0.619444 0.064062 0.094444
2 0.628125 0.309722 0.051562 0.115278
2 0.635938 0.459722 0.050781 0.111111
2 0.718750 0.595833 0.068750 0.115278
3 0.278906 0.623611 0.060937 0.087500
3 0.313281 0.529167 0.067969 0.116667
3 0.391406 0.486111 0.063281 0.119444
3 0.403125 0.675000 0.057031 0.080556
3 0.413281 0.368056 0.066406 0.116667
4 0.728906 0.251389 0.067969 0.111111
4 0.785156 0.533333 0.064844 0.122222
5 0.697656 0.376389 0.044531 0.106944
6 0.842187 0.640278 0.065625 0.123611
7 0.772656 0.383333 0.043750 0.105556
9 0.842187 0.640278 0.065625 0.123611
10 0.785156 0.533333 0.064844 0.122222
15 0.772656 0.383333 0.043750 0.105556
16 0.728906 0.251389 0.067969 0.111111
17 0.697656 0.376389 0.044531 0.106944