0 0.175000 0.248611 0.059375 0.119444
0 0.186328 0.393750 0.063281 0.120833
0 0.199219 0.856250 0.060937 0.079167
0 0.207813 0.536806 0.046875 0.106944
0 0.262500 0.798611 0.062500 0.086111
0 0.258984 0.654167 0.046094 0.105556
0 0.316797 0.786111 0.044531 0.102778
0 0.351562 0.422222 0.053125 0.113889
0 0.403125 0.803472 0.040625 0.101389
0 0.411328 0.481250 0.055469 0.112500
0 0.409766 0.370139 0.042969 0.101389
0 0.437891 0.587500 0.060156 0.088889
0 0.455078 0.671528 0.044531 0.104167
0 0.469531 0.294444 0.043750 0.102778
0 0.478906 0.802778 0.062500 0.094444
0 0.507031 0.457639 0.062500 0.101389
0 0.503516 0.626389 0.049219 0.111111
0 0.528906 0.345833 0.064062 0.119444
0 0.539844 0.707639 0.057813 0.081944
0 0.560937 0.812500 0.065625 0.113889
0 0.562500 0.232639 0.056250 0.115278
0 0.600000 0.613194 0.062500 0.118056
0 0.617969 0.291667 0.065625 0.111111
0 0.619922 0.790278 0.055469 0.116667
0 0.624219 0.429861 0.056250 0.115278
0 0.684375 0.282639 0.062500 0.104167
0 0.703906 0.163889 0.059375 0.080556
0 0.713281 0.429167 0.053125 0.108333
0 0.757422 0.259722 0.063281 0.102778
0 0.757422 0.377778 0.061719 0.113889
0 0.771875 0.505556 0.045312 0.102778
0 0.819531 0.227778 0.060937 0.116667
0 0.815625 0.647917 0.045312 0.104167
0 0.834375 0.384028 0.062500 0.109722
1 0.175000 0.248611 0.059375 0.119444
1 0.199219 0.856250 0.060937 0.079167
1 0.316797 0.786111 0.044531 0.102778
1 0.351562 0.422222 0.053125 0.113889
1 0.403125 0.803472 0.040625 0.101389
1 0.409766 0.370139 0.042969 0.101389
1 0.478906 0.802778 0.062500 0.094444
1 0.507031 0.457639 0.062500 0.101389
1 0.528906 0.345833 0.064062 0.119444
1 0.539844 0.707639 0.057813 0.081944
1 0.560937 0.812500 0.065625 0.113889
1 0.562500 0.232639 0.056250 0.115278
1 0.600000 0.613194 0.062500 0.118056
1 0.619922 0.790278 0.055469 0.116667
1 0.703906 0.163889 0.059375 0.080556
1 0.713281 0.429167 0.053125 0.108333
1 0.757422 0.259722 0.063281 0.102778
1 0.771875 0.505556 0.045312 0.102778
1 0.819531 0.227778 0.060937 0.116667
1 0.815625 0.647917 0.045312 0.104167
2 0.455078 0.671528 0.044531 0.104167
2 0.503516 0.626389 0.049219 0.111111
3 0.186328 0.393750 0.063281 0.120833
3 0.207813 0.536806 0.046875 0.106944
3 0.262500 0.798611 0.062500 0.086111
3 0.258984 0.654167 0.046094 0.105556
3 0.411328 0.481250 0.055469 0.112500
3 0.437891 0.587500 0.060156 0.088889
3 0.469531 0.294444 0.043750 0.102778
3 0.617969 0.291667 0.065625 0.111111
3 0.624219 0.429861 0.056250 0.115278
3 0.684375 0.282639 0.062500 0.104167
3 0.757422 0.377778 0.061719 0.113889
3 0.834375 0.384028 0.062500 0.109722
4 0.316797 0.786111 0.044531 0.102778
4 0.403125 0.803472 0.040625 0.101389
4 0.409766 0.370139 0.042969 0.101389
4 0.507031 0.457639 0.062500 0.101389
4 0.560937 0.812500 0.065625 0.113889
4 0.562500 0.232639 0.056250 0.115278
4 0.619922 0.790278 0.055469 0.116667
4 0.757422 0.259722 0.063281 0.102778
5 0.175000 0.248611 0.059375 0.119444
5 0.199219 0.856250 0.060937 0.079167
5 0.351562 0.422222 0.053125 0.113889
5 0.478906 0.802778 0.062500 0.094444
5 0.528906 0.345833 0.064062 0.119444
5 0.539844 0.707639 0.057813 0.081944
5 0.703906 0.163889 0.059375 0.080556
5 0.713281 0.429167 0.053125 0.108333
5 0.771875 0.505556 0.045312 0.102778
6 0.600000 0.613194 0.062500 0.118056
6 0.815625 0.647917 0.045312 0.104167
7 0.819531 0.227778 0.060937 0.116667
8 0.819531 0.227778 0.060937 0.116667
10 0.757422 0.259722 0.063281 0.102778
11 0.403125 0.803472 0.040625 0.101389
11 0.815625 0.647917 0.045312 0.104167
12 0.539844 0.707639 0.057813 0.081944
12 0.619922 0.790278 0.055469 0.116667
13 0.771875 0.505556 0.045312 0.102778
14 0.560937 0.812500 0.065625 0.113889
14 0.703906 0.163889 0.059375 0.080556
15 0.409766 0.370139 0.042969 0.101389
15 0.478906 0.802778 0.062500 0.094444
16 0.199219 0.856250 0.060937 0.079167
16 0.316797 0.786111 0.044531 0.102778
16 0.600000 0.613194 0.062500 0.118056
17 0.175000 0.248611 0.059375 0.119444
17 0.507031 0.457639 0.062500 0.101389
18 0.351562 0.422222 0.053125 0.113889
19 0.713281 0.429167 0.053125 0.108333
20 0.528906 0.345833 0.064062 0.119444
20 0.562500 0.232639 0.056250 0.115278