0 0.242578 0.598611 0.058594 0.075000
0 0.275000 0.759722 0.068750 0.122222
0 0.281641 0.469444 0.052344 0.113889
0 0.333984 0.545833 0.063281 0.122222
0 0.338281 0.418056 0.056250 0.113889
0 0.350391 0.666667 0.067969 0.100000
0 0.375000 0.771528 0.068750 0.115278
0 0.390234 0.384028 0.060156 0.081944
0 0.396094 0.501389 0.057813 0.119444
0 0.428125 0.684722 0.059375 0.077778
0 0.450781 0.577083 0.064062 0.106944
0 0.440625 0.346528 0.040625 0.098611
0 0.459766 0.484722 0.066406 0.108333
0 0.499219 0.415278 0.064062 0.119444
0 0.500391 0.290278 0.064844 0.119444
0 0.513672 0.644444 0.060156 0.094444
0 0.532031 0.534722 0.064062 0.108333
0 0.601172 0.328472 0.061719 0.118056
0 0.626953 0.512500 0.055469 0.113889
1 0.275000 0.759722 0.068750 0.122222
1 0.375000 0.771528 0.068750 0.115278
1 0.601172 0.328472 0.061719 0.118056
1 0.626953 0.512500 0.055469 0.113889
2 0.281641 0.469444 0.052344 0.113889
2 0.333984 0.545833 0.063281 0.122222
2 0.338281 0.418056 0.056250 0.113889
2 0.350391 0.666667 0.067969 0.100000
2 0.390234 0.384028 0.060156 0.081944
2 0.396094 0.501389 0.057813 0.119444
2 0.450781 0.577083 0.064062 0.106944
2 0.440625 0.346528 0.040625 0.098611
2 0.459766 0.484722 0.066406 0.108333
2 0.500391 0.290278 0.064844 0.119444
2 0.513672 0.644444 0.060156 0.094444
3 0.242578 0.598611 0.058594 0.075000
3 0.428125 0.684722 0.059375 0.077778
3 0.499219 0.415278 0.064062 0.119444
3 0.532031 0.534722 0.064062 0.108333
5 0.375000 0.771528 0.068750 0.115278
5 0.601172 0.328472 0.061719 0.118056
7 0.275000 0.759722 0.068750 0.122222
7 0.626953 0.512500 0.055469 0.113889
8 0.375000 0.771528 0.068750 0.115278
12 0.601172 0.328472 0.061719 0.118056
13 0.275000 0.759722 0.068750 0.122222
20 0.626953 0.512500 0.055469 0.113889