0 0.453125 0.249306 0.053125 0.106944
0 0.462500 0.425694 0.054688 0.073611
0 0.505469 0.557639 0.060937 0.112500
0 0.513672 0.297222 0.061719 0.100000
0 0.523047 0.159028 0.066406 0.126389
0 0.541406 0.407639 0.056250 0.079167
0 0.595313 0.515278 0.051562 0.105556
0 0.605078 0.302778 0.060156 0.119444
0 0.658203 0.427083 0.039844 0.101389
0 0.678906 0.256250 0.054688 0.115278
0 0.698828 0.127778 0.049219 0.113889
0 0.725000 0.401389 0.068750 0.116667
0 0.775391 0.193750 0.057031 0.123611
1 0.605078 0.302778 0.060156 0.119444
2 0.453125 0.249306 0.053125 0.106944
2 0.462500 0.425694 0.054688 0.073611
2 0.505469 0.557639 0.060937 0.112500
2 0.513672 0.297222 0.061719 0.100000
2 0.541406 0.407639 0.056250 0.079167
2 0.595313 0.515278 0.051562 0.105556
2 0.658203 0.427083 0.039844 0.101389
2 0.678906 0.256250 0.054688 0.115278
2 0.725000 0.401389 0.068750 0.116667
2 0.775391 0.193750 0.057031 0.123611
3 0.523047 0.159028 0.066406 0.126389
3 0.698828 0.127778 0.049219 0.113889
4 0.605078 0.302778 0.060156 0.119444
8 0.605078 0.302778 0.060156 0.119444