0 0.328906 0.502778 0.064844 0.120833
0 0.386719 0.275000 0.068750 0.122222
0 0.384375 0.451389 0.057813 0.113889
0 0.420312 0.688889 0.054688 0.111111
0 0.473438 0.579167 0.061719 0.112500
0 0.477344 0.393056 0.067187 0.118056
0 0.479687 0.230556 0.067187 0.115278
0 0.507031 0.719444 0.062500 0.111111
0 0.528125 0.476389 0.065625 0.112500
0 0.553906 0.311111 0.063281 0.122222
0 0.564844 0.580556 0.054688 0.075000
0 0.600000 0.241667 0.041406 0.100000
0 0.631250 0.372222 0.041406 0.102778
0 0.636719 0.515278 0.043750 0.100000
1 0.631250 0.372222 0.041406 0.102778
2 0.386719 0.275000 0.068750 0.122222
2 0.384375 0.451389 0.057813 0.113889
2 0.473438 0.579167 0.061719 0.112500
2 0.477344 0.393056 0.067187 0.118056
2 0.507031 0.719444 0.062500 0.111111
2 0.528125 0.476389 0.065625 0.112500
2 0.553906 0.311111 0.063281 0.122222
2 0.564844 0.580556 0.054688 0.075000
2 0.600000 0.241667 0.041406 0.100000
2 0.636719 0.515278 0.043750 0.100000
3 0.328906 0.502778 0.064844 0.120833
3 0.420312 0.688889 0.054688 0.111111
3 0.479687 0.230556 0.067187 0.115278
4 0.631250 0.372222 0.041406 0.102778
9 0.631250 0.372222 0.041406 0.102778