0 0.155859 0.638889 0.057031 0.119444
0 0.201563 0.555556 0.065625 0.125000
0 0.198437 0.763889 0.056250 0.119444
0 0.246875 0.479167 0.070312 0.125000
0 0.259375 0.751389 0.051562 0.113889
0 0.309375 0.709722 0.056250 0.119444
0 0.309375 0.137500 0.046875 0.108333
0 0.365234 0.643750 0.066406 0.120833
0 0.363281 0.140972 0.045312 0.106944
0 0.398438 0.559722 0.062500 0.119444
0 0.415625 0.149306 0.043750 0.104167
0 0.440234 0.753472 0.055469 0.115278
0 0.450000 0.491667 0.051562 0.111111
0 0.464062 0.154167 0.045312 0.108333
0 0.507031 0.481250 0.045312 0.104167
0 0.513281 0.777778 0.046875 0.105556
0 0.525781 0.602778 0.040625 0.097222
0 0.569531 0.780556 0.043750 0.105556
0 0.588281 0.443750 0.060937 0.115278
0 0.593750 0.604167 0.053125 0.111111
0 0.636719 0.556250 0.064062 0.115278
0 0.633984 0.775000 0.049219 0.108333
0 0.643750 0.406944 0.053125 0.113889
1 0.309375 0.137500 0.046875 0.108333
1 0.363281 0.140972 0.045312 0.106944
1 0.415625 0.149306 0.043750 0.104167
1 0.464062 0.154167 0.045312 0.108333
2 0.155859 0.638889 0.057031 0.119444
2 0.201563 0.555556 0.065625 0.125000
2 0.198437 0.763889 0.056250 0.119444
2 0.246875 0.479167 0.070312 0.125000
2 0.259375 0.751389 0.051562 0.113889
2 0.309375 0.709722 0.056250 0.119444
2 0.525781 0.602778 0.040625 0.097222
2 0.588281 0.443750 0.060937 0.115278
2 0.593750 0.604167 0.053125 0.111111
2 0.636719 0.556250 0.064062 0.115278
2 0.643750 0.406944 0.053125 0.113889
3 0.365234 0.643750 0.066406 0.120833
3 0.398438 0.559722 0.062500 0.119444
3 0.440234 0.753472 0.055469 0.115278
3 0.450000 0.491667 0.051562 0.111111
3 0.507031 0.481250 0.045312 0.104167
3 0.513281 0.777778 0.046875 0.105556
3 0.569531 0.780556 0.043750 0.105556
3 0.633984 0.775000 0.049219 0.108333
4 0.309375 0.137500 0.046875 0.108333
5 0.363281 0.140972 0.045312 0.106944
6 0.415625 0.149306 0.043750 0.104167
7 0.464062 0.154167 0.045312 0.108333
13 0.309375 0.137500 0.046875 0.108333
13 0.363281 0.140972 0.045312 0.106944
13 0.415625 0.149306 0.043750 0.104167
13 0.464062 0.154167 0.045312 0.108333