0 0.201953 0.858333 0.060156 0.122222
0 0.221875 0.637500 0.056250 0.119444
0 0.240625 0.829167 0.057813 0.116667
0 0.266406 0.612500 0.053125 0.116667
0 0.278516 0.793056 0.060156 0.122222
0 0.303906 0.438889 0.057813 0.119444
0 0.315625 0.602083 0.050000 0.112500
0 0.321875 0.758333 0.059375 0.119444
0 0.354687 0.468056 0.067187 0.122222
0 0.385156 0.628472 0.060937 0.120833
0 0.401953 0.940278 0.050781 0.111111
0 0.410938 0.480556 0.067187 0.119444
0 0.431250 0.663889 0.064062 0.125000
0 0.468750 0.906250 0.056250 0.118056
0 0.479297 0.693056 0.066406 0.122222
0 0.481250 0.496528 0.068750 0.112500
0 0.491016 0.246528 0.041406 0.101389
0 0.510938 0.881944 0.051562 0.113889
0 0.559375 0.862500 0.050000 0.111111
0 0.596094 0.256250 0.068750 0.118056
0 0.600781 0.643750 0.060937 0.115278
0 0.605078 0.844444 0.053906 0.116667
0 0.634766 0.300000 0.071094 0.122222
0 0.640234 0.691667 0.060156 0.116667
0 0.671875 0.347222 0.071875 0.122222
0 0.682031 0.742361 0.062500 0.118056
0 0.696484 0.417361 0.071094 0.120833
0 0.718750 0.790278 0.062500 0.119444
0 0.725781 0.481944 0.070312 0.122222
0 0.752344 0.845139 0.064062 0.118056
1 0.303906 0.438889 0.057813 0.119444
1 0.354687 0.468056 0.067187 0.122222
1 0.385156 0.628472 0.060937 0.120833
1 0.410938 0.480556 0.067187 0.119444
1 0.431250 0.663889 0.064062 0.125000
1 0.479297 0.693056 0.066406 0.122222
1 0.481250 0.496528 0.068750 0.112500
1 0.491016 0.246528 0.041406 0.101389
1 0.596094 0.256250 0.068750 0.118056
1 0.634766 0.300000 0.071094 0.122222
1 0.671875 0.347222 0.071875 0.122222
1 0.696484 0.417361 0.071094 0.120833
1 0.725781 0.481944 0.070312 0.122222
2 0.221875 0.637500 0.056250 0.119444
2 0.266406 0.612500 0.053125 0.116667
2 0.315625 0.602083 0.050000 0.112500
2 0.401953 0.940278 0.050781 0.111111
2 0.600781 0.643750 0.060937 0.115278
2 0.640234 0.691667 0.060156 0.116667
2 0.682031 0.742361 0.062500 0.118056
2 0.718750 0.790278 0.062500 0.119444
2 0.752344 0.845139 0.064062 0.118056
3 0.201953 0.858333 0.060156 0.122222
3 0.240625 0.829167 0.057813 0.116667
3 0.278516 0.793056 0.060156 0.122222
3 0.321875 0.758333 0.059375 0.119444
3 0.468750 0.906250 0.056250 0.118056
3 0.510938 0.881944 0.051562 0.113889
3 0.559375 0.862500 0.050000 0.111111
3 0.605078 0.844444 0.053906 0.116667
7 0.303906 0.438889 0.057813 0.119444
7 0.354687 0.468056 0.067187 0.122222
7 0.385156 0.628472 0.060937 0.120833
7 0.410938 0.480556 0.067187 0.119444
7 0.431250 0.663889 0.064062 0.125000
7 0.479297 0.693056 0.066406 0.122222
7 0.481250 0.496528 0.068750 0.112500
7 0.491016 0.246528 0.041406 0.101389
7 0.596094 0.256250 0.068750 0.118056
7 0.634766 0.300000 0.071094 0.122222
7 0.671875 0.347222 0.071875 0.122222
7 0.696484 0.417361 0.071094 0.120833
7 0.725781 0.481944 0.070312 0.122222
8 0.385156 0.628472 0.060937 0.120833
9 0.491016 0.246528 0.041406 0.101389
10 0.431250 0.663889 0.064062 0.125000
11 0.479297 0.693056 0.066406 0.122222
12 0.303906 0.438889 0.057813 0.119444
13 0.354687 0.468056 0.067187 0.122222
14 0.410938 0.480556 0.067187 0.119444
15 0.481250 0.496528 0.068750 0.112500
16 0.596094 0.256250 0.068750 0.118056
17 0.634766 0.300000 0.071094 0.122222
18 0.671875 0.347222 0.071875 0.122222
19 0.696484 0.417361 0.071094 0.120833
20 0.725781 0.481944 0.070312 0.122222