0 0.163281 0.477778 0.057813 0.119444
0 0.171094 0.616667 0.059375 0.119444
0 0.192578 0.395139 0.058594 0.118056
0 0.216406 0.630556 0.057813 0.119444
0 0.248438 0.418750 0.057813 0.118056
0 0.265625 0.634722 0.056250 0.119444
0 0.321875 0.605556 0.057813 0.119444
0 0.318750 0.866667 0.050000 0.113889
0 0.326562 0.184722 0.060937 0.072222
0 0.325391 0.444444 0.058594 0.122222
0 0.361328 0.818750 0.047656 0.109722
0 0.373437 0.640278 0.062500 0.119444
0 0.380078 0.436111 0.060156 0.119444
0 0.384375 0.153472 0.056250 0.070833
0 0.419531 0.581250 0.067187 0.112500
0 0.444922 0.161806 0.057031 0.076389
0 0.456250 0.528472 0.068750 0.109722
0 0.519531 0.379861 0.059375 0.079167
0 0.531641 0.507639 0.055469 0.112500
0 0.577734 0.497917 0.057031 0.112500
0 0.612500 0.465972 0.056250 0.112500
0 0.651953 0.447917 0.057031 0.112500
0 0.689453 0.423611 0.058594 0.111111
1 0.171094 0.616667 0.059375 0.119444
1 0.216406 0.630556 0.057813 0.119444
1 0.265625 0.634722 0.056250 0.119444
1 0.321875 0.605556 0.057813 0.119444
2 0.326562 0.184722 0.060937 0.072222
2 0.373437 0.640278 0.062500 0.119444
2 0.384375 0.153472 0.056250 0.070833
2 0.419531 0.581250 0.067187 0.112500
2 0.444922 0.161806 0.057031 0.076389
2 0.456250 0.528472 0.068750 0.109722
2 0.531641 0.507639 0.055469 0.112500
2 0.577734 0.497917 0.057031 0.112500
2 0.612500 0.465972 0.056250 0.112500
2 0.651953 0.447917 0.057031 0.112500
2 0.689453 0.423611 0.058594 0.111111
3 0.163281 0.477778 0.057813 0.119444
3 0.192578 0.395139 0.058594 0.118056
3 0.248438 0.418750 0.057813 0.118056
3 0.318750 0.866667 0.050000 0.113889
3 0.325391 0.444444 0.058594 0.122222
3 0.361328 0.818750 0.047656 0.109722
3 0.380078 0.436111 0.060156 0.119444
3 0.519531 0.379861 0.059375 0.079167
4 0.265625 0.634722 0.056250 0.119444
5 0.171094 0.616667 0.059375 0.119444
5 0.216406 0.630556 0.057813 0.119444
7 0.321875 0.605556 0.057813 0.119444
9 0.265625 0.634722 0.056250 0.119444
10 0.171094 0.616667 0.059375 0.119444
19 0.216406 0.630556 0.057813 0.119444
19 0.321875 0.605556 0.057813 0.119444