0 0.323047 0.484028 0.067969 0.106944
0 0.320703 0.353472 0.061719 0.115278
0 0.359766 0.200694 0.052344 0.112500
0 0.368750 0.581944 0.065625 0.094444
0 0.410156 0.361806 0.057813 0.076389
0 0.422266 0.503472 0.066406 0.109722
0 0.437109 0.191667 0.066406 0.113889
0 0.474219 0.377778 0.060937 0.086111
0 0.474609 0.377083 0.060156 0.087500
0 0.480469 0.567361 0.059375 0.081944
0 0.497266 0.217361 0.047656 0.109722
0 0.528906 0.429861 0.068750 0.112500
0 0.548828 0.590278 0.058594 0.075000
0 0.566016 0.108333 0.060156 0.086111
0 0.568750 0.718750 0.062500 0.118056
0 0.565234 0.225000 0.053906 0.080556
0 0.589453 0.493056 0.064844 0.113889
0 0.590625 0.334722 0.064062 0.108333
0 0.653906 0.486806 0.051562 0.112500
1 0.422266 0.503472 0.066406 0.109722
1 0.480469 0.567361 0.059375 0.081944
2 0.323047 0.484028 0.067969 0.106944
2 0.320703 0.353472 0.061719 0.115278
2 0.359766 0.200694 0.052344 0.112500
2 0.437109 0.191667 0.066406 0.113889
2 0.474219 0.377778 0.060937 0.086111
2 0.474609 0.377083 0.060156 0.087500
2 0.497266 0.217361 0.047656 0.109722
2 0.528906 0.429861 0.068750 0.112500
2 0.568750 0.718750 0.062500 0.118056
2 0.565234 0.225000 0.053906 0.080556
2 0.589453 0.493056 0.064844 0.113889
2 0.590625 0.334722 0.064062 0.108333
3 0.368750 0.581944 0.065625 0.094444
3 0.410156 0.361806 0.057813 0.076389
3 0.548828 0.590278 0.058594 0.075000
3 0.566016 0.108333 0.060156 0.086111
3 0.653906 0.486806 0.051562 0.112500
5 0.422266 0.503472 0.066406 0.109722
5 0.480469 0.567361 0.059375 0.081944
9 0.422266 0.503472 0.066406 0.109722
13 0.480469 0.567361 0.059375 0.081944