0 0.304949 0.162042 0.056773 0.116667
0 0.335156 0.606021 0.046359 0.106486
0 0.345574 0.300931 0.063023 0.116667
0 0.349219 0.452778 0.039062 0.098139
0 0.369789 0.078243 0.062500 0.117597
0 0.412500 0.618979 0.046875 0.106486
0 0.423180 0.458792 0.064062 0.102778
0 0.423438 0.200000 0.055203 0.114806
0 0.472656 0.302778 0.063016 0.118528
0 0.498957 0.469910 0.061461 0.117597
0 0.504687 0.612035 0.039578 0.098153
0 0.524480 0.798146 0.057289 0.118514
0 0.535680 0.243056 0.064062 0.095361
0 0.545055 0.125465 0.057813 0.078708
0 0.586719 0.416667 0.055734 0.114806
0 0.604949 0.657868 0.047398 0.106486
0 0.638539 0.563889 0.065625 0.120361
0 0.640102 0.312035 0.062500 0.090736
0 0.652605 0.778708 0.051039 0.111111
0 0.695051 0.179625 0.066148 0.100000
0 0.711195 0.570375 0.048438 0.105556
0 0.718227 0.410646 0.043750 0.099069
0 0.774742 0.268056 0.051563 0.110194
1 0.335156 0.606021 0.046359 0.106486
1 0.345574 0.300931 0.063023 0.116667
1 0.369789 0.078243 0.062500 0.117597
1 0.412500 0.618979 0.046875 0.106486
1 0.423180 0.458792 0.064062 0.102778
1 0.423438 0.200000 0.055203 0.114806
1 0.472656 0.302778 0.063016 0.118528
1 0.498957 0.469910 0.061461 0.117597
1 0.504687 0.612035 0.039578 0.098153
1 0.524480 0.798146 0.057289 0.118514
1 0.535680 0.243056 0.064062 0.095361
1 0.545055 0.125465 0.057813 0.078708
1 0.604949 0.657868 0.047398 0.106486
1 0.638539 0.563889 0.065625 0.120361
1 0.640102 0.312035 0.062500 0.090736
1 0.652605 0.778708 0.051039 0.111111
1 0.695051 0.179625 0.066148 0.100000
1 0.718227 0.410646 0.043750 0.099069
1 0.774742 0.268056 0.051563 0.110194
2 0.304949 0.162042 0.056773 0.116667
2 0.711195 0.570375 0.048438 0.105556
3 0.349219 0.452778 0.039062 0.098139
3 0.586719 0.416667 0.055734 0.114806
4 0.412500 0.618979 0.046875 0.106486
4 0.423180 0.458792 0.064062 0.102778
4 0.472656 0.302778 0.063016 0.118528
4 0.604949 0.657868 0.047398 0.106486
4 0.695051 0.179625 0.066148 0.100000
5 0.335156 0.606021 0.046359 0.106486
5 0.498957 0.469910 0.061461 0.117597
5 0.718227 0.410646 0.043750 0.099069
5 0.774742 0.268056 0.051563 0.110194
6 0.423438 0.200000 0.055203 0.114806
6 0.504687 0.612035 0.039578 0.098153
6 0.524480 0.798146 0.057289 0.118514
6 0.535680 0.243056 0.064062 0.095361
6 0.545055 0.125465 0.057813 0.078708
6 0.638539 0.563889 0.065625 0.120361
6 0.640102 0.312035 0.062500 0.090736
6 0.652605 0.778708 0.051039 0.111111
7 0.345574 0.300931 0.063023 0.116667
7 0.369789 0.078243 0.062500 0.117597
8 0.640102 0.312035 0.062500 0.090736
8 0.774742 0.268056 0.051563 0.110194
9 0.423438 0.200000 0.055203 0.114806
9 0.604949 0.657868 0.047398 0.106486
10 0.652605 0.778708 0.051039 0.111111
11 0.504687 0.612035 0.039578 0.098153
12 0.335156 0.606021 0.046359 0.106486
12 0.369789 0.078243 0.062500 0.117597
12 0.472656 0.302778 0.063016 0.118528
13 0.638539 0.563889 0.065625 0.120361
14 0.695051 0.179625 0.066148 0.100000
14 0.718227 0.410646 0.043750 0.099069
15 0.412500 0.618979 0.046875 0.106486
15 0.535680 0.243056 0.064062 0.095361
16 0.345574 0.300931 0.063023 0.116667
16 0.423180 0.458792 0.064062 0.102778
18 0.545055 0.125465 0.057813 0.078708
19 0.498957 0.469910 0.061461 0.117597
20 0.524480 0.798146 0.057289 0.118514