0 0.384375 0.778472 0.050000 0.112500
0 0.447266 0.528472 0.042969 0.104167
0 0.481250 0.668750 0.056250 0.079167
0 0.494922 0.906250 0.067969 0.115278
0 0.524609 0.454167 0.049219 0.111111
0 0.540234 0.606250 0.044531 0.106944
0 0.559375 0.768750 0.059375 0.084722
0 0.590625 0.471528 0.056250 0.073611
0 0.603125 0.643056 0.060937 0.086111
0 0.612500 0.373611 0.059375 0.119444
0 0.632422 0.819444 0.063281 0.097222
0 0.650000 0.552778 0.067187 0.105556
0 0.661719 0.720139 0.056250 0.118056
0 0.676562 0.337500 0.053125 0.113889
0 0.707031 0.890278 0.048438 0.113889
0 0.750000 0.765278 0.068750 0.108333
0 0.758984 0.366667 0.064844 0.108333
0 0.792188 0.479167 0.056250 0.075000
0 0.817187 0.859028 0.067187 0.112500
0 0.846484 0.615278 0.064844 0.119444
0 0.928516 0.547222 0.050781 0.113889
1 0.707031 0.890278 0.048438 0.113889
1 0.750000 0.765278 0.068750 0.108333
2 0.384375 0.778472 0.050000 0.112500
2 0.447266 0.528472 0.042969 0.104167
2 0.481250 0.668750 0.056250 0.079167
2 0.494922 0.906250 0.067969 0.115278
2 0.524609 0.454167 0.049219 0.111111
2 0.612500 0.373611 0.059375 0.119444
2 0.676562 0.337500 0.053125 0.113889
2 0.758984 0.366667 0.064844 0.108333
2 0.792188 0.479167 0.056250 0.075000
2 0.846484 0.615278 0.064844 0.119444
2 0.928516 0.547222 0.050781 0.113889
3 0.540234 0.606250 0.044531 0.106944
3 0.559375 0.768750 0.059375 0.084722
3 0.590625 0.471528 0.056250 0.073611
3 0.603125 0.643056 0.060937 0.086111
3 0.632422 0.819444 0.063281 0.097222
3 0.650000 0.552778 0.067187 0.105556
3 0.661719 0.720139 0.056250 0.118056
3 0.817187 0.859028 0.067187 0.112500
4 0.750000 0.765278 0.068750 0.108333
6 0.707031 0.890278 0.048438 0.113889
11 0.707031 0.887500 0.046875 0.108333
20 0.750000 0.765278 0.068750 0.108333