0 0.283203 0.358333 0.053906 0.111111
0 0.286328 0.495833 0.041406 0.097222
0 0.299219 0.261111 0.056250 0.075000
0 0.332031 0.557639 0.053125 0.115278
0 0.356250 0.289583 0.059375 0.087500
0 0.387109 0.541667 0.052344 0.113889
0 0.395313 0.068056 0.057813 0.080556
0 0.426563 0.311111 0.051562 0.113889
0 0.444922 0.425000 0.061719 0.091667
0 0.452344 0.060417 0.057813 0.079167
0 0.477734 0.519444 0.055469 0.111111
0 0.509766 0.050694 0.057031 0.079167
0 0.534375 0.418056 0.050000 0.108333
0 0.542188 0.256944 0.064062 0.097222
0 0.567969 0.042361 0.059375 0.081944
0 0.599609 0.260417 0.041406 0.098611
0 0.650000 0.390278 0.059375 0.077778
0 0.663672 0.512500 0.067969 0.105556
0 0.737891 0.401389 0.049219 0.108333
0 0.778125 0.254167 0.070312 0.116667
1 0.395313 0.068056 0.057813 0.080556
1 0.452344 0.060417 0.057813 0.079167
1 0.509766 0.050694 0.057031 0.079167
1 0.567969 0.042361 0.059375 0.081944
2 0.283203 0.358333 0.053906 0.111111
2 0.286328 0.495833 0.041406 0.097222
2 0.332031 0.557639 0.053125 0.115278
2 0.387109 0.541667 0.052344 0.113889
2 0.477734 0.519444 0.055469 0.111111
2 0.534375 0.418056 0.050000 0.108333
2 0.599609 0.260417 0.041406 0.098611
2 0.650000 0.390278 0.059375 0.077778
2 0.663672 0.512500 0.067969 0.105556
2 0.737891 0.401389 0.049219 0.108333
2 0.778125 0.254167 0.070312 0.116667
3 0.299219 0.261111 0.056250 0.075000
3 0.356250 0.289583 0.059375 0.087500
3 0.426563 0.311111 0.051562 0.113889
3 0.444922 0.425000 0.061719 0.091667
3 0.542188 0.256944 0.064062 0.097222
4 0.452344 0.060417 0.057813 0.079167
5 0.395313 0.068056 0.057813 0.080556
6 0.567969 0.042361 0.059375 0.081944
7 0.509766 0.050694 0.057031 0.079167
9 0.509766 0.050694 0.057031 0.079167
9 0.567969 0.042361 0.059375 0.081944
14 0.452344 0.060417 0.057813 0.079167
15 0.395313 0.068056 0.057813 0.080556