0 0.189844 0.506250 0.054688 0.115278
0 0.208594 0.668056 0.060937 0.119444
0 0.242969 0.361111 0.042188 0.102778
0 0.268359 0.537500 0.055469 0.116667
0 0.274609 0.784722 0.047656 0.108333
0 0.290625 0.656250 0.059375 0.084722
0 0.290625 0.919444 0.042188 0.102778
0 0.324609 0.474306 0.067969 0.120833
0 0.346094 0.320139 0.062500 0.120833
0 0.346875 0.897222 0.042188 0.102778
0 0.354687 0.765972 0.054688 0.115278
0 0.388672 0.521528 0.063281 0.120833
0 0.400000 0.393750 0.042188 0.104167
0 0.403516 0.737500 0.041406 0.097222
0 0.416406 0.862500 0.067187 0.113889
0 0.443359 0.527778 0.042969 0.105556
0 0.466016 0.776389 0.058594 0.077778
0 0.467187 0.665972 0.059375 0.081944
0 0.468750 0.379861 0.043750 0.106944
0 0.478125 0.884028 0.059375 0.120833
0 0.505859 0.540972 0.047656 0.109722
0 0.522266 0.695139 0.039844 0.098611
0 0.562500 0.307639 0.059375 0.118056
0 0.559766 0.600000 0.042969 0.102778
0 0.575391 0.500000 0.064844 0.105556
0 0.587500 0.703472 0.056250 0.115278
0 0.616016 0.351389 0.060156 0.119444
0 0.638281 0.465278 0.039062 0.100000
0 0.644922 0.743750 0.046094 0.106944
0 0.657813 0.602778 0.051562 0.111111
0 0.702734 0.493750 0.053906 0.115278
1 0.189844 0.506250 0.054688 0.115278
1 0.208594 0.668056 0.060937 0.119444
1 0.242969 0.361111 0.042188 0.102778
1 0.268359 0.537500 0.055469 0.116667
1 0.274609 0.784722 0.047656 0.108333
1 0.290625 0.656250 0.059375 0.084722
1 0.290625 0.919444 0.042188 0.102778
1 0.324609 0.474306 0.067969 0.120833
1 0.346094 0.320139 0.062500 0.120833
1 0.346875 0.897222 0.042188 0.102778
1 0.354687 0.765972 0.054688 0.115278
1 0.388672 0.521528 0.063281 0.120833
1 0.400000 0.393750 0.042188 0.104167
1 0.403516 0.737500 0.041406 0.097222
1 0.416406 0.862500 0.067187 0.113889
1 0.443359 0.527778 0.042969 0.105556
1 0.466016 0.776389 0.058594 0.077778
1 0.467187 0.665972 0.059375 0.081944
1 0.468750 0.379861 0.043750 0.106944
1 0.478125 0.884028 0.059375 0.120833
1 0.505859 0.540972 0.047656 0.109722
1 0.522266 0.695139 0.039844 0.098611
1 0.562500 0.307639 0.059375 0.118056
1 0.559766 0.600000 0.042969 0.102778
1 0.575391 0.500000 0.064844 0.105556
1 0.587500 0.703472 0.056250 0.115278
1 0.616016 0.351389 0.060156 0.119444
1 0.638281 0.465278 0.039062 0.100000
1 0.644922 0.743750 0.046094 0.106944
1 0.657813 0.602778 0.051562 0.111111
1 0.702734 0.493750 0.053906 0.115278
4 0.290625 0.919444 0.042188 0.102778
4 0.346094 0.320139 0.062500 0.120833
4 0.416406 0.862500 0.067187 0.113889
4 0.478125 0.884028 0.059375 0.120833
4 0.562500 0.307639 0.059375 0.118056
4 0.575391 0.500000 0.064844 0.105556
4 0.616016 0.351389 0.060156 0.119444
4 0.644922 0.743750 0.046094 0.106944
5 0.208594 0.668056 0.060937 0.119444
5 0.274609 0.784722 0.047656 0.108333
5 0.290625 0.656250 0.059375 0.084722
5 0.388672 0.521528 0.063281 0.120833
5 0.400000 0.393750 0.042188 0.104167
5 0.467187 0.665972 0.059375 0.081944
5 0.505859 0.540972 0.047656 0.109722
5 0.522266 0.695139 0.039844 0.098611
5 0.559766 0.600000 0.042969 0.102778
6 0.242969 0.361111 0.042188 0.102778
6 0.346875 0.897222 0.042188 0.102778
6 0.354687 0.765972 0.054688 0.115278
6 0.403516 0.737500 0.041406 0.097222
6 0.443359 0.527778 0.042969 0.105556
6 0.468750 0.379861 0.043750 0.106944
6 0.587500 0.703472 0.056250 0.115278
6 0.638281 0.465278 0.039062 0.100000
6 0.657813 0.602778 0.051562 0.111111
6 0.702734 0.493750 0.053906 0.115278
7 0.189844 0.506250 0.054688 0.115278
7 0.268359 0.537500 0.055469 0.116667
7 0.324609 0.474306 0.067969 0.120833
7 0.466016 0.776389 0.058594 0.077778
8 0.638281 0.465278 0.039062 0.100000
9 0.242969 0.361111 0.042188 0.102778
9 0.274609 0.784722 0.047656 0.108333
9 0.346094 0.320139 0.062500 0.120833
10 0.416406 0.862500 0.067187 0.113889
10 0.505859 0.540972 0.047656 0.109722
11 0.466016 0.776389 0.058594 0.077778
11 0.468750 0.379861 0.043750 0.106944
11 0.575391 0.500000 0.064844 0.105556
12 0.346875 0.897222 0.042188 0.102778
12 0.467187 0.665972 0.059375 0.081944
12 0.562500 0.307639 0.059375 0.118056
13 0.324609 0.474306 0.067969 0.120833
13 0.522266 0.695139 0.039844 0.098611
14 0.268359 0.537500 0.055469 0.116667
14 0.559766 0.600000 0.042969 0.102778
14 0.616016 0.351389 0.060156 0.119444
15 0.388672 0.521528 0.063281 0.120833
15 0.587500 0.703472 0.056250 0.115278
16 0.478125 0.884028 0.059375 0.120833
16 0.657813 0.602778 0.051562 0.111111
17 0.208594 0.668056 0.060937 0.119444
17 0.290625 0.919444 0.042188 0.102778
17 0.354687 0.765972 0.054688 0.115278
18 0.644922 0.743750 0.046094 0.106944
18 0.702734 0.493750 0.053906 0.115278
19 0.189844 0.506250 0.054688 0.115278
19 0.290625 0.656250 0.059375 0.084722
19 0.403516 0.737500 0.041406 0.097222
20 0.400000 0.393750 0.042188 0.104167
20 0.443359 0.527778 0.042969 0.105556