0 0.296094 0.414583 0.043750 0.098611
0 0.333594 0.561111 0.060937 0.100000
0 0.340234 0.763889 0.061719 0.094444
0 0.399609 0.512500 0.066406 0.113889
0 0.427734 0.311111 0.055469 0.072222
0 0.441016 0.606250 0.058594 0.079167
0 0.458984 0.461111 0.058594 0.080556
0 0.482422 0.306250 0.055469 0.073611
0 0.484766 0.740278 0.060156 0.119444
0 0.500000 0.554167 0.065625 0.108333
0 0.538672 0.304861 0.055469 0.073611
0 0.538672 0.304861 0.055469 0.073611
0 0.589844 0.527778 0.060937 0.086111
0 0.648438 0.568750 0.065625 0.098611
0 0.646875 0.429861 0.059375 0.115278
0 0.707031 0.484722 0.062500 0.122222
0 0.720703 0.808333 0.061719 0.086111
0 0.725000 0.731944 0.060937 0.080556
0 0.728125 0.652778 0.059375 0.080556
0 0.778516 0.415278 0.071094 0.119444
0 0.787500 0.740278 0.062500 0.086111
0 0.800391 0.620833 0.046094 0.105556
1 0.399609 0.512500 0.066406 0.113889
1 0.441016 0.606250 0.058594 0.079167
1 0.458984 0.461111 0.058594 0.080556
1 0.500000 0.554167 0.065625 0.108333
2 0.296094 0.414583 0.043750 0.098611
2 0.333594 0.561111 0.060937 0.100000
2 0.427734 0.311111 0.055469 0.072222
2 0.482422 0.306250 0.055469 0.073611
2 0.484766 0.740278 0.060156 0.119444
2 0.538672 0.304861 0.055469 0.073611
2 0.538672 0.304861 0.055469 0.073611
2 0.646875 0.429861 0.059375 0.115278
2 0.778516 0.415278 0.071094 0.119444
2 0.800391 0.620833 0.046094 0.105556
3 0.340234 0.763889 0.061719 0.094444
3 0.589844 0.527778 0.060937 0.086111
3 0.648438 0.568750 0.065625 0.098611
3 0.707031 0.484722 0.062500 0.122222
3 0.720703 0.808333 0.061719 0.086111
3 0.725000 0.731944 0.060937 0.080556
3 0.728125 0.652778 0.059375 0.080556
3 0.787500 0.740278 0.062500 0.086111
4 0.399609 0.512500 0.066406 0.113889
4 0.441016 0.606250 0.058594 0.079167
4 0.458984 0.461111 0.058594 0.080556
4 0.500000 0.554167 0.065625 0.108333
10 0.500000 0.554167 0.065625 0.108333
12 0.441016 0.606250 0.058594 0.079167
13 0.399609 0.512500 0.066406 0.113889
20 0.458984 0.461111 0.058594 0.080556