0 0.160938 0.417361 0.043750 0.104167
0 0.193750 0.568056 0.060937 0.075000
0 0.232813 0.428472 0.053125 0.115278
0 0.250391 0.681250 0.047656 0.109722
0 0.285156 0.329167 0.070312 0.119444
0 0.290625 0.206250 0.067187 0.101389
0 0.303906 0.476389 0.068750 0.125000
0 0.312500 0.618750 0.062500 0.118056
0 0.362891 0.366667 0.064844 0.108333
0 0.366016 0.692361 0.058594 0.115278
0 0.381250 0.237500 0.065625 0.116667
0 0.389062 0.579861 0.056250 0.073611
0 0.396875 0.441667 0.053125 0.072222
0 0.437500 0.666667 0.062500 0.105556
0 0.451953 0.321528 0.064844 0.095833
0 0.462500 0.479167 0.060937 0.086111
0 0.565234 0.518056 0.066406 0.105556
0 0.565625 0.434722 0.065625 0.102778
0 0.568750 0.347222 0.065625 0.102778
1 0.250391 0.681250 0.047656 0.109722
1 0.451953 0.321528 0.064844 0.095833
1 0.565234 0.518056 0.066406 0.105556
1 0.565625 0.434722 0.065625 0.102778
2 0.160938 0.417361 0.043750 0.104167
2 0.232813 0.428472 0.053125 0.115278
2 0.285156 0.329167 0.070312 0.119444
2 0.290625 0.206250 0.067187 0.101389
2 0.303906 0.476389 0.068750 0.125000
2 0.362891 0.366667 0.064844 0.108333
2 0.366016 0.692361 0.058594 0.115278
2 0.381250 0.237500 0.065625 0.116667
2 0.396875 0.441667 0.053125 0.072222
2 0.437500 0.666667 0.062500 0.105556
2 0.462500 0.479167 0.060937 0.086111
3 0.193750 0.568056 0.060937 0.075000
3 0.312500 0.618750 0.062500 0.118056
3 0.389062 0.579861 0.056250 0.073611
3 0.568750 0.347222 0.065625 0.102778
4 0.250391 0.681250 0.047656 0.109722
4 0.451953 0.321528 0.064844 0.095833
4 0.565625 0.434722 0.065625 0.102778
5 0.565234 0.518056 0.066406 0.105556
11 0.565625 0.434722 0.065625 0.102778
16 0.250391 0.681250 0.047656 0.109722
17 0.451953 0.321528 0.064844 0.095833
20 0.565234 0.518056 0.066406 0.105556