0 0.163672 0.476389 0.058594 0.119444
0 0.193359 0.393750 0.058594 0.118056
0 0.248828 0.418750 0.057031 0.118056
0 0.329297 0.442361 0.063281 0.118056
0 0.327344 0.181250 0.056250 0.070833
0 0.361719 0.818750 0.046875 0.109722
0 0.373437 0.638889 0.062500 0.119444
0 0.380469 0.436111 0.060937 0.119444
0 0.385937 0.153472 0.056250 0.070833
0 0.419141 0.581250 0.066406 0.112500
0 0.446875 0.161111 0.059375 0.077778
0 0.457031 0.528472 0.067187 0.109722
0 0.521094 0.379861 0.059375 0.079167
0 0.533203 0.509028 0.055469 0.112500
0 0.578125 0.500000 0.057813 0.113889
0 0.612500 0.467361 0.056250 0.112500
0 0.652734 0.450000 0.057031 0.111111
0 0.690234 0.425000 0.057031 0.108333
2 0.327344 0.181250 0.056250 0.070833
2 0.373437 0.638889 0.062500 0.119444
2 0.385937 0.153472 0.056250 0.070833
2 0.419141 0.581250 0.066406 0.112500
2 0.446875 0.161111 0.059375 0.077778
2 0.457031 0.528472 0.067187 0.109722
2 0.533203 0.509028 0.055469 0.112500
2 0.578125 0.500000 0.057813 0.113889
2 0.612500 0.467361 0.056250 0.112500
2 0.652734 0.450000 0.057031 0.111111
2 0.690234 0.425000 0.057031 0.108333
3 0.163672 0.476389 0.058594 0.119444
3 0.193359 0.393750 0.058594 0.118056
3 0.248828 0.418750 0.057031 0.118056
3 0.329297 0.442361 0.063281 0.118056
3 0.361719 0.818750 0.046875 0.109722
3 0.380469 0.436111 0.060937 0.119444
3 0.521094 0.379861 0.059375 0.079167