0 0.230469 0.584028 0.068750 0.123611
0 0.237500 0.778472 0.065625 0.123611
0 0.297656 0.623611 0.057813 0.119444
0 0.325781 0.797917 0.067187 0.101389
0 0.333203 0.401389 0.063281 0.091667
0 0.369531 0.543750 0.048438 0.109722
0 0.399609 0.715278 0.064844 0.100000
0 0.424609 0.404167 0.066406 0.102778
0 0.430078 0.898611 0.066406 0.119444
0 0.446875 0.243750 0.067187 0.106944
0 0.463281 0.584722 0.060937 0.119444
0 0.470313 0.778472 0.060937 0.120833
0 0.512109 0.708333 0.067969 0.111111
0 0.525391 0.571528 0.041406 0.104167
0 0.537109 0.362500 0.047656 0.105556
0 0.547266 0.866667 0.044531 0.105556
0 0.579688 0.727083 0.067187 0.115278
0 0.594531 0.526389 0.065625 0.113889
0 0.609375 0.320833 0.059375 0.113889
0 0.629687 0.665278 0.053125 0.113889
0 0.670312 0.336111 0.056250 0.075000
0 0.687109 0.468056 0.058594 0.088889
0 0.687109 0.595139 0.053906 0.109722
1 0.333203 0.401389 0.063281 0.091667
1 0.424609 0.404167 0.066406 0.102778
1 0.446875 0.243750 0.067187 0.106944
1 0.670312 0.336111 0.056250 0.075000
2 0.230469 0.584028 0.068750 0.123611
2 0.237500 0.778472 0.065625 0.123611
2 0.297656 0.623611 0.057813 0.119444
2 0.325781 0.797917 0.067187 0.101389
2 0.369531 0.543750 0.048438 0.109722
2 0.399609 0.715278 0.064844 0.100000
2 0.525391 0.571528 0.041406 0.104167
2 0.537109 0.362500 0.047656 0.105556
2 0.609375 0.320833 0.059375 0.113889
2 0.687109 0.468056 0.058594 0.088889
2 0.687109 0.595139 0.053906 0.109722
3 0.430078 0.898611 0.066406 0.119444
3 0.463281 0.584722 0.060937 0.119444
3 0.470313 0.778472 0.060937 0.120833
3 0.512109 0.708333 0.067969 0.111111
3 0.547266 0.866667 0.044531 0.105556
3 0.579688 0.727083 0.067187 0.115278
3 0.594531 0.526389 0.065625 0.113889
3 0.629687 0.665278 0.053125 0.113889
4 0.670312 0.336111 0.056250 0.075000
5 0.333203 0.401389 0.063281 0.091667
5 0.446875 0.243750 0.067187 0.106944
7 0.424609 0.404167 0.066406 0.102778
9 0.670312 0.336111 0.056250 0.075000
10 0.333203 0.401389 0.063281 0.091667
15 0.424609 0.404167 0.066406 0.102778
20 0.446875 0.243750 0.067187 0.106944