0 0.050000 0.572917 0.064062 0.123611
0 0.072266 0.377778 0.071094 0.127778
0 0.107031 0.527778 0.062500 0.122222
0 0.121484 0.675000 0.064844 0.088889
0 0.137891 0.237500 0.050781 0.113889
0 0.161328 0.422917 0.055469 0.115278
0 0.204687 0.338889 0.062500 0.119444
0 0.214062 0.504167 0.065625 0.119444
0 0.217969 0.654861 0.053125 0.112500
0 0.237500 0.237500 0.056250 0.113889
0 0.267578 0.718750 0.066406 0.104167
0 0.266406 0.373611 0.056250 0.119444
0 0.290234 0.563889 0.069531 0.116667
0 0.287891 0.193056 0.052344 0.113889
0 0.316406 0.323611 0.060937 0.119444
0 0.328516 0.446528 0.058594 0.079167
0 0.337500 0.706944 0.065625 0.116667
0 0.352734 0.581250 0.064844 0.120833
0 0.383984 0.270139 0.064844 0.112500
0 0.414844 0.473611 0.057813 0.119444
0 0.412500 0.647222 0.050000 0.111111
0 0.442969 0.337500 0.057813 0.119444
0 0.479687 0.613889 0.043750 0.105556
0 0.487891 0.470833 0.047656 0.111111
0 0.506250 0.316667 0.045312 0.108333
0 0.537500 0.581250 0.053125 0.112500
0 0.548438 0.437500 0.046875 0.105556
1 0.050000 0.572917 0.064062 0.123611
1 0.072266 0.377778 0.071094 0.127778
1 0.137891 0.237500 0.050781 0.113889
1 0.237500 0.237500 0.056250 0.113889
1 0.266406 0.373611 0.056250 0.119444
1 0.287891 0.193056 0.052344 0.113889
1 0.316406 0.323611 0.060937 0.119444
1 0.442969 0.337500 0.057813 0.119444
1 0.479687 0.613889 0.043750 0.105556
1 0.487891 0.470833 0.047656 0.111111
1 0.506250 0.316667 0.045312 0.108333
1 0.537500 0.581250 0.053125 0.112500
1 0.548438 0.437500 0.046875 0.105556
2 0.107031 0.527778 0.062500 0.122222
2 0.214062 0.504167 0.065625 0.119444
2 0.217969 0.654861 0.053125 0.112500
2 0.267578 0.718750 0.066406 0.104167
2 0.290234 0.563889 0.069531 0.116667
2 0.328516 0.446528 0.058594 0.079167
2 0.337500 0.706944 0.065625 0.116667
2 0.352734 0.581250 0.064844 0.120833
2 0.383984 0.270139 0.064844 0.112500
2 0.414844 0.473611 0.057813 0.119444
2 0.412500 0.647222 0.050000 0.111111
3 0.121484 0.675000 0.064844 0.088889
3 0.161328 0.422917 0.055469 0.115278
3 0.204687 0.338889 0.062500 0.119444
4 0.237500 0.237500 0.056250 0.113889
4 0.266406 0.373611 0.056250 0.119444
4 0.442969 0.337500 0.057813 0.119444
4 0.548438 0.437500 0.046875 0.105556
5 0.072266 0.377778 0.071094 0.127778
5 0.487891 0.470833 0.047656 0.111111
5 0.537500 0.581250 0.053125 0.112500
6 0.050000 0.572917 0.064062 0.123611
6 0.137891 0.237500 0.050781 0.113889
6 0.316406 0.323611 0.060937 0.119444
6 0.479687 0.613889 0.043750 0.105556
6 0.506250 0.316667 0.045312 0.108333
7 0.287891 0.193056 0.052344 0.113889
8 0.072266 0.377778 0.071094 0.127778
9 0.266406 0.373611 0.056250 0.119444
9 0.506250 0.316667 0.045312 0.108333
11 0.050000 0.572917 0.064062 0.123611
11 0.537500 0.581250 0.053125 0.112500
12 0.442969 0.337500 0.057813 0.119444
13 0.316406 0.323611 0.060937 0.119444
14 0.487891 0.470833 0.047656 0.111111
14 0.548438 0.437500 0.046875 0.105556
15 0.479687 0.613889 0.043750 0.105556
16 0.287891 0.193056 0.052344 0.113889
17 0.237500 0.237500 0.056250 0.113889
20 0.137891 0.237500 0.050781 0.113889