0 0.208203 0.668056 0.060156 0.119444
0 0.247266 0.795833 0.067969 0.119444
0 0.242969 0.361111 0.042188 0.102778
0 0.265234 0.654167 0.066406 0.119444
0 0.264844 0.515972 0.060937 0.118056
0 0.286719 0.911111 0.046875 0.105556
0 0.324219 0.473611 0.067187 0.119444
0 0.318359 0.612500 0.044531 0.105556
0 0.346875 0.318750 0.062500 0.123611
0 0.355469 0.766667 0.057813 0.119444
0 0.380859 0.625000 0.066406 0.097222
0 0.388672 0.522222 0.063281 0.119444
0 0.400000 0.393750 0.043750 0.104167
0 0.403516 0.737500 0.041406 0.100000
0 0.443750 0.527778 0.042188 0.105556
0 0.450000 0.666667 0.040625 0.100000
0 0.467187 0.776389 0.057813 0.075000
0 0.469531 0.379167 0.045312 0.105556
0 0.490234 0.876389 0.039844 0.100000
0 0.499609 0.537500 0.041406 0.102778
0 0.514844 0.688889 0.043750 0.102778
0 0.525391 0.407639 0.058594 0.120833
0 0.526953 0.407639 0.060156 0.118056
0 0.538672 0.800000 0.049219 0.108333
0 0.563281 0.309722 0.059375 0.119444
0 0.560937 0.600000 0.043750 0.102778
0 0.575391 0.498611 0.064844 0.105556
0 0.599609 0.784028 0.039844 0.095833
0 0.616016 0.351389 0.060156 0.119444
0 0.632812 0.608333 0.039062 0.100000
0 0.638281 0.464583 0.039062 0.098611
0 0.653516 0.781944 0.046094 0.105556
0 0.702734 0.493750 0.053906 0.115278
0 0.713281 0.627778 0.048438 0.108333
1 0.208203 0.668056 0.060156 0.119444
1 0.247266 0.795833 0.067969 0.119444
1 0.242969 0.361111 0.042188 0.102778
1 0.265234 0.654167 0.066406 0.119444
1 0.264844 0.515972 0.060937 0.118056
1 0.286719 0.911111 0.046875 0.105556
1 0.324219 0.473611 0.067187 0.119444
1 0.318359 0.612500 0.044531 0.105556
1 0.346875 0.318750 0.062500 0.123611
1 0.355469 0.766667 0.057813 0.119444
1 0.380859 0.625000 0.066406 0.097222
1 0.388672 0.522222 0.063281 0.119444
1 0.400000 0.393750 0.043750 0.104167
1 0.403516 0.737500 0.041406 0.100000
1 0.443750 0.527778 0.042188 0.105556
1 0.450000 0.666667 0.040625 0.100000
1 0.467187 0.776389 0.057813 0.075000
1 0.469531 0.379167 0.045312 0.105556
1 0.490234 0.876389 0.039844 0.100000
1 0.499609 0.537500 0.041406 0.102778
1 0.514844 0.688889 0.043750 0.102778
1 0.525391 0.407639 0.058594 0.120833
1 0.526953 0.407639 0.060156 0.118056
1 0.538672 0.800000 0.049219 0.108333
1 0.563281 0.309722 0.059375 0.119444
1 0.560937 0.600000 0.043750 0.102778
1 0.575391 0.498611 0.064844 0.105556
1 0.599609 0.784028 0.039844 0.095833
1 0.616016 0.351389 0.060156 0.119444
1 0.632812 0.608333 0.039062 0.100000
1 0.638281 0.464583 0.039062 0.098611
1 0.653516 0.781944 0.046094 0.105556
1 0.702734 0.493750 0.053906 0.115278
1 0.713281 0.627778 0.048438 0.108333
4 0.247266 0.795833 0.067969 0.119444
4 0.264844 0.515972 0.060937 0.118056
4 0.346875 0.318750 0.062500 0.123611
4 0.380859 0.625000 0.066406 0.097222
4 0.499609 0.537500 0.041406 0.102778
4 0.538672 0.800000 0.049219 0.108333
4 0.563281 0.309722 0.059375 0.119444
4 0.575391 0.498611 0.064844 0.105556
4 0.616016 0.351389 0.060156 0.119444
5 0.208203 0.668056 0.060156 0.119444
5 0.286719 0.911111 0.046875 0.105556
5 0.318359 0.612500 0.044531 0.105556
5 0.388672 0.522222 0.063281 0.119444
5 0.400000 0.393750 0.043750 0.104167
5 0.450000 0.666667 0.040625 0.100000
5 0.525391 0.407639 0.058594 0.120833
5 0.526953 0.407639 0.060156 0.118056
5 0.560937 0.600000 0.043750 0.102778
5 0.599609 0.784028 0.039844 0.095833
5 0.713281 0.627778 0.048438 0.108333
6 0.242969 0.361111 0.042188 0.102778
6 0.265234 0.654167 0.066406 0.119444
6 0.355469 0.766667 0.057813 0.119444
6 0.403516 0.737500 0.041406 0.100000
6 0.443750 0.527778 0.042188 0.105556
6 0.469531 0.379167 0.045312 0.105556
6 0.638281 0.464583 0.039062 0.098611
6 0.653516 0.781944 0.046094 0.105556
6 0.702734 0.493750 0.053906 0.115278
7 0.324219 0.473611 0.067187 0.119444
7 0.467187 0.776389 0.057813 0.075000
7 0.490234 0.876389 0.039844 0.100000
7 0.514844 0.688889 0.043750 0.102778
7 0.632812 0.608333 0.039062 0.100000
8 0.638281 0.464583 0.039062 0.098611
9 0.242969 0.361111 0.042188 0.102778
9 0.318359 0.612500 0.044531 0.105556
9 0.346875 0.318750 0.062500 0.123611
10 0.264844 0.515972 0.060937 0.118056
10 0.286719 0.911111 0.046875 0.105556
11 0.467187 0.776389 0.057813 0.075000
11 0.469531 0.379167 0.045312 0.105556
11 0.575391 0.498611 0.064844 0.105556
11 0.599609 0.784028 0.039844 0.095833
12 0.525391 0.407639 0.058594 0.120833
12 0.526953 0.407639 0.060156 0.118056
12 0.563281 0.309722 0.059375 0.119444
13 0.324219 0.473611 0.067187 0.119444
13 0.450000 0.666667 0.040625 0.100000
14 0.490234 0.876389 0.039844 0.100000
14 0.560937 0.600000 0.043750 0.102778
14 0.616016 0.351389 0.060156 0.119444
15 0.388672 0.522222 0.063281 0.119444
15 0.514844 0.688889 0.043750 0.102778
15 0.653516 0.781944 0.046094 0.105556
16 0.265234 0.654167 0.066406 0.119444
16 0.538672 0.800000 0.049219 0.108333
17 0.208203 0.668056 0.060156 0.119444
17 0.355469 0.766667 0.057813 0.119444
17 0.499609 0.537500 0.041406 0.102778
18 0.247266 0.795833 0.067969 0.119444
18 0.702734 0.493750 0.053906 0.115278
19 0.403516 0.737500 0.041406 0.100000
19 0.632812 0.608333 0.039062 0.100000
19 0.713281 0.627778 0.048438 0.108333
20 0.380859 0.625000 0.066406 0.097222
20 0.400000 0.393750 0.043750 0.104167
20 0.443750 0.527778 0.042188 0.105556