0 0.149609 0.852778 0.067969 0.127778
0 0.158984 0.620833 0.066406 0.125000
0 0.192969 0.779167 0.065625 0.125000
0 0.207031 0.560417 0.064062 0.123611
0 0.237500 0.725000 0.059375 0.119444
0 0.252344 0.895139 0.067187 0.126389
0 0.253125 0.494444 0.065625 0.122222
0 0.281250 0.648611 0.057813 0.119444
0 0.300000 0.847222 0.062500 0.125000
0 0.369141 0.709722 0.042969 0.105556
0 0.373437 0.594444 0.042188 0.102778
0 0.398047 0.329861 0.057031 0.076389
0 0.418750 0.709028 0.043750 0.106944
0 0.420312 0.595139 0.043750 0.104167
0 0.434375 0.493056 0.059375 0.080556
0 0.457031 0.327778 0.056250 0.077778
0 0.466406 0.713889 0.042188 0.108333
0 0.467187 0.595833 0.042188 0.105556
0 0.515625 0.316667 0.057813 0.077778
0 0.513672 0.713889 0.044531 0.105556
0 0.517969 0.594444 0.042188 0.102778
0 0.575391 0.318056 0.058594 0.077778
0 0.584766 0.538889 0.057031 0.080556
0 0.586719 0.443750 0.057813 0.081944
0 0.591016 0.636111 0.055469 0.075000
0 0.596484 0.817361 0.055469 0.076389
0 0.597656 0.726389 0.054688 0.075000
1 0.369141 0.709722 0.042969 0.105556
1 0.373437 0.594444 0.042188 0.102778
1 0.398047 0.329861 0.057031 0.076389
1 0.418750 0.709028 0.043750 0.106944
1 0.420312 0.595139 0.043750 0.104167
1 0.434375 0.493056 0.059375 0.080556
1 0.457031 0.327778 0.056250 0.077778
1 0.466406 0.713889 0.042188 0.108333
1 0.467187 0.595833 0.042188 0.105556
1 0.515625 0.316667 0.057813 0.077778
1 0.513672 0.713889 0.044531 0.105556
1 0.517969 0.594444 0.042188 0.102778
1 0.575391 0.318056 0.058594 0.077778
2 0.158984 0.620833 0.066406 0.125000
2 0.207031 0.560417 0.064062 0.123611
2 0.252344 0.895139 0.067187 0.126389
2 0.253125 0.494444 0.065625 0.122222
2 0.300000 0.847222 0.062500 0.125000
2 0.584766 0.538889 0.057031 0.080556
2 0.586719 0.443750 0.057813 0.081944
2 0.591016 0.636111 0.055469 0.075000
2 0.596484 0.817361 0.055469 0.076389
2 0.597656 0.726389 0.054688 0.075000
3 0.149609 0.852778 0.067969 0.127778
3 0.192969 0.779167 0.065625 0.125000
3 0.237500 0.725000 0.059375 0.119444
3 0.281250 0.648611 0.057813 0.119444
7 0.369141 0.709722 0.042969 0.105556
7 0.373437 0.594444 0.042188 0.102778
7 0.398047 0.329861 0.057031 0.076389
7 0.418750 0.709028 0.043750 0.106944
7 0.420312 0.595139 0.043750 0.104167
7 0.434375 0.493056 0.059375 0.080556
7 0.457031 0.327778 0.056250 0.077778
7 0.466406 0.713889 0.042188 0.108333
7 0.467187 0.595833 0.042188 0.105556
7 0.515625 0.316667 0.057813 0.077778
7 0.513672 0.713889 0.044531 0.105556
7 0.517969 0.594444 0.042188 0.102778
7 0.575391 0.318056 0.058594 0.077778
8 0.398047 0.329861 0.057031 0.076389
9 0.456250 0.326389 0.056250 0.077778
10 0.515625 0.316667 0.057813 0.077778
11 0.575391 0.318056 0.058594 0.077778
12 0.369141 0.709722 0.042969 0.105556
13 0.418750 0.709028 0.043750 0.106944
14 0.466406 0.713889 0.042188 0.108333
15 0.513672 0.713889 0.044531 0.105556
16 0.373437 0.594444 0.042188 0.102778
17 0.420312 0.595139 0.043750 0.104167
18 0.467187 0.595833 0.042188 0.105556
19 0.517969 0.594444 0.042188 0.102778
20 0.434375 0.493056 0.059375 0.080556