0 0.375781 0.483333 0.064844 0.098611
0 0.401562 0.379167 0.063281 0.113889
0 0.417969 0.606944 0.050781 0.109722
0 0.448437 0.250000 0.046094 0.108333
0 0.488281 0.672222 0.065625 0.115278
0 0.510156 0.409722 0.064062 0.100000
0 0.524219 0.209722 0.042969 0.101389
0 0.560937 0.497222 0.064844 0.104167
0 0.564063 0.662500 0.054688 0.116667
0 0.586719 0.238889 0.041406 0.104167
0 0.621094 0.370833 0.046094 0.106944
0 0.632031 0.665278 0.062500 0.104167
0 0.680469 0.554167 0.046875 0.104167
0 0.689844 0.404167 0.043750 0.105556
1 0.510156 0.409722 0.064062 0.100000
2 0.375781 0.483333 0.064844 0.098611
2 0.401562 0.379167 0.063281 0.113889
2 0.524219 0.209722 0.042969 0.101389
2 0.560937 0.497222 0.064844 0.104167
2 0.564063 0.662500 0.054688 0.116667
2 0.586719 0.238889 0.041406 0.104167
2 0.621094 0.370833 0.046094 0.106944
2 0.632031 0.665278 0.062500 0.104167
2 0.680469 0.554167 0.046875 0.104167
2 0.689844 0.404167 0.043750 0.105556
3 0.417969 0.606944 0.050781 0.109722
3 0.448437 0.250000 0.046094 0.108333
3 0.488281 0.672222 0.065625 0.115278
7 0.510156 0.409722 0.064062 0.100000
10 0.510156 0.409722 0.064062 0.100000