0 0.163281 0.468750 0.046875 0.106944
0 0.202734 0.341667 0.069531 0.113889
0 0.218750 0.632639 0.062500 0.093056
0 0.228516 0.465278 0.063281 0.091667
0 0.262500 0.331944 0.062500 0.122222
0 0.287500 0.659028 0.053125 0.115278
0 0.290625 0.490972 0.053125 0.112500
0 0.318750 0.396528 0.060937 0.090278
0 0.341016 0.687500 0.057031 0.116667
0 0.348438 0.529167 0.067187 0.116667
0 0.342969 0.109028 0.043750 0.106944
0 0.387891 0.113889 0.044531 0.108333
0 0.432422 0.115972 0.044531 0.106944
0 0.441016 0.766667 0.057031 0.077778
0 0.478906 0.117361 0.043750 0.106944
0 0.503125 0.777778 0.050000 0.108333
0 0.565234 0.344444 0.064844 0.116667
0 0.580078 0.766667 0.042969 0.102778
0 0.606250 0.661111 0.059375 0.113889
0 0.634766 0.379861 0.063281 0.118056
0 0.640625 0.765972 0.060937 0.084722
0 0.681250 0.481944 0.067187 0.116667
0 0.703516 0.371528 0.050781 0.109722
1 0.342969 0.109028 0.043750 0.106944
1 0.387891 0.113889 0.044531 0.108333
1 0.432422 0.115972 0.044531 0.106944
1 0.478906 0.117361 0.043750 0.106944
2 0.202734 0.341667 0.069531 0.113889
2 0.218750 0.632639 0.062500 0.093056
2 0.262500 0.331944 0.062500 0.122222
2 0.287500 0.659028 0.053125 0.115278
2 0.318750 0.396528 0.060937 0.090278
2 0.341016 0.687500 0.057031 0.116667
2 0.565234 0.344444 0.064844 0.116667
2 0.606250 0.661111 0.059375 0.113889
2 0.634766 0.379861 0.063281 0.118056
2 0.681250 0.481944 0.067187 0.116667
2 0.703516 0.371528 0.050781 0.109722
3 0.163281 0.468750 0.046875 0.106944
3 0.228516 0.465278 0.063281 0.091667
3 0.290625 0.490972 0.053125 0.112500
3 0.348438 0.529167 0.067187 0.116667
3 0.441016 0.766667 0.057031 0.077778
3 0.503125 0.777778 0.050000 0.108333
3 0.580078 0.766667 0.042969 0.102778
3 0.640625 0.765972 0.060937 0.084722
4 0.478906 0.117361 0.043750 0.106944
5 0.342969 0.109028 0.043750 0.106944
6 0.432422 0.115972 0.044531 0.106944
7 0.387891 0.113889 0.044531 0.108333
8 0.342969 0.109028 0.043750 0.106944
8 0.387891 0.113889 0.044531 0.108333
8 0.432422 0.115972 0.044531 0.106944
8 0.478906 0.117361 0.043750 0.106944