0 0.296484 0.584722 0.058594 0.077778
0 0.299219 0.716667 0.062500 0.088889
0 0.323437 0.237500 0.043750 0.105556
0 0.346875 0.801389 0.057813 0.077778
0 0.355469 0.470833 0.060937 0.083333
0 0.375000 0.590278 0.059375 0.080556
0 0.376953 0.698611 0.058594 0.077778
0 0.378906 0.229861 0.043750 0.104167
0 0.416406 0.801389 0.057813 0.077778
0 0.428906 0.465972 0.045312 0.104167
0 0.449609 0.584722 0.057031 0.077778
0 0.450000 0.698611 0.056250 0.077778
0 0.444531 0.234722 0.043750 0.102778
0 0.481250 0.379861 0.040625 0.098611
0 0.528125 0.520833 0.046875 0.105556
0 0.538281 0.388889 0.046875 0.102778
0 0.556250 0.243750 0.053125 0.115278
0 0.570312 0.787500 0.057813 0.119444
0 0.591406 0.403472 0.051562 0.109722
0 0.599609 0.554861 0.047656 0.104167
0 0.612109 0.675000 0.044531 0.105556
0 0.652734 0.506944 0.047656 0.105556
0 0.721484 0.650000 0.055469 0.119444
1 0.323437 0.237500 0.043750 0.105556
1 0.378906 0.229861 0.043750 0.104167
1 0.444531 0.234722 0.043750 0.102778
1 0.556250 0.243750 0.053125 0.115278
2 0.428906 0.465972 0.045312 0.104167
2 0.449609 0.584722 0.057031 0.077778
2 0.481250 0.379861 0.040625 0.098611
2 0.528125 0.520833 0.046875 0.105556
2 0.538281 0.388889 0.046875 0.102778
2 0.570312 0.787500 0.057813 0.119444
2 0.591406 0.403472 0.051562 0.109722
2 0.599609 0.554861 0.047656 0.104167
2 0.612109 0.675000 0.044531 0.105556
2 0.652734 0.506944 0.047656 0.105556
2 0.721484 0.650000 0.055469 0.119444
3 0.296484 0.584722 0.058594 0.077778
3 0.299219 0.716667 0.062500 0.088889
3 0.346875 0.801389 0.057813 0.077778
3 0.355469 0.470833 0.060937 0.083333
3 0.375000 0.590278 0.059375 0.080556
3 0.376953 0.698611 0.058594 0.077778
3 0.416406 0.801389 0.057813 0.077778
3 0.450000 0.698611 0.056250 0.077778
5 0.556250 0.243750 0.053125 0.115278
6 0.323437 0.237500 0.043750 0.105556
7 0.378906 0.229861 0.043750 0.104167
7 0.444531 0.234722 0.043750 0.102778
10 0.444531 0.234722 0.043750 0.102778
10 0.556250 0.243750 0.053125 0.115278
11 0.323437 0.237500 0.043750 0.105556
11 0.378906 0.229861 0.043750 0.104167