0 0.275781 0.615278 0.058594 0.112500
0 0.271875 0.469444 0.042188 0.098611
0 0.316406 0.488889 0.039062 0.097222
0 0.338281 0.654167 0.050781 0.108333
0 0.367969 0.473611 0.050000 0.108333
0 0.408594 0.312500 0.062500 0.101389
0 0.457813 0.522222 0.060156 0.118056
0 0.463281 0.731944 0.064844 0.118056
0 0.475781 0.630556 0.056250 0.077778
0 0.473438 0.336111 0.049219 0.112500
0 0.515625 0.851389 0.061719 0.120833
0 0.517969 0.277778 0.042969 0.105556
0 0.526563 0.529167 0.058594 0.119444
0 0.533594 0.711111 0.052344 0.113889
0 0.578906 0.293056 0.066406 0.109722
0 0.578906 0.458333 0.064062 0.119444
0 0.588281 0.833333 0.057813 0.122222
0 0.637500 0.508333 0.057031 0.116667
0 0.658594 0.347222 0.051562 0.112500
0 0.705469 0.569444 0.071094 0.122222
0 0.749219 0.708333 0.071094 0.119444
1 0.408594 0.312500 0.062500 0.101389
1 0.473438 0.336111 0.049219 0.112500
1 0.517969 0.277778 0.042969 0.105556
1 0.578906 0.293056 0.066406 0.109722
2 0.275781 0.615278 0.058594 0.112500
2 0.271875 0.469444 0.042188 0.098611
2 0.316406 0.488889 0.039062 0.097222
2 0.338281 0.654167 0.050781 0.108333
2 0.367969 0.473611 0.050000 0.108333
2 0.457813 0.522222 0.060156 0.118056
2 0.475781 0.630556 0.056250 0.077778
2 0.526563 0.529167 0.058594 0.119444
2 0.578906 0.458333 0.064062 0.119444
2 0.637500 0.508333 0.057031 0.116667
2 0.705469 0.569444 0.071094 0.122222
3 0.463281 0.731944 0.064844 0.118056
3 0.515625 0.851389 0.061719 0.120833
3 0.533594 0.711111 0.052344 0.113889
3 0.588281 0.833333 0.057813 0.122222
3 0.658594 0.347222 0.051562 0.112500
3 0.749219 0.708333 0.071094 0.119444
6 0.408594 0.312500 0.062500 0.101389
6 0.473438 0.336111 0.049219 0.112500
6 0.517969 0.277778 0.042969 0.105556
6 0.578906 0.293056 0.066406 0.109722
10 0.517969 0.277778 0.042969 0.105556
11 0.578906 0.293056 0.066406 0.109722
16 0.408594 0.312500 0.062500 0.101389
19 0.473438 0.336111 0.049219 0.112500