0 0.334766 0.363889 0.061719 0.083333
0 0.381250 0.579861 0.065625 0.095833
0 0.412891 0.204861 0.055469 0.076389
0 0.458594 0.334028 0.056250 0.076389
0 0.489844 0.458333 0.060937 0.086111
0 0.498437 0.079861 0.067187 0.112500
0 0.503516 0.193750 0.055469 0.073611
0 0.539062 0.361111 0.051562 0.069444
0 0.559766 0.486111 0.064844 0.100000
0 0.561328 0.587500 0.060156 0.080556
0 0.566406 0.138889 0.064062 0.097222
0 0.581250 0.716667 0.062500 0.116667
0 0.578125 0.268750 0.043750 0.104167
0 0.647656 0.493750 0.059375 0.112500
0 0.665625 0.204167 0.057813 0.077778
0 0.664844 0.377083 0.053125 0.112500
2 0.334766 0.363889 0.061719 0.083333
2 0.412891 0.204861 0.055469 0.076389
2 0.458594 0.334028 0.056250 0.076389
2 0.489844 0.458333 0.060937 0.086111
2 0.503516 0.193750 0.055469 0.073611
2 0.539062 0.361111 0.051562 0.069444
2 0.559766 0.486111 0.064844 0.100000
2 0.566406 0.138889 0.064062 0.097222
2 0.581250 0.716667 0.062500 0.116667
2 0.578125 0.268750 0.043750 0.104167
2 0.647656 0.493750 0.059375 0.112500
3 0.381250 0.579861 0.065625 0.095833
3 0.498437 0.079861 0.067187 0.112500
3 0.561328 0.587500 0.060156 0.080556
3 0.665625 0.204167 0.057813 0.077778
3 0.664844 0.377083 0.053125 0.112500