0 0.075000 0.583333 0.050781 0.111111
0 0.119531 0.438889 0.069531 0.102778
0 0.136719 0.759722 0.063281 0.086111
0 0.140625 0.612500 0.064062 0.087500
0 0.184375 0.450000 0.057031 0.119444
0 0.205469 0.773611 0.053906 0.115278
0 0.211719 0.600000 0.055469 0.113889
0 0.238281 0.491667 0.066406 0.097222
0 0.263281 0.666667 0.063281 0.088889
0 0.266406 0.802778 0.066406 0.094444
0 0.370312 0.876389 0.059375 0.080556
0 0.454688 0.558333 0.065625 0.109722
0 0.527344 0.545833 0.064844 0.101389
0 0.557813 0.675000 0.053906 0.111111
0 0.572656 0.861111 0.059375 0.081944
2 0.119531 0.438889 0.069531 0.102778
2 0.136719 0.759722 0.063281 0.086111
2 0.184375 0.450000 0.057031 0.119444
2 0.205469 0.773611 0.053906 0.115278
2 0.238281 0.491667 0.066406 0.097222
2 0.266406 0.802778 0.066406 0.094444
2 0.454688 0.558333 0.065625 0.109722
2 0.527344 0.545833 0.064844 0.101389
2 0.557813 0.675000 0.053906 0.111111
3 0.075000 0.583333 0.050781 0.111111
3 0.140625 0.612500 0.064062 0.087500
3 0.211719 0.600000 0.055469 0.113889
3 0.263281 0.666667 0.063281 0.088889
3 0.370312 0.876389 0.059375 0.080556
3 0.572656 0.861111 0.059375 0.081944