0 0.134375 0.525000 0.050000 0.108333
0 0.175781 0.395139 0.070312 0.115278
0 0.190625 0.692361 0.065625 0.095833
0 0.243750 0.576389 0.065625 0.100000
0 0.256641 0.431250 0.063281 0.123611
0 0.260156 0.718750 0.056250 0.118056
0 0.314063 0.587500 0.057813 0.119444
0 0.315625 0.743750 0.059375 0.120833
0 0.335938 0.436111 0.064062 0.094444
0 0.372656 0.176389 0.045312 0.105556
0 0.395703 0.667361 0.066406 0.104167
0 0.416797 0.177778 0.042969 0.105556
0 0.455078 0.781250 0.067969 0.115278
0 0.467187 0.176389 0.045312 0.108333
0 0.493750 0.898611 0.050000 0.111111
0 0.512500 0.182639 0.051562 0.115278
0 0.540625 0.398611 0.065625 0.119444
0 0.554688 0.855556 0.045312 0.105556
0 0.581641 0.715972 0.060156 0.115278
0 0.610938 0.432639 0.064062 0.118056
0 0.656250 0.534722 0.065625 0.113889
0 0.678125 0.426389 0.050000 0.108333
1 0.372656 0.176389 0.045312 0.105556
1 0.416797 0.177778 0.042969 0.105556
1 0.467187 0.176389 0.045312 0.108333
1 0.512500 0.182639 0.051562 0.115278
2 0.175781 0.395139 0.070312 0.115278
2 0.190625 0.692361 0.065625 0.095833
2 0.256641 0.431250 0.063281 0.123611
2 0.260156 0.718750 0.056250 0.118056
2 0.315625 0.743750 0.059375 0.120833
2 0.335938 0.436111 0.064062 0.094444
2 0.540625 0.398611 0.065625 0.119444
2 0.581641 0.715972 0.060156 0.115278
2 0.610938 0.432639 0.064062 0.118056
2 0.656250 0.534722 0.065625 0.113889
2 0.678125 0.426389 0.050000 0.108333
3 0.134375 0.525000 0.050000 0.108333
3 0.243750 0.576389 0.065625 0.100000
3 0.314063 0.587500 0.057813 0.119444
3 0.395703 0.667361 0.066406 0.104167
3 0.455078 0.781250 0.067969 0.115278
3 0.493750 0.898611 0.050000 0.111111
3 0.554688 0.855556 0.045312 0.105556
4 0.372656 0.176389 0.045312 0.105556
5 0.467187 0.176389 0.045312 0.108333
6 0.512500 0.182639 0.051562 0.115278
7 0.416797 0.177778 0.042969 0.105556
9 0.372656 0.176389 0.045312 0.105556
9 0.416797 0.177778 0.042969 0.105556
9 0.467187 0.176389 0.045312 0.108333
9 0.512500 0.182639 0.051562 0.115278