0 0.225391 0.393056 0.047656 0.108333
0 0.272266 0.483333 0.042969 0.102778
0 0.305078 0.218056 0.058594 0.116667
0 0.308594 0.361111 0.062500 0.094444
0 0.328125 0.526389 0.054688 0.111111
0 0.378906 0.617361 0.067187 0.112500
0 0.368750 0.443750 0.040625 0.095833
0 0.434375 0.363889 0.062500 0.102778
0 0.432812 0.140278 0.056250 0.075000
0 0.451562 0.650000 0.043750 0.105556
0 0.489063 0.131250 0.057813 0.076389
0 0.525781 0.392361 0.065625 0.115278
0 0.546484 0.123611 0.058594 0.075000
0 0.585156 0.313889 0.064062 0.094444
0 0.641406 0.315972 0.042188 0.098611
0 0.823438 0.306944 0.071875 0.116667
1 0.225391 0.393056 0.047656 0.108333
1 0.272266 0.483333 0.042969 0.102778
1 0.305078 0.218056 0.058594 0.116667
1 0.308594 0.361111 0.062500 0.094444
2 0.328125 0.526389 0.054688 0.111111
2 0.378906 0.617361 0.067187 0.112500
2 0.368750 0.443750 0.040625 0.095833
2 0.434375 0.363889 0.062500 0.102778
2 0.432812 0.140278 0.056250 0.075000
2 0.451562 0.650000 0.043750 0.105556
2 0.489063 0.131250 0.057813 0.076389
2 0.546484 0.123611 0.058594 0.075000
2 0.641406 0.315972 0.042188 0.098611
2 0.823438 0.306944 0.071875 0.116667
3 0.525781 0.392361 0.065625 0.115278
3 0.585156 0.313889 0.064062 0.094444
4 0.272266 0.483333 0.042969 0.102778
5 0.225391 0.393056 0.047656 0.108333
6 0.305078 0.218056 0.058594 0.116667
7 0.308594 0.361111 0.062500 0.094444
9 0.305078 0.218056 0.058594 0.116667
9 0.308594 0.361111 0.062500 0.094444
14 0.272266 0.483333 0.042969 0.102778
15 0.225391 0.393056 0.047656 0.108333