0 0.283203 0.411111 0.063281 0.105556
0 0.338281 0.245139 0.056250 0.115278
0 0.362891 0.518056 0.063281 0.116667
0 0.413281 0.400694 0.051562 0.112500
0 0.461328 0.086111 0.055469 0.080556
0 0.462891 0.157639 0.057031 0.076389
0 0.471094 0.506944 0.053125 0.113889
0 0.516016 0.258333 0.060156 0.086111
0 0.520312 0.111111 0.054688 0.075000
0 0.529297 0.487500 0.053906 0.116667
0 0.536719 0.718056 0.062500 0.122222
0 0.551172 0.840972 0.066406 0.104167
0 0.606250 0.645833 0.065625 0.102778
0 0.617969 0.336111 0.067187 0.119444
0 0.637891 0.800000 0.055469 0.119444
0 0.642969 0.490278 0.050000 0.111111
0 0.696875 0.700000 0.053125 0.108333
0 0.712500 0.834028 0.068750 0.115278
0 0.722266 0.391667 0.060156 0.077778
0 0.748047 0.604861 0.066406 0.095833
0 0.785547 0.487500 0.060156 0.075000
0 0.806250 0.722917 0.067187 0.098611
1 0.462891 0.157639 0.057031 0.076389
1 0.471094 0.506944 0.053125 0.113889
1 0.529297 0.487500 0.053906 0.116667
2 0.413281 0.400694 0.051562 0.112500
2 0.516016 0.258333 0.060156 0.086111
2 0.520312 0.111111 0.054688 0.075000
2 0.617969 0.336111 0.067187 0.119444
2 0.642969 0.490278 0.050000 0.111111
2 0.696875 0.700000 0.053125 0.108333
2 0.712500 0.834028 0.068750 0.115278
2 0.722266 0.391667 0.060156 0.077778
2 0.748047 0.604861 0.066406 0.095833
2 0.785547 0.487500 0.060156 0.075000
2 0.806250 0.722917 0.067187 0.098611
3 0.283203 0.411111 0.063281 0.105556
3 0.338281 0.245139 0.056250 0.115278
3 0.362891 0.518056 0.063281 0.116667
3 0.461328 0.086111 0.055469 0.080556
3 0.536719 0.718056 0.062500 0.122222
3 0.551172 0.840972 0.066406 0.104167
3 0.606250 0.645833 0.065625 0.102778
3 0.637891 0.800000 0.055469 0.119444
6 0.471094 0.506944 0.053125 0.113889
6 0.529297 0.487500 0.053906 0.116667
7 0.462891 0.157639 0.057031 0.076389
13 0.471094 0.506944 0.053125 0.113889
15 0.462891 0.157639 0.057031 0.076389
15 0.529297 0.487500 0.053906 0.116667