0 0.346094 0.798611 0.049219 0.111111
0 0.410156 0.545833 0.043750 0.105556
0 0.443750 0.688889 0.057031 0.080556
0 0.457813 0.925000 0.068750 0.115278
0 0.488281 0.472222 0.050781 0.109722
0 0.521875 0.787500 0.058594 0.083333
0 0.594531 0.838889 0.061719 0.091667
0 0.623437 0.731944 0.057813 0.118056
0 0.757031 0.843056 0.067187 0.111111
0 0.803906 0.633333 0.064062 0.116667
0 0.884375 0.566667 0.050000 0.111111
2 0.346094 0.798611 0.049219 0.111111
2 0.410156 0.545833 0.043750 0.105556
2 0.443750 0.688889 0.057031 0.080556
2 0.457813 0.925000 0.068750 0.115278
2 0.488281 0.472222 0.050781 0.109722
2 0.803906 0.633333 0.064062 0.116667
2 0.884375 0.566667 0.050000 0.111111
3 0.521875 0.787500 0.058594 0.083333
3 0.594531 0.838889 0.061719 0.091667
3 0.623437 0.731944 0.057813 0.118056
3 0.757031 0.843056 0.067187 0.111111