0 0.158984 0.845139 0.060156 0.118056
0 0.153125 0.543750 0.042188 0.101389
0 0.196094 0.365278 0.056250 0.116667
0 0.241406 0.550000 0.059375 0.119444
0 0.244922 0.725000 0.050781 0.113889
0 0.259375 0.375000 0.059375 0.119444
0 0.309766 0.579167 0.057031 0.116667
0 0.315625 0.702778 0.062500 0.119444
0 0.323828 0.828472 0.053906 0.115278
0 0.331641 0.459722 0.067969 0.116667
0 0.339844 0.337500 0.059375 0.119444
0 0.394531 0.702778 0.065625 0.116667
0 0.398828 0.411111 0.064844 0.119444
0 0.398828 0.570833 0.044531 0.102778
0 0.408594 0.875000 0.042188 0.105556
0 0.444531 0.262500 0.067187 0.113889
0 0.470313 0.553472 0.065625 0.115278
0 0.473438 0.718750 0.054688 0.112500
0 0.480469 0.866667 0.065625 0.111111
0 0.475391 0.407639 0.052344 0.115278
0 0.535547 0.636111 0.057031 0.116667
0 0.532813 0.381250 0.050000 0.112500
0 0.553125 0.529167 0.059375 0.116667
0 0.550000 0.809722 0.053125 0.113889
0 0.602734 0.718750 0.052344 0.112500
0 0.617188 0.548611 0.056250 0.077778
1 0.158984 0.845139 0.060156 0.118056
1 0.153125 0.543750 0.042188 0.101389
1 0.196094 0.365278 0.056250 0.116667
1 0.241406 0.550000 0.059375 0.119444
1 0.244922 0.725000 0.050781 0.113889
1 0.259375 0.375000 0.059375 0.119444
1 0.309766 0.579167 0.057031 0.116667
1 0.315625 0.702778 0.062500 0.119444
1 0.323828 0.828472 0.053906 0.115278
1 0.331641 0.459722 0.067969 0.116667
1 0.339844 0.337500 0.059375 0.119444
1 0.394531 0.702778 0.065625 0.116667
1 0.398828 0.570833 0.044531 0.102778
1 0.408594 0.875000 0.042188 0.105556
1 0.444531 0.262500 0.067187 0.113889
1 0.470313 0.553472 0.065625 0.115278
1 0.473438 0.718750 0.054688 0.112500
1 0.480469 0.866667 0.065625 0.111111
1 0.475391 0.407639 0.052344 0.115278
1 0.535547 0.636111 0.057031 0.116667
1 0.532813 0.381250 0.050000 0.112500
1 0.553125 0.529167 0.059375 0.116667
1 0.550000 0.809722 0.053125 0.113889
1 0.602734 0.718750 0.052344 0.112500
1 0.617188 0.548611 0.056250 0.077778
2 0.398828 0.411111 0.064844 0.119444
4 0.158984 0.845139 0.060156 0.118056
4 0.196094 0.365278 0.056250 0.116667
4 0.241406 0.550000 0.059375 0.119444
4 0.259375 0.375000 0.059375 0.119444
4 0.394531 0.702778 0.065625 0.116667
4 0.470313 0.553472 0.065625 0.115278
4 0.535547 0.636111 0.057031 0.116667
4 0.532813 0.381250 0.050000 0.112500
5 0.244922 0.725000 0.050781 0.113889
5 0.339844 0.337500 0.059375 0.119444
5 0.408594 0.875000 0.042188 0.105556
5 0.473438 0.718750 0.054688 0.112500
5 0.475391 0.407639 0.052344 0.115278
5 0.553125 0.529167 0.059375 0.116667
5 0.550000 0.809722 0.053125 0.113889
6 0.153125 0.543750 0.042188 0.101389
6 0.315625 0.702778 0.062500 0.119444
6 0.398828 0.570833 0.044531 0.102778
6 0.444531 0.262500 0.067187 0.113889
6 0.617188 0.548611 0.056250 0.077778
7 0.309766 0.579167 0.057031 0.116667
7 0.323828 0.828472 0.053906 0.115278
7 0.331641 0.459722 0.067969 0.116667
7 0.480469 0.866667 0.065625 0.111111
7 0.602734 0.718750 0.052344 0.112500
8 0.153125 0.543750 0.042188 0.101389
8 0.394531 0.702778 0.065625 0.116667
9 0.475391 0.407639 0.052344 0.115278
10 0.158984 0.845139 0.060156 0.118056
10 0.244922 0.725000 0.050781 0.113889
11 0.323828 0.828472 0.053906 0.115278
11 0.444531 0.262500 0.067187 0.113889
11 0.470313 0.553472 0.065625 0.115278
11 0.553125 0.529167 0.059375 0.116667
12 0.339844 0.337500 0.059375 0.119444
13 0.309766 0.579167 0.057031 0.116667
14 0.532813 0.381250 0.050000 0.112500
15 0.259375 0.375000 0.059375 0.119444
16 0.398828 0.570833 0.044531 0.102778
16 0.473438 0.718750 0.054688 0.112500
16 0.480469 0.866667 0.065625 0.111111
16 0.535547 0.636111 0.057031 0.116667
17 0.241406 0.550000 0.059375 0.119444
17 0.602734 0.718750 0.052344 0.112500
17 0.617188 0.548611 0.056250 0.077778
18 0.196094 0.365278 0.056250 0.116667
18 0.315625 0.702778 0.062500 0.119444
18 0.550000 0.809722 0.053125 0.113889
19 0.408594 0.875000 0.042188 0.105556
20 0.331641 0.459722 0.067969 0.116667