0 0.294531 0.413889 0.045312 0.101389
0 0.328125 0.573611 0.056250 0.084722
0 0.385937 0.266667 0.056250 0.075000
0 0.444531 0.256944 0.057813 0.076389
0 0.471875 0.769444 0.051562 0.115278
0 0.489063 0.655556 0.063281 0.122222
0 0.500781 0.250000 0.057031 0.076389
0 0.513281 0.481944 0.048438 0.109722
0 0.557813 0.237500 0.057031 0.076389
0 0.573438 0.436111 0.043750 0.102778
0 0.631250 0.495833 0.065625 0.113889
0 0.675000 0.616667 0.060937 0.122222
0 0.719531 0.540278 0.058594 0.118056
0 0.742969 0.773611 0.071875 0.122222
0 0.789844 0.627778 0.067187 0.123611
0 0.855469 0.663889 0.056250 0.118056
1 0.385937 0.266667 0.056250 0.075000
1 0.444531 0.256944 0.057813 0.076389
1 0.500781 0.250000 0.057031 0.076389
1 0.557813 0.237500 0.057031 0.076389
2 0.294531 0.413889 0.045312 0.101389
2 0.328125 0.573611 0.056250 0.084722
2 0.471875 0.769444 0.051562 0.115278
2 0.489063 0.655556 0.063281 0.122222
2 0.513281 0.481944 0.048438 0.109722
2 0.573438 0.436111 0.043750 0.102778
2 0.631250 0.495833 0.065625 0.113889
3 0.675000 0.616667 0.060937 0.122222
3 0.719531 0.540278 0.058594 0.118056
3 0.742969 0.773611 0.071875 0.122222
3 0.789844 0.627778 0.067187 0.123611
3 0.855469 0.663889 0.056250 0.118056
4 0.385937 0.266667 0.056250 0.075000
4 0.444531 0.256944 0.057813 0.076389
4 0.500781 0.250000 0.057031 0.076389
4 0.557813 0.237500 0.057031 0.076389
10 0.385937 0.266667 0.056250 0.075000
12 0.500781 0.250000 0.057031 0.076389
13 0.557813 0.237500 0.057031 0.076389
20 0.444531 0.256944 0.057813 0.076389