0 0.300391 0.520833 0.067969 0.108333
0 0.333203 0.362500 0.066406 0.119444
0 0.346484 0.243750 0.061719 0.120833
0 0.376953 0.487500 0.064844 0.119444
0 0.402344 0.158333 0.062500 0.088889
0 0.412500 0.303472 0.065625 0.112500
0 0.417969 0.706250 0.064062 0.109722
0 0.437500 0.540972 0.060937 0.093056
0 0.476562 0.210417 0.045312 0.109722
0 0.489063 0.393750 0.046875 0.109722
0 0.530469 0.483333 0.064062 0.091667
0 0.534766 0.304167 0.053906 0.116667
0 0.560937 0.409722 0.059375 0.086111
0 0.585156 0.532639 0.059375 0.109722
0 0.601562 0.225000 0.064062 0.116667
1 0.560937 0.409722 0.059375 0.086111
2 0.300391 0.520833 0.067969 0.108333
2 0.346484 0.243750 0.061719 0.120833
2 0.402344 0.158333 0.062500 0.088889
2 0.412500 0.303472 0.065625 0.112500
2 0.417969 0.706250 0.064062 0.109722
2 0.437500 0.540972 0.060937 0.093056
2 0.489063 0.393750 0.046875 0.109722
2 0.530469 0.483333 0.064062 0.091667
2 0.534766 0.304167 0.053906 0.116667
2 0.585156 0.532639 0.059375 0.109722
2 0.601562 0.225000 0.064062 0.116667
3 0.333203 0.362500 0.066406 0.119444
3 0.376953 0.487500 0.064844 0.119444
3 0.476562 0.210417 0.045312 0.109722
6 0.560937 0.409722 0.059375 0.086111
11 0.560937 0.409722 0.059375 0.086111