0 0.341016 0.445833 0.066406 0.113889
0 0.377344 0.572222 0.046875 0.105556
0 0.405078 0.350694 0.047656 0.104167
0 0.450391 0.455556 0.061719 0.088889
0 0.487500 0.325694 0.065625 0.115278
1 0.341016 0.445833 0.066406 0.113889
1 0.377344 0.572222 0.046875 0.105556
1 0.405078 0.350694 0.047656 0.104167
1 0.450391 0.455556 0.061719 0.088889
1 0.487500 0.325694 0.065625 0.115278
4 0.377344 0.572222 0.046875 0.105556
4 0.405078 0.350694 0.047656 0.104167
6 0.450391 0.455556 0.061719 0.088889
7 0.341016 0.445833 0.066406 0.113889
7 0.487500 0.325694 0.065625 0.115278
11 0.450391 0.455556 0.061719 0.088889
17 0.405078 0.350694 0.047656 0.104167
18 0.341016 0.445833 0.066406 0.113889
20 0.377344 0.572222 0.046875 0.105556
20 0.487500 0.325694 0.065625 0.115278