0 0.281250 0.413889 0.062500 0.105556
0 0.340625 0.240972 0.059375 0.115278
0 0.346875 0.386111 0.062500 0.105556
0 0.361328 0.523611 0.063281 0.119444
0 0.412500 0.234722 0.062500 0.102778
0 0.411328 0.406944 0.050781 0.111111
0 0.518359 0.250000 0.063281 0.094444
0 0.534375 0.721528 0.064062 0.120833
0 0.535156 0.119444 0.056250 0.077778
0 0.550781 0.845833 0.065625 0.105556
0 0.592187 0.105556 0.060937 0.080556
0 0.605469 0.650000 0.067187 0.102778
0 0.614844 0.342361 0.067187 0.120833
0 0.637500 0.805556 0.056250 0.119444
0 0.640234 0.494444 0.050781 0.111111
0 0.651953 0.084722 0.060156 0.080556
0 0.694922 0.704861 0.052344 0.112500
0 0.711719 0.841667 0.065625 0.116667
0 0.712109 0.086111 0.061719 0.080556
0 0.720313 0.393750 0.060937 0.076389
0 0.746484 0.606250 0.066406 0.095833
0 0.783984 0.490972 0.060156 0.076389
0 0.804688 0.727083 0.067187 0.098611
1 0.535156 0.119444 0.056250 0.077778
1 0.592187 0.105556 0.060937 0.080556
1 0.651953 0.084722 0.060156 0.080556
1 0.712109 0.086111 0.061719 0.080556
2 0.412500 0.234722 0.062500 0.102778
2 0.411328 0.406944 0.050781 0.111111
2 0.518359 0.250000 0.063281 0.094444
2 0.614844 0.342361 0.067187 0.120833
2 0.640234 0.494444 0.050781 0.111111
2 0.694922 0.704861 0.052344 0.112500
2 0.711719 0.841667 0.065625 0.116667
2 0.720313 0.393750 0.060937 0.076389
2 0.746484 0.606250 0.066406 0.095833
2 0.783984 0.490972 0.060156 0.076389
2 0.804688 0.727083 0.067187 0.098611
3 0.281250 0.413889 0.062500 0.105556
3 0.340625 0.240972 0.059375 0.115278
3 0.346875 0.386111 0.062500 0.105556
3 0.361328 0.523611 0.063281 0.119444
3 0.534375 0.721528 0.064062 0.120833
3 0.550781 0.845833 0.065625 0.105556
3 0.605469 0.650000 0.067187 0.102778
3 0.637500 0.805556 0.056250 0.119444
5 0.535156 0.119444 0.056250 0.077778
6 0.651953 0.084722 0.060156 0.080556
6 0.712109 0.086111 0.061719 0.080556
7 0.592187 0.105556 0.060937 0.080556
13 0.534375 0.119444 0.056250 0.077778
13 0.712109 0.086111 0.061719 0.080556
15 0.592187 0.105556 0.060937 0.080556
15 0.651953 0.084722 0.060156 0.080556