0 0.097266 0.593750 0.049219 0.109722
0 0.141406 0.450000 0.067187 0.102778
0 0.159375 0.768056 0.062500 0.083333
0 0.162109 0.621528 0.063281 0.087500
0 0.205469 0.461111 0.054688 0.116667
0 0.226562 0.781944 0.053125 0.113889
0 0.231641 0.608333 0.053906 0.113889
0 0.258984 0.501389 0.066406 0.094444
0 0.284375 0.675000 0.062500 0.088889
0 0.286328 0.809028 0.064844 0.093056
0 0.315234 0.253472 0.057031 0.079167
0 0.340625 0.122917 0.065625 0.115278
0 0.367969 0.497222 0.062500 0.086111
0 0.363281 0.625000 0.045312 0.105556
0 0.365625 0.756944 0.050000 0.111111
0 0.365625 0.373611 0.043750 0.100000
0 0.389844 0.884028 0.059375 0.079167
0 0.420312 0.756250 0.043750 0.106944
0 0.428906 0.619444 0.048438 0.111111
0 0.442578 0.357639 0.063281 0.115278
0 0.452344 0.893056 0.051562 0.113889
0 0.457813 0.181250 0.059375 0.087500
0 0.462891 0.481944 0.069531 0.119444
0 0.475781 0.746528 0.045312 0.106944
0 0.481641 0.618056 0.052344 0.113889
0 0.529687 0.748611 0.043750 0.105556
0 0.532813 0.879861 0.046875 0.106944
0 0.546875 0.615278 0.050000 0.113889
0 0.556641 0.486111 0.064844 0.097222
0 0.591016 0.870139 0.060156 0.081944
0 0.597266 0.759722 0.046094 0.105556
0 0.612500 0.633333 0.056250 0.119444
1 0.367969 0.497222 0.062500 0.086111
1 0.363281 0.625000 0.045312 0.105556
1 0.365625 0.756944 0.050000 0.111111
1 0.420312 0.756250 0.043750 0.106944
1 0.428906 0.619444 0.048438 0.111111
1 0.462891 0.481944 0.069531 0.119444
1 0.475781 0.746528 0.045312 0.106944
1 0.481641 0.618056 0.052344 0.113889
1 0.529687 0.748611 0.043750 0.105556
1 0.546875 0.615278 0.050000 0.113889
1 0.556641 0.486111 0.064844 0.097222
1 0.597266 0.759722 0.046094 0.105556
1 0.612500 0.633333 0.056250 0.119444
2 0.141406 0.450000 0.067187 0.102778
2 0.159375 0.768056 0.062500 0.083333
2 0.205469 0.461111 0.054688 0.116667
2 0.226562 0.781944 0.053125 0.113889
2 0.258984 0.501389 0.066406 0.094444
2 0.286328 0.809028 0.064844 0.093056
2 0.315234 0.253472 0.057031 0.079167
2 0.340625 0.122917 0.065625 0.115278
2 0.365625 0.373611 0.043750 0.100000
2 0.442578 0.357639 0.063281 0.115278
2 0.457813 0.181250 0.059375 0.087500
3 0.097266 0.593750 0.049219 0.109722
3 0.162109 0.621528 0.063281 0.087500
3 0.231641 0.608333 0.053906 0.113889
3 0.284375 0.675000 0.062500 0.088889
3 0.389844 0.884028 0.059375 0.079167
3 0.452344 0.893056 0.051562 0.113889
3 0.532813 0.879861 0.046875 0.106944
3 0.591016 0.870139 0.060156 0.081944
5 0.367969 0.497222 0.062500 0.086111
5 0.363281 0.625000 0.045312 0.105556
5 0.365625 0.756944 0.050000 0.111111
5 0.420312 0.756250 0.043750 0.106944
5 0.428906 0.619444 0.048438 0.111111
5 0.462891 0.481944 0.069531 0.119444
5 0.475781 0.746528 0.045312 0.106944
5 0.481641 0.618056 0.052344 0.113889
5 0.529687 0.748611 0.043750 0.105556
5 0.546875 0.615278 0.050000 0.113889
5 0.556641 0.486111 0.064844 0.097222
5 0.597266 0.759722 0.046094 0.105556
5 0.612500 0.633333 0.056250 0.119444
8 0.597266 0.759722 0.046094 0.105556
9 0.529687 0.748611 0.043750 0.105556
10 0.475781 0.746528 0.045312 0.106944
11 0.420312 0.756250 0.043750 0.106944
12 0.365625 0.756944 0.050000 0.111111
13 0.612500 0.633333 0.056250 0.119444
14 0.546875 0.615278 0.050000 0.113889
15 0.481641 0.618056 0.052344 0.113889
16 0.428906 0.619444 0.048438 0.111111
17 0.363281 0.625000 0.045312 0.105556
18 0.556641 0.486111 0.064844 0.097222
19 0.462891 0.481944 0.069531 0.119444
20 0.367969 0.497222 0.062500 0.086111