0 0.334375 0.605090 0.045828 0.106486
0 0.345051 0.300931 0.061977 0.116667
0 0.348699 0.452312 0.038023 0.095375
0 0.367969 0.172687 0.063016 0.117597
0 0.406250 0.318521 0.050000 0.109264
0 0.411719 0.618979 0.046359 0.104625
0 0.422918 0.458333 0.064586 0.103694
0 0.455469 0.218986 0.063016 0.097222
0 0.498957 0.470375 0.061461 0.116667
0 0.516406 0.337500 0.066141 0.112028
0 0.504426 0.612500 0.040102 0.100917
0 0.519012 0.205556 0.063023 0.118528
0 0.525000 0.798611 0.059375 0.117583
0 0.572918 0.512965 0.061461 0.118514
0 0.581770 0.243514 0.058336 0.077778
0 0.604426 0.657403 0.046352 0.105556
0 0.638543 0.563889 0.064586 0.120361
0 0.642707 0.315278 0.061461 0.084250
0 0.652863 0.778708 0.050523 0.111111
0 0.694531 0.218986 0.060937 0.119444
0 0.716926 0.411576 0.059898 0.076847
0 0.710938 0.570368 0.047922 0.107403
0 0.773961 0.268979 0.050000 0.110181
1 0.334375 0.605090 0.045828 0.106486
1 0.345051 0.300931 0.061977 0.116667
1 0.406250 0.318521 0.050000 0.109264
1 0.411719 0.618979 0.046359 0.104625
1 0.422918 0.458333 0.064586 0.103694
1 0.455469 0.218986 0.063016 0.097222
1 0.498957 0.470375 0.061461 0.116667
1 0.516406 0.337500 0.066141 0.112028
1 0.504426 0.612500 0.040102 0.100917
1 0.519012 0.205556 0.063023 0.118528
1 0.525000 0.798611 0.059375 0.117583
1 0.581770 0.243514 0.058336 0.077778
1 0.604426 0.657403 0.046352 0.105556
1 0.638543 0.563889 0.064586 0.120361
1 0.642707 0.315278 0.061461 0.084250
1 0.652863 0.778708 0.050523 0.111111
1 0.694531 0.218986 0.060937 0.119444
1 0.716926 0.411576 0.059898 0.076847
1 0.773961 0.268979 0.050000 0.110181
2 0.367969 0.172687 0.063016 0.117597
2 0.710938 0.570368 0.047922 0.107403
3 0.348699 0.452312 0.038023 0.095375
3 0.572918 0.512965 0.061461 0.118514
4 0.411719 0.618979 0.046359 0.104625
4 0.422918 0.458333 0.064586 0.103694
4 0.519012 0.205556 0.063023 0.118528
4 0.604426 0.657403 0.046352 0.105556
4 0.642707 0.315278 0.061461 0.084250
5 0.334375 0.605090 0.045828 0.106486
5 0.498957 0.470375 0.061461 0.116667
5 0.694531 0.218986 0.060937 0.119444
5 0.773961 0.268979 0.050000 0.110181
6 0.406250 0.318521 0.050000 0.109264
6 0.516406 0.337500 0.066141 0.112028
6 0.504426 0.612500 0.040102 0.100917
6 0.525000 0.798611 0.059375 0.117583
6 0.581770 0.243514 0.058336 0.077778
6 0.638543 0.563889 0.064586 0.120361
6 0.652863 0.778708 0.050523 0.111111
6 0.716926 0.411576 0.059898 0.076847
7 0.345051 0.300931 0.061977 0.116667
7 0.455469 0.218986 0.063016 0.097222
8 0.716926 0.411576 0.059898 0.076847
8 0.773961 0.268979 0.050000 0.110181
9 0.406250 0.318521 0.050000 0.109264
9 0.604426 0.657403 0.046352 0.105556
10 0.652863 0.778708 0.050523 0.111111
11 0.504426 0.612500 0.040102 0.100917
12 0.334375 0.605090 0.045828 0.106486
12 0.455469 0.218986 0.063016 0.097222
12 0.519012 0.205556 0.063023 0.118528
13 0.638543 0.563889 0.064586 0.120361
14 0.642707 0.315278 0.061461 0.084250
14 0.694531 0.218056 0.060937 0.119444
15 0.411719 0.618979 0.046359 0.104625
15 0.516406 0.337500 0.066141 0.112028
16 0.345051 0.300931 0.061977 0.116667
16 0.422918 0.458333 0.064586 0.103694
18 0.581770 0.243514 0.058336 0.077778
19 0.498957 0.470375 0.061461 0.116667
20 0.525000 0.798611 0.059375 0.117583