0 0.165625 0.532639 0.057813 0.118056
0 0.175391 0.411806 0.071094 0.109722
0 0.187500 0.700000 0.053125 0.111111
0 0.243750 0.601389 0.051562 0.111111
0 0.247656 0.779167 0.045312 0.105556
0 0.265234 0.308333 0.058594 0.077778
0 0.266016 0.439583 0.052344 0.112500
0 0.313281 0.593056 0.062500 0.116667
0 0.328125 0.706944 0.056250 0.113889
0 0.330078 0.431944 0.058594 0.119444
0 0.349609 0.832639 0.058594 0.081944
0 0.360938 0.296528 0.059375 0.079167
0 0.380469 0.576389 0.059375 0.080556
0 0.419531 0.776389 0.057813 0.119444
0 0.424219 0.250000 0.053125 0.116667
0 0.444141 0.613889 0.046094 0.105556
0 0.471094 0.363889 0.060937 0.119444
0 0.489453 0.838889 0.064844 0.119444
0 0.483594 0.525000 0.050000 0.108333
0 0.500000 0.679861 0.053125 0.112500
0 0.547266 0.401389 0.066406 0.119444
0 0.546875 0.556250 0.059375 0.118056
0 0.550781 0.763889 0.057813 0.119444
0 0.596484 0.571528 0.057031 0.118056
0 0.603516 0.804861 0.052344 0.112500
0 0.607422 0.438889 0.053906 0.113889
0 0.651563 0.647222 0.048438 0.105556
0 0.662500 0.509722 0.046875 0.105556
1 0.165625 0.532639 0.057813 0.118056
1 0.175391 0.411806 0.071094 0.109722
1 0.243750 0.601389 0.051562 0.111111
1 0.247656 0.779167 0.045312 0.105556
1 0.265234 0.308333 0.058594 0.077778
1 0.266016 0.439583 0.052344 0.112500
1 0.313281 0.593056 0.062500 0.116667
1 0.328125 0.706944 0.056250 0.113889
1 0.330078 0.431944 0.058594 0.119444
1 0.349609 0.832639 0.058594 0.081944
1 0.360938 0.296528 0.059375 0.079167
1 0.380469 0.576389 0.059375 0.080556
1 0.424219 0.250000 0.053125 0.116667
1 0.471094 0.363889 0.060937 0.119444
1 0.489453 0.838889 0.064844 0.119444
1 0.547266 0.401389 0.066406 0.119444
1 0.546875 0.556250 0.059375 0.118056
1 0.550781 0.763889 0.057813 0.119444
1 0.603516 0.804861 0.052344 0.112500
1 0.607422 0.438889 0.053906 0.113889
1 0.651563 0.647222 0.048438 0.105556
1 0.662500 0.509722 0.046875 0.105556
2 0.419531 0.776389 0.057813 0.119444
3 0.187500 0.700000 0.053125 0.111111
3 0.444141 0.613889 0.046094 0.105556
3 0.483594 0.525000 0.050000 0.108333
3 0.500000 0.679861 0.053125 0.112500
3 0.596484 0.571528 0.057031 0.118056
4 0.165625 0.532639 0.057813 0.118056
4 0.313281 0.593056 0.062500 0.116667
4 0.328125 0.706944 0.056250 0.113889
4 0.547266 0.401389 0.066406 0.119444
5 0.243750 0.601389 0.051562 0.111111
5 0.266016 0.439583 0.052344 0.112500
5 0.380469 0.576389 0.059375 0.080556
5 0.471094 0.363889 0.060937 0.119444
5 0.546875 0.556250 0.059375 0.118056
5 0.550781 0.763889 0.057813 0.119444
5 0.603516 0.804861 0.052344 0.112500
6 0.247656 0.779167 0.045312 0.105556
6 0.265234 0.308333 0.058594 0.077778
6 0.349609 0.832639 0.058594 0.081944
6 0.360938 0.296528 0.059375 0.079167
6 0.607422 0.438889 0.053906 0.113889
7 0.175391 0.411806 0.071094 0.109722
7 0.330078 0.431944 0.058594 0.119444
7 0.424219 0.250000 0.053125 0.116667
7 0.489453 0.838889 0.064844 0.119444
7 0.651563 0.647222 0.048438 0.105556
7 0.662500 0.509722 0.046875 0.105556
8 0.313281 0.593056 0.062500 0.116667
9 0.424219 0.250000 0.053125 0.116667
9 0.471094 0.363889 0.060937 0.119444
10 0.165625 0.532639 0.057813 0.118056
10 0.175391 0.411806 0.071094 0.109722
10 0.603516 0.804861 0.052344 0.112500
11 0.550781 0.763889 0.057813 0.119444
11 0.651563 0.647222 0.048438 0.105556
12 0.349609 0.832639 0.058594 0.081944
13 0.243750 0.601389 0.051562 0.111111
13 0.489453 0.838889 0.064844 0.119444
14 0.247656 0.779167 0.045312 0.105556
15 0.380469 0.576389 0.059375 0.080556
15 0.662500 0.509722 0.046875 0.105556
16 0.265234 0.308333 0.058594 0.077778
17 0.328125 0.706944 0.056250 0.113889
17 0.607422 0.438889 0.053906 0.113889
18 0.266016 0.439583 0.052344 0.112500
18 0.330078 0.431944 0.058594 0.119444
19 0.360938 0.296528 0.059375 0.079167
20 0.547266 0.401389 0.066406 0.119444
20 0.546875 0.556250 0.059375 0.118056