0 0.162891 0.602083 0.055469 0.115278
0 0.207422 0.687500 0.067969 0.119444
0 0.241797 0.504861 0.046094 0.104167
0 0.266797 0.786806 0.060156 0.118056
0 0.298047 0.427778 0.047656 0.105556
0 0.314844 0.594444 0.059375 0.075000
0 0.325000 0.711806 0.040625 0.098611
0 0.363672 0.275000 0.057031 0.116667
0 0.380859 0.704167 0.047656 0.108333
0 0.387500 0.412500 0.050000 0.108333
0 0.438672 0.702778 0.042969 0.102778
0 0.492578 0.663889 0.064844 0.116667
0 0.498437 0.808333 0.050000 0.111111
0 0.538672 0.500000 0.064844 0.113889
0 0.542578 0.627778 0.049219 0.108333
0 0.560937 0.800000 0.057813 0.116667
0 0.608594 0.650000 0.040625 0.100000
0 0.619531 0.786806 0.062500 0.118056
1 0.162891 0.602083 0.055469 0.115278
1 0.207422 0.687500 0.067969 0.119444
1 0.241797 0.504861 0.046094 0.104167
1 0.298047 0.427778 0.047656 0.105556
1 0.325000 0.711806 0.040625 0.098611
1 0.363672 0.275000 0.057031 0.116667
1 0.380859 0.704167 0.047656 0.108333
1 0.387500 0.412500 0.050000 0.108333
1 0.438672 0.702778 0.042969 0.102778
1 0.492578 0.663889 0.064844 0.116667
1 0.498437 0.808333 0.050000 0.111111
1 0.538672 0.500000 0.064844 0.113889
1 0.542578 0.627778 0.049219 0.108333
1 0.560937 0.800000 0.057813 0.116667
1 0.608594 0.650000 0.040625 0.100000
1 0.619531 0.786806 0.062500 0.118056
2 0.266797 0.786806 0.060156 0.118056
2 0.314844 0.594444 0.059375 0.075000
4 0.162891 0.602083 0.055469 0.115278
4 0.207422 0.687500 0.067969 0.119444
4 0.380859 0.704167 0.047656 0.108333
4 0.560937 0.800000 0.057813 0.116667
5 0.325000 0.711806 0.040625 0.098611
5 0.492578 0.663889 0.064844 0.116667
6 0.387500 0.412500 0.050000 0.108333
6 0.438672 0.702778 0.042969 0.102778
7 0.241797 0.504861 0.046094 0.104167
7 0.298047 0.427778 0.047656 0.105556
7 0.363672 0.275000 0.057031 0.116667
7 0.498437 0.808333 0.050000 0.111111
7 0.538672 0.500000 0.064844 0.113889
7 0.542578 0.627778 0.049219 0.108333
7 0.608594 0.650000 0.040625 0.100000
7 0.619531 0.786806 0.062500 0.118056
8 0.162891 0.602083 0.055469 0.115278
8 0.298047 0.427778 0.047656 0.105556
9 0.241797 0.504861 0.046094 0.104167
10 0.387500 0.412500 0.050000 0.108333
10 0.542578 0.627778 0.049219 0.108333
12 0.608594 0.650000 0.040625 0.100000
13 0.207422 0.687500 0.067969 0.119444
13 0.438672 0.702778 0.042969 0.102778
15 0.380859 0.704167 0.047656 0.108333
16 0.492578 0.663889 0.064844 0.116667
16 0.498437 0.808333 0.050000 0.111111
17 0.538672 0.500000 0.064844 0.113889
18 0.325391 0.711806 0.041406 0.098611
18 0.619531 0.786806 0.062500 0.118056
19 0.560937 0.800000 0.057813 0.116667
20 0.363672 0.275000 0.057031 0.116667