0 0.384375 0.778472 0.050000 0.112500
0 0.446875 0.528472 0.043750 0.104167
0 0.481250 0.668750 0.057813 0.079167
0 0.495312 0.906250 0.067187 0.115278
0 0.539844 0.606944 0.043750 0.105556
0 0.559375 0.770833 0.059375 0.086111
0 0.602344 0.642361 0.060937 0.084722
0 0.612109 0.372917 0.060156 0.115278
0 0.631641 0.820833 0.061719 0.094444
0 0.649219 0.552778 0.068750 0.108333
0 0.660937 0.720833 0.056250 0.116667
0 0.675781 0.338194 0.051562 0.112500
0 0.713281 0.887500 0.067187 0.122222
0 0.734766 0.661111 0.071094 0.116667
0 0.738281 0.755556 0.070312 0.116667
0 0.759375 0.367361 0.065625 0.106944
0 0.775000 0.617361 0.070312 0.118056
0 0.797656 0.828472 0.068750 0.112500
0 0.792578 0.479167 0.057031 0.075000
0 0.846875 0.616667 0.064062 0.116667
0 0.928516 0.546528 0.050781 0.112500
1 0.713281 0.887500 0.067187 0.122222
1 0.734766 0.661111 0.071094 0.116667
1 0.738281 0.755556 0.070312 0.116667
1 0.775000 0.617361 0.070312 0.118056
2 0.384375 0.778472 0.050000 0.112500
2 0.446875 0.528472 0.043750 0.104167
2 0.481250 0.668750 0.057813 0.079167
2 0.495312 0.906250 0.067187 0.115278
2 0.612109 0.372917 0.060156 0.115278
2 0.675781 0.338194 0.051562 0.112500
2 0.759375 0.367361 0.065625 0.106944
2 0.792578 0.479167 0.057031 0.075000
2 0.846875 0.616667 0.064062 0.116667
2 0.928516 0.546528 0.050781 0.112500
3 0.539844 0.606944 0.043750 0.105556
3 0.559375 0.770833 0.059375 0.086111
3 0.602344 0.642361 0.060937 0.084722
3 0.631641 0.820833 0.061719 0.094444
3 0.649219 0.552778 0.068750 0.108333
3 0.660937 0.720833 0.056250 0.116667
3 0.797656 0.828472 0.068750 0.112500
4 0.734766 0.661111 0.071094 0.116667
4 0.738281 0.755556 0.070312 0.116667
4 0.775000 0.617361 0.070312 0.118056
6 0.713281 0.887500 0.067187 0.122222
11 0.713281 0.887500 0.067187 0.122222
12 0.775000 0.617361 0.070312 0.118056
13 0.734766 0.661111 0.071094 0.116667
20 0.738281 0.755556 0.070312 0.116667