0 0.251563 0.668056 0.062500 0.086111
0 0.250781 0.533333 0.059375 0.077778
0 0.298438 0.756250 0.059375 0.076389
0 0.312891 0.421528 0.060156 0.081944
0 0.331250 0.545139 0.059375 0.081944
0 0.330469 0.654167 0.057813 0.077778
0 0.344141 0.175000 0.044531 0.102778
0 0.368359 0.759028 0.058594 0.076389
0 0.393750 0.187500 0.043750 0.105556
0 0.398828 0.381944 0.050781 0.113889
0 0.404687 0.661111 0.057813 0.077778
0 0.406250 0.543750 0.059375 0.079167
0 0.486328 0.203472 0.052344 0.109722
0 0.484375 0.478472 0.046875 0.109722
0 0.523828 0.752778 0.055469 0.116667
0 0.535156 0.221528 0.054688 0.115278
0 0.587891 0.231944 0.052344 0.111111
0 0.607031 0.459722 0.051562 0.113889
0 0.673828 0.497917 0.052344 0.112500
2 0.344141 0.175000 0.044531 0.102778
2 0.393750 0.187500 0.043750 0.105556
2 0.398828 0.381944 0.050781 0.113889
2 0.406250 0.543750 0.059375 0.079167
2 0.486328 0.203472 0.052344 0.109722
2 0.484375 0.478472 0.046875 0.109722
2 0.523828 0.752778 0.055469 0.116667
2 0.535156 0.221528 0.054688 0.115278
2 0.587891 0.231944 0.052344 0.111111
2 0.607031 0.459722 0.051562 0.113889
2 0.673828 0.497917 0.052344 0.112500
3 0.251563 0.668056 0.062500 0.086111
3 0.250781 0.533333 0.059375 0.077778
3 0.298438 0.756250 0.059375 0.076389
3 0.312891 0.421528 0.060156 0.081944
3 0.331250 0.545139 0.059375 0.081944
3 0.330469 0.654167 0.057813 0.077778
3 0.368359 0.759028 0.058594 0.076389
3 0.404687 0.661111 0.057813 0.077778