0 0.194531 0.726389 0.068750 0.119444
0 0.197656 0.328472 0.070312 0.115278
0 0.210156 0.593056 0.065625 0.091667
0 0.264844 0.367361 0.067187 0.120833
0 0.314453 0.779167 0.064844 0.097222
0 0.306250 0.236111 0.043750 0.105556
0 0.329688 0.376389 0.062500 0.086111
0 0.327734 0.671528 0.052344 0.115278
0 0.367188 0.192361 0.067187 0.115278
0 0.392578 0.304861 0.063281 0.120833
0 0.412109 0.787500 0.066406 0.108333
0 0.415625 0.079861 0.057813 0.115278
0 0.462500 0.238889 0.065625 0.116667
0 0.489063 0.804167 0.065625 0.113889
0 0.607031 0.784028 0.056250 0.076389
0 0.626563 0.686111 0.064062 0.116667
0 0.647266 0.868056 0.060156 0.088889
0 0.651563 0.281250 0.065625 0.112500
0 0.668750 0.626389 0.050000 0.111111
0 0.708984 0.441667 0.063281 0.102778
0 0.719531 0.795139 0.039062 0.098611
0 0.769141 0.660417 0.041406 0.101389
1 0.194531 0.726389 0.068750 0.119444
1 0.197656 0.328472 0.070312 0.115278
1 0.210156 0.593056 0.065625 0.091667
1 0.264844 0.367361 0.067187 0.120833
1 0.314453 0.779167 0.064844 0.097222
1 0.306250 0.236111 0.043750 0.105556
1 0.329688 0.376389 0.062500 0.086111
1 0.327734 0.671528 0.052344 0.115278
1 0.367188 0.192361 0.067187 0.115278
1 0.392578 0.304861 0.063281 0.120833
1 0.412109 0.787500 0.066406 0.108333
1 0.415625 0.079861 0.057813 0.115278
1 0.462500 0.238889 0.065625 0.116667
1 0.489063 0.804167 0.065625 0.113889
1 0.607031 0.784028 0.056250 0.076389
1 0.626563 0.686111 0.064062 0.116667
1 0.647266 0.868056 0.060156 0.088889
1 0.651563 0.281250 0.065625 0.112500
1 0.668750 0.626389 0.050000 0.111111
1 0.708984 0.441667 0.063281 0.102778
1 0.719531 0.795139 0.039062 0.098611
1 0.769141 0.660417 0.041406 0.101389
4 0.210156 0.593056 0.065625 0.091667
4 0.412109 0.787500 0.066406 0.108333
4 0.415625 0.079861 0.057813 0.115278
4 0.607031 0.784028 0.056250 0.076389
4 0.651563 0.281250 0.065625 0.112500
4 0.708984 0.441667 0.063281 0.102778
4 0.769141 0.660417 0.041406 0.101389
5 0.264844 0.367361 0.067187 0.120833
5 0.314453 0.779167 0.064844 0.097222
5 0.306250 0.236111 0.043750 0.105556
5 0.367188 0.192361 0.067187 0.115278
5 0.392578 0.304861 0.063281 0.120833
5 0.462500 0.238889 0.065625 0.116667
5 0.647266 0.868056 0.060156 0.088889
6 0.194531 0.726389 0.068750 0.119444
6 0.197656 0.328472 0.070312 0.115278
6 0.329688 0.376389 0.062500 0.086111
6 0.327734 0.671528 0.052344 0.115278
6 0.489063 0.804167 0.065625 0.113889
6 0.668750 0.626389 0.050000 0.111111
6 0.719531 0.795139 0.039062 0.098611
7 0.626563 0.686111 0.064062 0.116667
8 0.306250 0.236111 0.043750 0.105556
9 0.462500 0.238889 0.065625 0.116667
9 0.626563 0.686111 0.064062 0.116667
9 0.668750 0.626389 0.050000 0.111111
11 0.197266 0.738889 0.074219 0.094444
11 0.314453 0.779167 0.064844 0.097222
11 0.412109 0.787500 0.066406 0.108333
12 0.197656 0.328472 0.070312 0.115278
12 0.415625 0.079861 0.057813 0.115278
14 0.210156 0.593056 0.065625 0.091667
15 0.327734 0.671528 0.052344 0.115278
15 0.647266 0.868056 0.060156 0.088889
16 0.367188 0.192361 0.067187 0.115278
16 0.719531 0.795139 0.039062 0.098611
16 0.769141 0.660417 0.041406 0.101389
17 0.264844 0.367361 0.067187 0.120833
17 0.489063 0.804167 0.065625 0.113889
17 0.607031 0.784028 0.056250 0.076389
18 0.329688 0.376389 0.062500 0.086111
19 0.392578 0.304861 0.063281 0.120833
19 0.708984 0.441667 0.063281 0.102778
20 0.651563 0.281250 0.065625 0.112500