0 0.338281 0.793750 0.067187 0.112500
0 0.365234 0.630556 0.064844 0.097222
0 0.437891 0.532639 0.041406 0.101389
0 0.493750 0.442361 0.053125 0.115278
0 0.548438 0.381944 0.048438 0.108333
0 0.734375 0.752083 0.065625 0.123611
0 0.768750 0.615278 0.060937 0.080556
0 0.822266 0.859028 0.067969 0.109722
0 0.852734 0.613889 0.064844 0.119444
0 0.935547 0.545139 0.050781 0.112500
1 0.338281 0.793750 0.067187 0.112500
1 0.365234 0.630556 0.064844 0.097222
1 0.734375 0.752083 0.065625 0.123611
1 0.768750 0.615278 0.060937 0.080556
2 0.437891 0.532639 0.041406 0.101389
2 0.493750 0.442361 0.053125 0.115278
2 0.548438 0.381944 0.048438 0.108333
2 0.852734 0.613889 0.064844 0.119444
2 0.935547 0.545139 0.050781 0.112500
3 0.822266 0.859028 0.067969 0.109722
5 0.338281 0.793750 0.067187 0.112500
5 0.365234 0.630556 0.064844 0.097222
6 0.734375 0.752083 0.065625 0.123611
6 0.768750 0.615278 0.060937 0.080556
8 0.338281 0.793750 0.067187 0.112500
12 0.365234 0.630556 0.064844 0.097222
13 0.734375 0.752083 0.065625 0.123611
15 0.768750 0.615278 0.060937 0.080556