0 0.334766 0.452778 0.067969 0.111111
0 0.349219 0.690278 0.067187 0.111111
0 0.353125 0.597222 0.065625 0.100000
0 0.404687 0.310417 0.053125 0.112500
0 0.412500 0.504167 0.065625 0.116667
0 0.412500 0.818056 0.065625 0.119444
0 0.449219 0.698611 0.065625 0.116667
0 0.481250 0.359722 0.059375 0.116667
0 0.492578 0.645139 0.060156 0.120833
0 0.496094 0.850000 0.053125 0.113889
0 0.501563 0.528472 0.059375 0.118056
0 0.531250 0.257639 0.065625 0.101389
0 0.543750 0.418056 0.064062 0.102778
0 0.564453 0.640278 0.064844 0.113889
0 0.568359 0.761806 0.050781 0.109722
0 0.609766 0.291667 0.060156 0.119444
0 0.608984 0.498611 0.041406 0.100000
0 0.618750 0.873611 0.045312 0.105556
0 0.631250 0.677083 0.042188 0.098611
0 0.671094 0.383333 0.053125 0.113889
0 0.675000 0.540278 0.045312 0.100000
0 0.690625 0.800000 0.062500 0.094444
0 0.746484 0.673611 0.053906 0.113889
1 0.334766 0.452778 0.067969 0.111111
1 0.349219 0.690278 0.067187 0.111111
1 0.353125 0.597222 0.065625 0.100000
1 0.412500 0.504167 0.065625 0.116667
1 0.412500 0.818056 0.065625 0.119444
1 0.449219 0.698611 0.065625 0.116667
1 0.481250 0.359722 0.059375 0.116667
1 0.492578 0.645139 0.060156 0.120833
1 0.501563 0.528472 0.059375 0.118056
1 0.531250 0.257639 0.065625 0.101389
1 0.564453 0.640278 0.064844 0.113889
1 0.568359 0.761806 0.050781 0.109722
1 0.609766 0.291667 0.060156 0.119444
1 0.608984 0.498611 0.041406 0.100000
1 0.618750 0.873611 0.045312 0.105556
1 0.671094 0.383333 0.053125 0.113889
1 0.690625 0.800000 0.062500 0.094444
1 0.746484 0.673611 0.053906 0.113889
3 0.404687 0.310417 0.053125 0.112500
3 0.496094 0.850000 0.053125 0.113889
3 0.543750 0.418056 0.064062 0.102778
3 0.631250 0.677083 0.042188 0.098611
3 0.675000 0.540278 0.045312 0.100000
4 0.481250 0.359722 0.059375 0.116667
4 0.564453 0.640278 0.064844 0.113889
4 0.608984 0.498611 0.041406 0.100000
4 0.746484 0.673611 0.053906 0.113889
5 0.492578 0.645139 0.060156 0.120833
5 0.531250 0.257639 0.065625 0.101389
5 0.618750 0.873611 0.045312 0.105556
6 0.334766 0.452778 0.067969 0.111111
6 0.353125 0.597222 0.065625 0.100000
6 0.412500 0.504167 0.065625 0.116667
6 0.568359 0.761806 0.050781 0.109722
6 0.609766 0.291667 0.060156 0.119444
7 0.349219 0.690278 0.067187 0.111111
7 0.412500 0.818056 0.065625 0.119444
7 0.449219 0.698611 0.065625 0.116667
7 0.501563 0.528472 0.059375 0.118056
7 0.671094 0.383333 0.053125 0.113889
7 0.690625 0.800000 0.062500 0.094444
10 0.492578 0.645139 0.060156 0.120833
11 0.349219 0.690278 0.067187 0.111111
11 0.609766 0.291667 0.060156 0.119444
13 0.671094 0.383333 0.053125 0.113889
14 0.481250 0.359722 0.059375 0.116667
14 0.568359 0.761806 0.050781 0.109722
14 0.690625 0.800000 0.062500 0.094444
15 0.334766 0.452778 0.067969 0.111111
15 0.412500 0.818056 0.065625 0.119444
15 0.531250 0.257639 0.065625 0.101389
15 0.746484 0.673611 0.053906 0.113889
17 0.449219 0.698611 0.065625 0.116667
17 0.608984 0.498611 0.041406 0.100000
17 0.618750 0.873611 0.045312 0.105556
18 0.501563 0.528472 0.059375 0.118056
19 0.353125 0.597222 0.065625 0.100000
20 0.412500 0.504167 0.065625 0.116667
20 0.564453 0.640278 0.064844 0.113889