0 0.209766 0.741667 0.069531 0.122222
0 0.219141 0.554861 0.069531 0.106944
0 0.273828 0.475000 0.067969 0.122222
0 0.284375 0.644444 0.065625 0.122222
0 0.287109 0.806250 0.052344 0.112500
0 0.347656 0.484722 0.067187 0.119444
0 0.350000 0.780556 0.062500 0.122222
0 0.343359 0.177778 0.046094 0.108333
0 0.380469 0.570139 0.067187 0.106944
0 0.392188 0.680556 0.064062 0.091667
0 0.400781 0.181250 0.043750 0.106944
0 0.487891 0.625000 0.058594 0.083333
0 0.490234 0.732639 0.060156 0.087500
0 0.507422 0.193750 0.042969 0.104167
0 0.546094 0.820833 0.062500 0.122222
0 0.550000 0.509028 0.065625 0.106944
0 0.576172 0.668750 0.064844 0.109722
0 0.611719 0.865972 0.060937 0.120833
0 0.627344 0.500000 0.051562 0.111111
0 0.665625 0.768750 0.068750 0.118056
0 0.688281 0.556944 0.068750 0.116667
0 0.691016 0.684028 0.064844 0.104167
1 0.343359 0.177778 0.046094 0.108333
1 0.400781 0.181250 0.043750 0.106944
1 0.507422 0.193750 0.042969 0.104167
2 0.284375 0.644444 0.065625 0.122222
2 0.487891 0.625000 0.058594 0.083333
2 0.490234 0.732639 0.060156 0.087500
2 0.546094 0.820833 0.062500 0.122222
2 0.550000 0.509028 0.065625 0.106944
2 0.576172 0.668750 0.064844 0.109722
2 0.611719 0.865972 0.060937 0.120833
2 0.627344 0.500000 0.051562 0.111111
2 0.665625 0.768750 0.068750 0.118056
2 0.688281 0.556944 0.068750 0.116667
2 0.691016 0.684028 0.064844 0.104167
3 0.209766 0.741667 0.069531 0.122222
3 0.219141 0.554861 0.069531 0.106944
3 0.273828 0.475000 0.067969 0.122222
3 0.287109 0.806250 0.052344 0.112500
3 0.347656 0.484722 0.067187 0.119444
3 0.350000 0.780556 0.062500 0.122222
3 0.380469 0.570139 0.067187 0.106944
3 0.392188 0.680556 0.064062 0.091667
4 0.400781 0.181250 0.043750 0.106944
6 0.507422 0.193750 0.042969 0.104167
7 0.343359 0.177778 0.046094 0.108333
17 0.343359 0.177778 0.046094 0.108333
17 0.400781 0.181250 0.043750 0.106944
17 0.507422 0.193750 0.042969 0.104167