0 0.343750 0.643750 0.062500 0.115278
0 0.345703 0.436111 0.061719 0.086111
0 0.346094 0.347222 0.060937 0.086111
0 0.358984 0.522222 0.067969 0.108333
0 0.390234 0.669444 0.046094 0.102778
0 0.421094 0.422222 0.059375 0.080556
0 0.439453 0.662500 0.041406 0.102778
0 0.489063 0.826389 0.062500 0.127778
0 0.484766 0.650000 0.052344 0.111111
0 0.517578 0.159028 0.060156 0.115278
0 0.534375 0.856250 0.050000 0.115278
0 0.557031 0.213889 0.065625 0.113889
0 0.568750 0.610417 0.062500 0.090278
0 0.574609 0.468750 0.066406 0.098611
0 0.578125 0.738889 0.057813 0.116667
0 0.582031 0.290278 0.064062 0.097222
0 0.581641 0.386111 0.060156 0.083333
0 0.589844 0.856250 0.050000 0.112500
0 0.625000 0.718750 0.067187 0.123611
0 0.650000 0.575000 0.065625 0.108333
0 0.662109 0.372222 0.064844 0.091667
0 0.672656 0.454861 0.057813 0.076389
0 0.726172 0.547917 0.057031 0.076389
1 0.345703 0.436111 0.061719 0.086111
1 0.346094 0.347222 0.060937 0.086111
1 0.358984 0.522222 0.067969 0.108333
1 0.421094 0.422222 0.059375 0.080556
2 0.343750 0.643750 0.062500 0.115278
2 0.390234 0.669444 0.046094 0.102778
2 0.439453 0.662500 0.041406 0.102778
2 0.489063 0.826389 0.062500 0.127778
2 0.484766 0.650000 0.052344 0.111111
2 0.534375 0.856250 0.050000 0.115278
2 0.568750 0.610417 0.062500 0.090278
2 0.578125 0.738889 0.057813 0.116667
2 0.589844 0.856250 0.050000 0.112500
2 0.625000 0.718750 0.067187 0.123611
2 0.650000 0.575000 0.065625 0.108333
3 0.517578 0.159028 0.060156 0.115278
3 0.557031 0.213889 0.065625 0.113889
3 0.574609 0.468750 0.066406 0.098611
3 0.582031 0.290278 0.064062 0.097222
3 0.581641 0.386111 0.060156 0.083333
3 0.662109 0.372222 0.064844 0.091667
3 0.672656 0.454861 0.057813 0.076389
3 0.726172 0.547917 0.057031 0.076389
4 0.345703 0.436111 0.061719 0.086111
5 0.421094 0.422222 0.059375 0.080556
6 0.358984 0.522222 0.067969 0.108333
7 0.346094 0.347222 0.060937 0.086111
9 0.346094 0.347222 0.060937 0.086111
9 0.358984 0.522222 0.067969 0.108333
14 0.345703 0.436111 0.061719 0.086111
15 0.421094 0.422222 0.059375 0.080556