0 0.338281 0.634722 0.059375 0.119444
0 0.345313 0.795833 0.043750 0.102778
0 0.371875 0.518750 0.062500 0.118056
0 0.381250 0.404167 0.068750 0.108333
0 0.397656 0.674306 0.065625 0.118056
0 0.414062 0.852778 0.065625 0.100000
0 0.434766 0.509722 0.060156 0.083333
0 0.438281 0.738889 0.065625 0.108333
0 0.471484 0.604861 0.057031 0.115278
0 0.502344 0.867361 0.065625 0.115278
0 0.507812 0.718750 0.064062 0.115278
0 0.529687 0.476389 0.056250 0.080556
0 0.550000 0.602778 0.046875 0.105556
0 0.594141 0.216667 0.049219 0.108333
0 0.602344 0.787500 0.059375 0.119444
0 0.612891 0.630556 0.063281 0.100000
1 0.338281 0.634722 0.059375 0.119444
1 0.345313 0.795833 0.043750 0.102778
1 0.371875 0.518750 0.062500 0.118056
1 0.381250 0.404167 0.068750 0.108333
1 0.397656 0.674306 0.065625 0.118056
1 0.414062 0.852778 0.065625 0.100000
1 0.434766 0.509722 0.060156 0.083333
1 0.438281 0.738889 0.065625 0.108333
1 0.529687 0.476389 0.056250 0.080556
1 0.594141 0.216667 0.049219 0.108333
1 0.602344 0.787500 0.059375 0.119444
1 0.612891 0.630556 0.063281 0.100000
3 0.471484 0.604861 0.057031 0.115278
3 0.502344 0.867361 0.065625 0.115278
3 0.507812 0.718750 0.064062 0.115278
3 0.550000 0.602778 0.046875 0.105556
4 0.438281 0.738889 0.065625 0.108333
4 0.529687 0.476389 0.056250 0.080556
5 0.602344 0.787500 0.059375 0.119444
5 0.612891 0.630556 0.063281 0.100000
6 0.338281 0.634722 0.059375 0.119444
6 0.345313 0.795833 0.043750 0.102778
6 0.381250 0.404167 0.068750 0.108333
6 0.397656 0.674306 0.065625 0.118056
6 0.414062 0.852778 0.065625 0.100000
7 0.371875 0.518750 0.062500 0.118056
7 0.434766 0.509722 0.060156 0.083333
7 0.594141 0.216667 0.049219 0.108333
10 0.345313 0.795833 0.043750 0.102778
10 0.602344 0.787500 0.059375 0.119444
11 0.414062 0.852778 0.065625 0.100000
13 0.594141 0.216667 0.049219 0.108333
15 0.397656 0.674306 0.065625 0.118056
15 0.434766 0.509722 0.060156 0.083333
15 0.612891 0.630556 0.063281 0.100000
16 0.371875 0.518750 0.062500 0.118056
17 0.529687 0.476389 0.056250 0.080556
18 0.338281 0.634722 0.059375 0.119444
19 0.381250 0.404167 0.068750 0.108333
20 0.438281 0.738889 0.065625 0.108333