0 0.475391 0.320833 0.063281 0.116667
0 0.519922 0.403472 0.058594 0.115278
0 0.571094 0.526389 0.060937 0.119444
0 0.590234 0.371528 0.063281 0.095833
0 0.613281 0.634722 0.040625 0.100000
0 0.632422 0.501389 0.061719 0.119444
0 0.653125 0.772222 0.050000 0.111111
0 0.676172 0.618056 0.060156 0.083333
0 0.717187 0.752778 0.048438 0.111111
0 0.757031 0.593750 0.059375 0.087500
1 0.571094 0.526389 0.060937 0.119444
1 0.590234 0.371528 0.063281 0.095833
1 0.613281 0.634722 0.040625 0.100000
1 0.632422 0.501389 0.061719 0.119444
1 0.676172 0.618056 0.060156 0.083333
1 0.717187 0.752778 0.048438 0.111111
1 0.757031 0.593750 0.059375 0.087500
3 0.475391 0.320833 0.063281 0.116667
3 0.519922 0.403472 0.058594 0.115278
3 0.653125 0.772222 0.050000 0.111111
4 0.717187 0.752778 0.048438 0.111111
5 0.613281 0.634722 0.040625 0.100000
5 0.676172 0.618056 0.060156 0.083333
6 0.571094 0.526389 0.060937 0.119444
6 0.590234 0.371528 0.063281 0.095833
6 0.632422 0.501389 0.061719 0.119444
7 0.757031 0.593750 0.059375 0.087500
8 0.590234 0.371528 0.063281 0.095833
9 0.571094 0.526389 0.060937 0.119444
9 0.676172 0.618056 0.060156 0.083333
9 0.757031 0.593750 0.059375 0.087500
12 0.613281 0.634722 0.040625 0.100000
13 0.717187 0.752778 0.048438 0.111111
16 0.632422 0.501389 0.061719 0.119444