0 0.163281 0.602778 0.054688 0.115278
0 0.172656 0.777778 0.048438 0.109722
0 0.209375 0.377778 0.050000 0.112500
0 0.219531 0.537500 0.060937 0.084722
0 0.249219 0.666667 0.052344 0.112500
0 0.264062 0.802778 0.050000 0.111111
0 0.282031 0.284722 0.050781 0.109722
0 0.298438 0.427778 0.046094 0.106944
0 0.322656 0.573611 0.055469 0.115278
0 0.324219 0.745833 0.041406 0.100000
0 0.339062 0.881944 0.043750 0.102778
0 0.363281 0.275000 0.055469 0.118056
0 0.380469 0.704167 0.045312 0.106944
0 0.387500 0.412500 0.048438 0.108333
0 0.404687 0.834722 0.056250 0.113889
0 0.416406 0.573611 0.056250 0.075000
0 0.439063 0.704167 0.043750 0.102778
0 0.469531 0.319444 0.066406 0.106944
0 0.469531 0.493056 0.058594 0.116667
0 0.489063 0.684722 0.052344 0.112500
0 0.525000 0.466667 0.040625 0.098611
0 0.541406 0.769444 0.050781 0.109722
0 0.541406 0.626389 0.049219 0.106944
0 0.555469 0.348611 0.043750 0.104167
0 0.595313 0.500000 0.045312 0.104167
0 0.608594 0.708333 0.046094 0.105556
0 0.655469 0.591667 0.059375 0.118056
1 0.163281 0.602778 0.054688 0.115278
1 0.172656 0.777778 0.048438 0.109722
1 0.209375 0.377778 0.050000 0.112500
1 0.249219 0.666667 0.052344 0.112500
1 0.282031 0.284722 0.050781 0.109722
1 0.298438 0.427778 0.046094 0.106944
1 0.322656 0.573611 0.055469 0.115278
1 0.324219 0.745833 0.041406 0.100000
1 0.363281 0.275000 0.055469 0.118056
1 0.380469 0.704167 0.045312 0.106944
1 0.387500 0.412500 0.048438 0.108333
1 0.416406 0.573611 0.056250 0.075000
1 0.439063 0.704167 0.043750 0.102778
1 0.469531 0.319444 0.066406 0.106944
1 0.469531 0.493056 0.058594 0.116667
1 0.489063 0.684722 0.052344 0.112500
1 0.541406 0.769444 0.050781 0.109722
1 0.555469 0.348611 0.043750 0.104167
1 0.595313 0.500000 0.045312 0.104167
1 0.608594 0.708333 0.046094 0.105556
1 0.655469 0.591667 0.059375 0.118056
2 0.219531 0.537500 0.060937 0.084722
2 0.264062 0.802778 0.050000 0.111111
3 0.339062 0.881944 0.043750 0.102778
3 0.404687 0.834722 0.056250 0.113889
3 0.525000 0.466667 0.040625 0.098611
3 0.541406 0.626389 0.049219 0.106944
4 0.163281 0.602778 0.054688 0.115278
4 0.249219 0.666667 0.052344 0.112500
4 0.322656 0.573611 0.055469 0.115278
4 0.380469 0.704167 0.045312 0.106944
4 0.555469 0.348611 0.043750 0.104167
4 0.608594 0.708333 0.046094 0.105556
5 0.324219 0.745833 0.041406 0.100000
5 0.416406 0.573611 0.056250 0.075000
5 0.655469 0.591667 0.059375 0.118056
6 0.387500 0.412500 0.048438 0.108333
6 0.439063 0.704167 0.043750 0.102778
6 0.469531 0.319444 0.066406 0.106944
6 0.541406 0.769444 0.050781 0.109722
7 0.172656 0.777778 0.048438 0.109722
7 0.209375 0.377778 0.050000 0.112500
7 0.282031 0.284722 0.050781 0.109722
7 0.298438 0.427778 0.046094 0.106944
7 0.363281 0.275000 0.055469 0.118056
7 0.469531 0.493056 0.058594 0.116667
7 0.489063 0.684722 0.052344 0.112500
7 0.595313 0.500000 0.045312 0.104167
8 0.163281 0.602778 0.054688 0.115278
8 0.298438 0.427778 0.046094 0.106944
8 0.416406 0.573611 0.056250 0.075000
9 0.469531 0.493056 0.058594 0.116667
10 0.172656 0.777778 0.048438 0.109722
10 0.387500 0.412500 0.048438 0.108333
11 0.324219 0.745833 0.041406 0.100000
12 0.209375 0.377778 0.050000 0.112500
13 0.322656 0.573611 0.055469 0.115278
13 0.439063 0.704167 0.043750 0.102778
14 0.541406 0.769444 0.050781 0.109722
15 0.380469 0.704167 0.045312 0.106944
16 0.489063 0.684722 0.052344 0.112500
17 0.249219 0.666667 0.052344 0.112500
17 0.595313 0.500000 0.045312 0.104167
18 0.282031 0.284722 0.050781 0.109722
18 0.555469 0.348611 0.043750 0.104167
19 0.608594 0.708333 0.046094 0.105556
19 0.655469 0.591667 0.059375 0.118056
20 0.363281 0.275000 0.055469 0.118056
20 0.469531 0.319444 0.066406 0.106944