0 0.219922 0.512500 0.052344 0.113889
0 0.228516 0.287500 0.064844 0.094444
0 0.271875 0.592361 0.046875 0.106944
0 0.337500 0.634722 0.059375 0.119444
0 0.337500 0.146528 0.057813 0.118056
0 0.343750 0.793750 0.043750 0.104167
0 0.371094 0.520833 0.062500 0.116667
0 0.396484 0.672917 0.066406 0.118056
0 0.412500 0.852083 0.065625 0.101389
0 0.434375 0.507639 0.059375 0.084722
0 0.437500 0.737500 0.065625 0.105556
0 0.450391 0.311806 0.053906 0.115278
0 0.470313 0.604167 0.057813 0.116667
0 0.477344 0.084028 0.062500 0.093056
0 0.500391 0.867361 0.064844 0.115278
0 0.507031 0.718056 0.064062 0.113889
0 0.521875 0.348611 0.065625 0.100000
0 0.528125 0.476389 0.056250 0.080556
0 0.548438 0.604167 0.045312 0.105556
0 0.593750 0.216667 0.048438 0.108333
0 0.609375 0.628472 0.065625 0.101389
0 0.647656 0.330556 0.062500 0.097222
0 0.665625 0.665278 0.064062 0.116667
0 0.719141 0.481250 0.046094 0.106944
0 0.761719 0.568750 0.062500 0.101389
0 0.764844 0.767361 0.064062 0.109722
0 0.859375 0.506250 0.043750 0.104167
0 0.950000 0.528472 0.040625 0.098611
1 0.271875 0.592361 0.046875 0.106944
1 0.337500 0.634722 0.059375 0.119444
1 0.337500 0.146528 0.057813 0.118056
1 0.343750 0.793750 0.043750 0.104167
1 0.371094 0.520833 0.062500 0.116667
1 0.396484 0.672917 0.066406 0.118056
1 0.412500 0.852083 0.065625 0.101389
1 0.434375 0.507639 0.059375 0.084722
1 0.437500 0.737500 0.065625 0.105556
1 0.477344 0.084028 0.062500 0.093056
1 0.528125 0.476389 0.056250 0.080556
1 0.593750 0.216667 0.048438 0.108333
1 0.609375 0.628472 0.065625 0.101389
1 0.647656 0.330556 0.062500 0.097222
1 0.665625 0.665278 0.064062 0.116667
1 0.859375 0.506250 0.043750 0.104167
1 0.950000 0.528472 0.040625 0.098611
2 0.450391 0.311806 0.053906 0.115278
2 0.761719 0.568750 0.062500 0.101389
3 0.219922 0.512500 0.052344 0.113889
3 0.228516 0.287500 0.064844 0.094444
3 0.470313 0.604167 0.057813 0.116667
3 0.500391 0.867361 0.064844 0.115278
3 0.507031 0.718056 0.064062 0.113889
3 0.521875 0.348611 0.065625 0.100000
3 0.548438 0.604167 0.045312 0.105556
3 0.719141 0.481250 0.046094 0.106944
3 0.764844 0.767361 0.064062 0.109722
4 0.437500 0.737500 0.065625 0.105556
4 0.528125 0.476389 0.056250 0.080556
4 0.647656 0.330556 0.062500 0.097222
4 0.859375 0.506250 0.043750 0.104167
5 0.337500 0.146528 0.057813 0.118056
5 0.477344 0.084028 0.062500 0.093056
5 0.609375 0.628472 0.065625 0.101389
5 0.665625 0.665278 0.064062 0.116667
5 0.950000 0.528472 0.040625 0.098611
6 0.271875 0.592361 0.046875 0.106944
6 0.337500 0.634722 0.059375 0.119444
6 0.343750 0.793750 0.043750 0.104167
6 0.396484 0.672917 0.066406 0.118056
6 0.412500 0.852083 0.065625 0.101389
7 0.371094 0.520833 0.062500 0.116667
7 0.434375 0.507639 0.059375 0.084722
7 0.593750 0.216667 0.048438 0.108333
8 0.271875 0.592361 0.046875 0.106944
8 0.665625 0.665278 0.064062 0.116667
9 0.477344 0.084028 0.062500 0.093056
10 0.343750 0.793750 0.043750 0.104167
11 0.412500 0.852083 0.065625 0.101389
12 0.950000 0.528472 0.040625 0.098611
13 0.337500 0.146528 0.057813 0.118056
13 0.593750 0.216667 0.048438 0.108333
13 0.647656 0.330556 0.062500 0.097222
15 0.396484 0.672917 0.066406 0.118056
15 0.434375 0.507639 0.059375 0.084722
15 0.609375 0.628472 0.065625 0.101389
16 0.371094 0.520833 0.062500 0.116667
17 0.528125 0.476389 0.056250 0.080556
18 0.337500 0.634722 0.059375 0.119444
19 0.859375 0.506250 0.043750 0.104167
20 0.437500 0.737500 0.065625 0.105556