0 0.296094 0.102083 0.057813 0.115278
0 0.331641 0.312500 0.055469 0.116667
0 0.362109 0.206944 0.047656 0.108333
0 0.466016 0.056250 0.057031 0.081944
0 0.484375 0.465278 0.065625 0.102778
0 0.502734 0.387500 0.066406 0.102778
0 0.521875 0.637500 0.062500 0.094444
0 0.523438 0.045833 0.059375 0.077778
0 0.561719 0.434722 0.067187 0.108333
0 0.563281 0.526389 0.067187 0.105556
0 0.569531 0.739583 0.062500 0.090278
0 0.581250 0.039583 0.056250 0.076389
0 0.587891 0.181250 0.067969 0.106944
0 0.592969 0.647917 0.064062 0.098611
0 0.600781 0.318056 0.067187 0.108333
0 0.627344 0.444444 0.059375 0.116667
0 0.660937 0.597917 0.056250 0.115278
0 0.675000 0.156250 0.070312 0.118056
0 0.685547 0.277778 0.060156 0.077778
0 0.715625 0.472917 0.053125 0.112500
0 0.769531 0.232639 0.068750 0.109722
0 0.767969 0.463889 0.051562 0.111111
0 0.766016 0.606250 0.044531 0.104167
1 0.484375 0.465278 0.065625 0.102778
1 0.502734 0.387500 0.066406 0.102778
1 0.561719 0.434722 0.067187 0.108333
1 0.563281 0.526389 0.067187 0.105556
2 0.466016 0.056250 0.057031 0.081944
2 0.523438 0.045833 0.059375 0.077778
2 0.581250 0.039583 0.056250 0.076389
2 0.587891 0.181250 0.067969 0.106944
2 0.600781 0.318056 0.067187 0.108333
2 0.627344 0.444444 0.059375 0.116667
2 0.675000 0.156250 0.070312 0.118056
2 0.715625 0.472917 0.053125 0.112500
2 0.769531 0.232639 0.068750 0.109722
2 0.767969 0.463889 0.051562 0.111111
2 0.766016 0.606250 0.044531 0.104167
3 0.296094 0.102083 0.057813 0.115278
3 0.331641 0.312500 0.055469 0.116667
3 0.362109 0.206944 0.047656 0.108333
3 0.521875 0.637500 0.062500 0.094444
3 0.569531 0.739583 0.062500 0.090278
3 0.592969 0.647917 0.064062 0.098611
3 0.660937 0.597917 0.056250 0.115278
3 0.685547 0.277778 0.060156 0.077778
5 0.502734 0.387500 0.066406 0.102778
6 0.484375 0.465278 0.065625 0.102778
6 0.561719 0.434722 0.067187 0.108333
7 0.563281 0.526389 0.067187 0.105556
13 0.484375 0.465278 0.065625 0.102778
13 0.502734 0.387500 0.066406 0.102778
15 0.561719 0.434722 0.067187 0.108333
15 0.563281 0.526389 0.067187 0.105556