0 0.367578 0.394444 0.042969 0.102778
0 0.390625 0.227083 0.050000 0.112500
0 0.400781 0.729861 0.048438 0.106944
0 0.409375 0.573611 0.040625 0.102778
0 0.436719 0.447222 0.046875 0.105556
0 0.466016 0.625000 0.053906 0.111111
0 0.474609 0.338889 0.050781 0.111111
0 0.479297 0.165278 0.044531 0.105556
0 0.478516 0.781944 0.041406 0.102778
0 0.504297 0.481944 0.052344 0.113889
0 0.543359 0.625000 0.041406 0.100000
0 0.565625 0.769444 0.056250 0.116667
0 0.571094 0.295139 0.043750 0.106944
0 0.587891 0.447222 0.039844 0.100000
0 0.602344 0.831250 0.048438 0.109722
0 0.625000 0.654861 0.043750 0.101389
0 0.653125 0.357639 0.051562 0.112500
0 0.675391 0.534028 0.042969 0.104167
0 0.687500 0.712500 0.043750 0.102778
0 0.720313 0.418750 0.046875 0.106944
0 0.753516 0.595833 0.047656 0.108333
0 0.750000 0.887500 0.039062 0.097222
0 0.775000 0.732639 0.045312 0.104167
0 0.794531 0.413889 0.043750 0.105556
0 0.804688 0.598611 0.043750 0.105556
1 0.367578 0.394444 0.042969 0.102778
1 0.390625 0.227083 0.050000 0.112500
1 0.400781 0.729861 0.048438 0.106944
1 0.409375 0.573611 0.040625 0.102778
1 0.436719 0.447222 0.046875 0.105556
1 0.466016 0.625000 0.053906 0.111111
1 0.474609 0.338889 0.050781 0.111111
1 0.479297 0.165278 0.044531 0.105556
1 0.478516 0.781944 0.041406 0.102778
1 0.504297 0.481944 0.052344 0.113889
1 0.543359 0.625000 0.041406 0.100000
1 0.565625 0.769444 0.056250 0.116667
1 0.571094 0.295139 0.043750 0.106944
1 0.587891 0.447222 0.039844 0.100000
1 0.602344 0.831250 0.048438 0.109722
1 0.625000 0.654861 0.043750 0.101389
1 0.653125 0.357639 0.051562 0.112500
1 0.675391 0.534028 0.042969 0.104167
1 0.687500 0.712500 0.043750 0.102778
1 0.720313 0.418750 0.046875 0.106944
1 0.753516 0.595833 0.047656 0.108333
1 0.750000 0.887500 0.039062 0.097222
1 0.775000 0.732639 0.045312 0.104167
1 0.794531 0.413889 0.043750 0.105556
2 0.804688 0.598611 0.043750 0.105556
4 0.390625 0.227083 0.050000 0.112500
4 0.400781 0.729861 0.048438 0.106944
4 0.466016 0.625000 0.053906 0.111111
4 0.602344 0.831250 0.048438 0.109722
4 0.750000 0.887500 0.039062 0.097222
5 0.367578 0.394444 0.042969 0.102778
5 0.479297 0.165278 0.044531 0.105556
5 0.478516 0.781944 0.041406 0.102778
5 0.753516 0.595833 0.047656 0.108333
5 0.794531 0.413889 0.043750 0.105556
6 0.436719 0.447222 0.046875 0.105556
6 0.504297 0.481944 0.052344 0.113889
6 0.565625 0.769444 0.056250 0.116667
6 0.625000 0.654861 0.043750 0.101389
6 0.687500 0.712500 0.043750 0.102778
6 0.720313 0.418750 0.046875 0.106944
7 0.409375 0.573611 0.040625 0.102778
7 0.474609 0.338889 0.050781 0.111111
7 0.543359 0.625000 0.041406 0.100000
7 0.571094 0.295139 0.043750 0.106944
7 0.587891 0.447222 0.039844 0.100000
7 0.653125 0.357639 0.051562 0.112500
7 0.675391 0.534028 0.042969 0.104167
7 0.775000 0.732639 0.045312 0.104167
8 0.478516 0.781944 0.041406 0.102778
8 0.675391 0.534028 0.042969 0.104167
9 0.390625 0.227083 0.050000 0.112500
9 0.409375 0.573611 0.040625 0.102778
9 0.625000 0.654861 0.043750 0.101389
10 0.436719 0.447222 0.046875 0.105556
10 0.543359 0.625000 0.041406 0.100000
12 0.466016 0.625000 0.053906 0.111111
12 0.565625 0.769444 0.056250 0.116667
12 0.571094 0.295139 0.043750 0.106944
13 0.400781 0.729861 0.048438 0.106944
13 0.687500 0.712500 0.043750 0.102778
13 0.794531 0.413889 0.043750 0.105556
14 0.587891 0.447222 0.039844 0.100000
14 0.720313 0.418750 0.046875 0.106944
15 0.753516 0.595833 0.047656 0.108333
15 0.775000 0.732639 0.045312 0.104167
17 0.479297 0.165278 0.044531 0.105556
18 0.474609 0.338889 0.050781 0.111111
19 0.653125 0.357639 0.051562 0.112500
19 0.750000 0.887500 0.039062 0.097222
20 0.367578 0.394444 0.042969 0.102778
20 0.504297 0.481944 0.052344 0.113889
20 0.602344 0.831250 0.048438 0.109722