0 0.182812 0.547222 0.068750 0.108333
0 0.208203 0.668056 0.061719 0.119444
0 0.235937 0.839583 0.054688 0.118056
0 0.242969 0.361111 0.042188 0.102778
0 0.265234 0.654167 0.066406 0.119444
0 0.263672 0.515972 0.060156 0.118056
0 0.283984 0.775000 0.053906 0.111111
0 0.324219 0.475000 0.067187 0.108333
0 0.317969 0.613889 0.045312 0.105556
0 0.346484 0.319444 0.061719 0.122222
0 0.347266 0.747222 0.058594 0.119444
0 0.386719 0.521528 0.065625 0.115278
0 0.378125 0.905556 0.040625 0.100000
0 0.401172 0.394444 0.042969 0.105556
0 0.404297 0.738889 0.041406 0.100000
0 0.431250 0.883333 0.043750 0.105556
0 0.446094 0.490972 0.045312 0.104167
0 0.468359 0.625000 0.049219 0.108333
0 0.469922 0.795833 0.046094 0.108333
0 0.489844 0.938889 0.065625 0.116667
0 0.500391 0.445139 0.042969 0.104167
0 0.527734 0.569444 0.063281 0.094444
0 0.528906 0.693056 0.042188 0.102778
0 0.546875 0.820139 0.043750 0.104167
0 0.563281 0.307639 0.059375 0.118056
0 0.576562 0.500000 0.065625 0.108333
0 0.603125 0.635417 0.040625 0.098611
0 0.616016 0.351389 0.060156 0.119444
0 0.612500 0.785417 0.050000 0.109722
0 0.638281 0.464583 0.039062 0.098611
0 0.668750 0.781944 0.048438 0.108333
0 0.678906 0.627778 0.045312 0.102778
0 0.702734 0.493750 0.053906 0.115278
1 0.182812 0.547222 0.068750 0.108333
1 0.208203 0.668056 0.061719 0.119444
1 0.235937 0.839583 0.054688 0.118056
1 0.242969 0.361111 0.042188 0.102778
1 0.265234 0.654167 0.066406 0.119444
1 0.263672 0.515972 0.060156 0.118056
1 0.283984 0.775000 0.053906 0.111111
1 0.324219 0.475000 0.067187 0.108333
1 0.317969 0.613889 0.045312 0.105556
1 0.346484 0.319444 0.061719 0.122222
1 0.347266 0.747222 0.058594 0.119444
1 0.386719 0.521528 0.065625 0.115278
1 0.378125 0.905556 0.040625 0.100000
1 0.401172 0.394444 0.042969 0.105556
1 0.404297 0.738889 0.041406 0.100000
1 0.431250 0.883333 0.043750 0.105556
1 0.468359 0.625000 0.049219 0.108333
1 0.489844 0.938889 0.065625 0.116667
1 0.528906 0.693056 0.042188 0.102778
1 0.563281 0.307639 0.059375 0.118056
1 0.576562 0.500000 0.065625 0.108333
1 0.616016 0.351389 0.060156 0.119444
1 0.638281 0.464583 0.039062 0.098611
1 0.702734 0.493750 0.053906 0.115278
3 0.446094 0.490972 0.045312 0.104167
3 0.469922 0.795833 0.046094 0.108333
3 0.500391 0.445139 0.042969 0.104167
3 0.527734 0.569444 0.063281 0.094444
3 0.546875 0.820139 0.043750 0.104167
3 0.603125 0.635417 0.040625 0.098611
3 0.612500 0.785417 0.050000 0.109722
3 0.668750 0.781944 0.048438 0.108333
3 0.678906 0.627778 0.045312 0.102778
4 0.263672 0.515972 0.060156 0.118056
4 0.346484 0.319444 0.061719 0.122222
4 0.563281 0.307639 0.059375 0.118056
4 0.576562 0.500000 0.065625 0.108333
4 0.616016 0.351389 0.060156 0.119444
5 0.208203 0.668056 0.061719 0.119444
5 0.235937 0.839583 0.054688 0.118056
5 0.317969 0.613889 0.045312 0.105556
5 0.386719 0.521528 0.065625 0.115278
5 0.378125 0.905556 0.040625 0.100000
5 0.401172 0.394444 0.042969 0.105556
5 0.489844 0.938889 0.065625 0.116667
5 0.528906 0.693056 0.042188 0.102778
6 0.242969 0.361111 0.042188 0.102778
6 0.265234 0.654167 0.066406 0.119444
6 0.283984 0.775000 0.053906 0.111111
6 0.347266 0.747222 0.058594 0.119444
6 0.404297 0.738889 0.041406 0.100000
6 0.431250 0.883333 0.043750 0.105556
6 0.638281 0.464583 0.039062 0.098611
6 0.702734 0.493750 0.053906 0.115278
7 0.182812 0.547222 0.068750 0.108333
7 0.324219 0.475000 0.067187 0.108333
7 0.468359 0.625000 0.049219 0.108333
8 0.638281 0.464583 0.039062 0.098611
9 0.242969 0.361111 0.042188 0.102778
9 0.317969 0.613889 0.045312 0.105556
9 0.346484 0.319444 0.061719 0.122222
10 0.263672 0.515972 0.060156 0.118056
10 0.378125 0.905556 0.040625 0.100000
11 0.182812 0.547222 0.068750 0.108333
11 0.283984 0.775000 0.053906 0.111111
11 0.576562 0.500000 0.065625 0.108333
12 0.235937 0.839583 0.054688 0.118056
12 0.431250 0.883333 0.043750 0.105556
12 0.563281 0.307639 0.059375 0.118056
13 0.324219 0.475000 0.067187 0.108333
13 0.489844 0.938889 0.065625 0.116667
14 0.528906 0.693056 0.042188 0.102778
14 0.616016 0.351389 0.060156 0.119444
15 0.386719 0.521528 0.065625 0.115278
15 0.468359 0.625000 0.049219 0.108333
16 0.265234 0.654167 0.066406 0.119444
17 0.208203 0.668056 0.061719 0.119444
17 0.347266 0.747222 0.058594 0.119444
18 0.702734 0.493750 0.053906 0.115278
19 0.404297 0.738889 0.041406 0.100000
20 0.401172 0.394444 0.042969 0.105556