0 0.278906 0.412500 0.064062 0.108333
0 0.334375 0.245833 0.057813 0.116667
0 0.359375 0.518056 0.062500 0.116667
0 0.409375 0.401389 0.051562 0.111111
0 0.416406 0.602083 0.040625 0.101389
0 0.466406 0.504861 0.051562 0.112500
0 0.482031 0.156250 0.056250 0.076389
0 0.483984 0.084028 0.058594 0.073611
0 0.522266 0.281250 0.057031 0.079167
0 0.526563 0.487500 0.053125 0.116667
0 0.532031 0.718750 0.064062 0.120833
0 0.537891 0.104167 0.053906 0.072222
0 0.548438 0.841667 0.065625 0.105556
0 0.602734 0.644444 0.066406 0.102778
0 0.612891 0.337500 0.067969 0.122222
0 0.634375 0.800000 0.056250 0.119444
0 0.639062 0.489583 0.051562 0.112500
0 0.693750 0.700000 0.051562 0.108333
0 0.709375 0.834722 0.067187 0.116667
0 0.718750 0.390278 0.059375 0.077778
0 0.744141 0.604861 0.066406 0.095833
0 0.782031 0.485417 0.059375 0.076389
0 0.802344 0.723611 0.067187 0.100000
1 0.416406 0.602083 0.040625 0.101389
1 0.466406 0.504861 0.051562 0.112500
1 0.482031 0.156250 0.056250 0.076389
1 0.526563 0.487500 0.053125 0.116667
2 0.409375 0.401389 0.051562 0.111111
2 0.522266 0.281250 0.057031 0.079167
2 0.537891 0.104167 0.053906 0.072222
2 0.612891 0.337500 0.067969 0.122222
2 0.639062 0.489583 0.051562 0.112500
2 0.693750 0.700000 0.051562 0.108333
2 0.709375 0.834722 0.067187 0.116667
2 0.718750 0.390278 0.059375 0.077778
2 0.744141 0.604861 0.066406 0.095833
2 0.782031 0.485417 0.059375 0.076389
2 0.802344 0.723611 0.067187 0.100000
3 0.278906 0.412500 0.064062 0.108333
3 0.334375 0.245833 0.057813 0.116667
3 0.359375 0.518056 0.062500 0.116667
3 0.483984 0.084028 0.058594 0.073611
3 0.532031 0.718750 0.064062 0.120833
3 0.548438 0.841667 0.065625 0.105556
3 0.602734 0.644444 0.066406 0.102778
3 0.634375 0.800000 0.056250 0.119444
5 0.416406 0.602083 0.040625 0.101389
6 0.466406 0.504861 0.051562 0.112500
6 0.526563 0.487500 0.053125 0.116667
7 0.482031 0.156250 0.056250 0.076389
13 0.416406 0.602083 0.040625 0.101389
13 0.466406 0.504861 0.051562 0.112500
15 0.482031 0.156250 0.056250 0.076389
15 0.526563 0.487500 0.053125 0.116667