0 0.282031 0.409722 0.062500 0.104167
0 0.342187 0.236111 0.059375 0.115278
0 0.347656 0.381944 0.063281 0.105556
0 0.361719 0.519444 0.063281 0.118056
0 0.414062 0.231944 0.063281 0.104167
0 0.412500 0.402778 0.050781 0.112500
0 0.518750 0.247222 0.061719 0.095833
0 0.537500 0.720833 0.060156 0.120833
0 0.550781 0.843056 0.066406 0.105556
0 0.605469 0.647222 0.067187 0.104167
0 0.616406 0.338889 0.067187 0.119444
0 0.638281 0.802778 0.056250 0.118056
0 0.641406 0.491667 0.050000 0.111111
0 0.696875 0.702778 0.052344 0.112500
0 0.712500 0.837500 0.067187 0.116667
0 0.721094 0.391667 0.060156 0.077778
0 0.747656 0.605556 0.066406 0.098611
0 0.785156 0.487500 0.060156 0.076389
0 0.805469 0.725000 0.067187 0.100000
2 0.414062 0.231944 0.063281 0.104167
2 0.412500 0.402778 0.050781 0.112500
2 0.518750 0.247222 0.061719 0.095833
2 0.616406 0.338889 0.067187 0.119444
2 0.641406 0.491667 0.050000 0.111111
2 0.696875 0.702778 0.052344 0.112500
2 0.712500 0.837500 0.067187 0.116667
2 0.721094 0.391667 0.060156 0.077778
2 0.747656 0.605556 0.066406 0.098611
2 0.785156 0.487500 0.060156 0.076389
2 0.805469 0.725000 0.067187 0.100000
3 0.282031 0.409722 0.062500 0.104167
3 0.342187 0.236111 0.059375 0.115278
3 0.347656 0.381944 0.063281 0.105556
3 0.361719 0.519444 0.063281 0.118056
3 0.537500 0.720833 0.060156 0.120833
3 0.550781 0.843056 0.066406 0.105556
3 0.605469 0.647222 0.067187 0.104167
3 0.638281 0.802778 0.056250 0.118056