0 0.273828 0.785417 0.047656 0.106944
0 0.290234 0.658333 0.061719 0.083333
0 0.323828 0.474306 0.067969 0.118056
0 0.354687 0.766667 0.056250 0.116667
0 0.380859 0.633333 0.061719 0.083333
0 0.409375 0.872917 0.068750 0.112500
0 0.404297 0.736806 0.041406 0.098611
0 0.442578 0.528472 0.042969 0.101389
0 0.466797 0.666667 0.060156 0.083333
0 0.466016 0.775694 0.058594 0.076389
0 0.505078 0.540278 0.049219 0.108333
0 0.522656 0.697917 0.040625 0.098611
1 0.273828 0.785417 0.047656 0.106944
1 0.290234 0.658333 0.061719 0.083333
1 0.323828 0.474306 0.067969 0.118056
1 0.354687 0.766667 0.056250 0.116667
1 0.380859 0.633333 0.061719 0.083333
1 0.409375 0.872917 0.068750 0.112500
1 0.404297 0.736806 0.041406 0.098611
1 0.442578 0.528472 0.042969 0.101389
1 0.466797 0.666667 0.060156 0.083333
1 0.466016 0.775694 0.058594 0.076389
1 0.505078 0.540278 0.049219 0.108333
1 0.522656 0.697917 0.040625 0.098611
4 0.409375 0.872917 0.068750 0.112500
5 0.273828 0.785417 0.047656 0.106944
5 0.290234 0.658333 0.061719 0.083333
5 0.380859 0.633333 0.061719 0.083333
5 0.466797 0.666667 0.060156 0.083333
5 0.505078 0.540278 0.049219 0.108333
5 0.522656 0.697917 0.040625 0.098611
6 0.354687 0.766667 0.056250 0.116667
6 0.404297 0.736806 0.041406 0.098611
6 0.442578 0.528472 0.042969 0.101389
7 0.323828 0.474306 0.067969 0.118056
7 0.466016 0.775694 0.058594 0.076389
9 0.273828 0.785417 0.047656 0.106944
10 0.409375 0.872917 0.068750 0.112500
10 0.505078 0.540278 0.049219 0.108333
11 0.380859 0.633333 0.061719 0.083333
11 0.466016 0.775694 0.058594 0.076389
12 0.466797 0.666667 0.060156 0.083333
13 0.322266 0.471528 0.067969 0.118056
13 0.522656 0.697917 0.040625 0.098611
17 0.354687 0.766667 0.056250 0.116667
19 0.290234 0.658333 0.061719 0.083333
19 0.404297 0.736806 0.041406 0.098611
20 0.442578 0.528472 0.042969 0.101389