0 0.166016 0.868750 0.060156 0.120833
0 0.187500 0.643750 0.059375 0.120833
0 0.205859 0.837500 0.060156 0.122222
0 0.232813 0.619444 0.054688 0.116667
0 0.244922 0.800000 0.061719 0.122222
0 0.283203 0.607639 0.052344 0.115278
0 0.289844 0.765972 0.059375 0.120833
0 0.322656 0.473611 0.067187 0.122222
0 0.328125 0.247222 0.046875 0.108333
0 0.353516 0.634722 0.061719 0.122222
0 0.379688 0.487500 0.068750 0.119444
0 0.374219 0.243750 0.043750 0.104167
0 0.396875 0.670139 0.060937 0.120833
0 0.418750 0.243056 0.040625 0.100000
0 0.439844 0.918056 0.054688 0.116667
0 0.450781 0.503472 0.068750 0.112500
0 0.480469 0.887500 0.053125 0.116667
0 0.528516 0.868056 0.050781 0.113889
0 0.565234 0.263889 0.069531 0.119444
0 0.569531 0.650000 0.059375 0.116667
0 0.574609 0.851389 0.053906 0.113889
0 0.605078 0.306250 0.069531 0.120833
0 0.608984 0.695139 0.058594 0.115278
0 0.640625 0.353472 0.068750 0.120833
0 0.650000 0.745833 0.062500 0.116667
0 0.663672 0.423611 0.069531 0.119444
0 0.686328 0.795139 0.060156 0.115278
0 0.692969 0.487500 0.068750 0.122222
0 0.719141 0.848611 0.063281 0.116667
1 0.322656 0.473611 0.067187 0.122222
1 0.328125 0.247222 0.046875 0.108333
1 0.353516 0.634722 0.061719 0.122222
1 0.379688 0.487500 0.068750 0.119444
1 0.374219 0.243750 0.043750 0.104167
1 0.396875 0.670139 0.060937 0.120833
1 0.418750 0.243056 0.040625 0.100000
1 0.450781 0.503472 0.068750 0.112500
1 0.565234 0.263889 0.069531 0.119444
1 0.605078 0.306250 0.069531 0.120833
1 0.640625 0.353472 0.068750 0.120833
1 0.663672 0.423611 0.069531 0.119444
1 0.692969 0.487500 0.068750 0.122222
2 0.187500 0.643750 0.059375 0.120833
2 0.232813 0.619444 0.054688 0.116667
2 0.283203 0.607639 0.052344 0.115278
2 0.569531 0.650000 0.059375 0.116667
2 0.608984 0.695139 0.058594 0.115278
2 0.650000 0.745833 0.062500 0.116667
2 0.686328 0.795139 0.060156 0.115278
2 0.719141 0.848611 0.063281 0.116667
3 0.166016 0.868750 0.060156 0.120833
3 0.205859 0.837500 0.060156 0.122222
3 0.244922 0.800000 0.061719 0.122222
3 0.289844 0.765972 0.059375 0.120833
3 0.439844 0.918056 0.054688 0.116667
3 0.480469 0.887500 0.053125 0.116667
3 0.528516 0.868056 0.050781 0.113889
3 0.574609 0.851389 0.053906 0.113889
7 0.322656 0.473611 0.067187 0.122222
7 0.328125 0.247222 0.046875 0.108333
7 0.353516 0.634722 0.061719 0.122222
7 0.379688 0.487500 0.068750 0.119444
7 0.374219 0.243750 0.043750 0.104167
7 0.396875 0.670139 0.060937 0.120833
7 0.418750 0.243056 0.040625 0.100000
7 0.450781 0.503472 0.068750 0.112500
7 0.565234 0.263889 0.069531 0.119444
7 0.605078 0.306250 0.069531 0.120833
7 0.640625 0.353472 0.068750 0.120833
7 0.663672 0.423611 0.069531 0.119444
7 0.692969 0.487500 0.068750 0.122222
8 0.353516 0.634722 0.061719 0.122222
9 0.396875 0.670139 0.060937 0.120833
10 0.328125 0.247222 0.046875 0.108333
11 0.374219 0.243750 0.043750 0.104167
12 0.418750 0.243056 0.040625 0.100000
13 0.322656 0.473611 0.067187 0.122222
14 0.379688 0.487500 0.068750 0.119444
15 0.450781 0.503472 0.068750 0.112500
16 0.565234 0.263889 0.069531 0.119444
17 0.605078 0.306250 0.069531 0.120833
18 0.640625 0.353472 0.068750 0.120833
19 0.663672 0.423611 0.069531 0.119444
20 0.692969 0.487500 0.068750 0.122222