0 0.276562 0.296528 0.053125 0.112500
0 0.296094 0.177778 0.053125 0.113889
0 0.326172 0.312500 0.053906 0.116667
0 0.350391 0.218750 0.055469 0.115278
0 0.423438 0.456944 0.067187 0.113889
0 0.450781 0.509722 0.065625 0.113889
0 0.460938 0.054167 0.056250 0.080556
0 0.494531 0.326389 0.067187 0.108333
0 0.514844 0.390972 0.067187 0.109722
0 0.518359 0.687500 0.064844 0.097222
0 0.518750 0.042361 0.056250 0.076389
0 0.574219 0.723611 0.064062 0.097222
0 0.576172 0.040278 0.057031 0.077778
0 0.582812 0.181250 0.067187 0.106944
0 0.587891 0.652778 0.064844 0.097222
0 0.644141 0.681250 0.066406 0.098611
0 0.650000 0.333333 0.062500 0.091667
0 0.671094 0.248611 0.064062 0.088889
0 0.683594 0.488889 0.050000 0.108333
0 0.726172 0.473611 0.050781 0.105556
0 0.741406 0.572917 0.051562 0.109722
0 0.769141 0.456250 0.052344 0.109722
0 0.815234 0.440972 0.053906 0.109722
1 0.423438 0.456944 0.067187 0.113889
1 0.450781 0.509722 0.065625 0.113889
1 0.494531 0.326389 0.067187 0.108333
1 0.514844 0.390972 0.067187 0.109722
2 0.460938 0.054167 0.056250 0.080556
2 0.518750 0.042361 0.056250 0.076389
2 0.576172 0.040278 0.057031 0.077778
2 0.582812 0.181250 0.067187 0.106944
2 0.650000 0.333333 0.062500 0.091667
2 0.671094 0.248611 0.064062 0.088889
2 0.683594 0.488889 0.050000 0.108333
2 0.726172 0.473611 0.050781 0.105556
2 0.741406 0.572917 0.051562 0.109722
2 0.769141 0.456250 0.052344 0.109722
2 0.815234 0.440972 0.053906 0.109722
3 0.276562 0.296528 0.053125 0.112500
3 0.296094 0.177778 0.053125 0.113889
3 0.326172 0.312500 0.053906 0.116667
3 0.350391 0.218750 0.055469 0.115278
3 0.518359 0.687500 0.064844 0.097222
3 0.574219 0.723611 0.064062 0.097222
3 0.587891 0.652778 0.064844 0.097222
3 0.644141 0.681250 0.066406 0.098611
5 0.494531 0.326389 0.067187 0.108333
6 0.423438 0.456944 0.067187 0.113889
6 0.514844 0.390972 0.067187 0.109722
7 0.450781 0.509722 0.065625 0.113889
13 0.423438 0.456944 0.067187 0.113889
13 0.494531 0.326389 0.067187 0.108333
15 0.450781 0.509722 0.065625 0.113889
15 0.514844 0.390972 0.067187 0.109722