0 0.220312 0.510417 0.053125 0.112500
0 0.228516 0.286111 0.064844 0.094444
0 0.230859 0.762500 0.042969 0.102778
0 0.271875 0.592361 0.046875 0.106944
0 0.289062 0.906944 0.067187 0.100000
0 0.337500 0.634722 0.059375 0.119444
0 0.337500 0.145833 0.057813 0.119444
0 0.343750 0.793750 0.043750 0.104167
0 0.371094 0.519444 0.062500 0.116667
0 0.395703 0.671528 0.064844 0.118056
0 0.412500 0.852083 0.064062 0.101389
0 0.434375 0.508333 0.059375 0.083333
0 0.437109 0.737500 0.064844 0.105556
0 0.467187 0.221528 0.059375 0.084722
0 0.470313 0.603472 0.057813 0.115278
0 0.477734 0.084028 0.061719 0.093056
0 0.500781 0.867361 0.065625 0.115278
0 0.506250 0.717361 0.064062 0.115278
0 0.528125 0.476389 0.057813 0.080556
0 0.547266 0.604167 0.046094 0.105556
0 0.609375 0.629167 0.064062 0.102778
0 0.646875 0.331944 0.064062 0.102778
0 0.665234 0.665972 0.063281 0.118056
0 0.685547 0.254167 0.063281 0.105556
0 0.705859 0.846528 0.058594 0.115278
0 0.714453 0.318750 0.064844 0.101389
0 0.719141 0.481250 0.046094 0.106944
0 0.761328 0.569444 0.063281 0.100000
0 0.763672 0.767361 0.063281 0.109722
0 0.859375 0.506250 0.043750 0.104167
0 0.950391 0.529861 0.039844 0.098611
0 0.959375 0.831250 0.056250 0.112500
1 0.271875 0.592361 0.046875 0.106944
1 0.289062 0.906944 0.067187 0.100000
1 0.337500 0.634722 0.059375 0.119444
1 0.337500 0.145833 0.057813 0.119444
1 0.343750 0.793750 0.043750 0.104167
1 0.371094 0.519444 0.062500 0.116667
1 0.395703 0.671528 0.064844 0.118056
1 0.412500 0.852083 0.064062 0.101389
1 0.434375 0.508333 0.059375 0.083333
1 0.437109 0.737500 0.064844 0.105556
1 0.477734 0.084028 0.061719 0.093056
1 0.528125 0.476389 0.057813 0.080556
1 0.609375 0.629167 0.064062 0.102778
1 0.646875 0.331944 0.064062 0.102778
1 0.665234 0.665972 0.063281 0.118056
1 0.685547 0.254167 0.063281 0.105556
1 0.705859 0.846528 0.058594 0.115278
1 0.859375 0.506250 0.043750 0.104167
1 0.950391 0.529861 0.039844 0.098611
2 0.761328 0.569444 0.063281 0.100000
3 0.220312 0.510417 0.053125 0.112500
3 0.228516 0.286111 0.064844 0.094444
3 0.230859 0.762500 0.042969 0.102778
3 0.467187 0.221528 0.059375 0.084722
3 0.470313 0.603472 0.057813 0.115278
3 0.500781 0.867361 0.065625 0.115278
3 0.506250 0.717361 0.064062 0.115278
3 0.547266 0.604167 0.046094 0.105556
3 0.714453 0.318750 0.064844 0.101389
3 0.719141 0.481250 0.046094 0.106944
3 0.763672 0.767361 0.063281 0.109722
3 0.959375 0.831250 0.056250 0.112500
4 0.437109 0.737500 0.064844 0.105556
4 0.528125 0.476389 0.057813 0.080556
4 0.646875 0.331944 0.064062 0.102778
4 0.705859 0.846528 0.058594 0.115278
4 0.859375 0.506250 0.043750 0.104167
5 0.337500 0.145833 0.057813 0.119444
5 0.477734 0.084028 0.061719 0.093056
5 0.609375 0.629167 0.064062 0.102778
5 0.665234 0.665972 0.063281 0.118056
5 0.950391 0.529861 0.039844 0.098611
6 0.271875 0.592361 0.046875 0.106944
6 0.289062 0.906944 0.067187 0.100000
6 0.337500 0.634722 0.059375 0.119444
6 0.343750 0.793750 0.043750 0.104167
6 0.395703 0.671528 0.064844 0.118056
6 0.412500 0.852083 0.064062 0.101389
7 0.371094 0.519444 0.062500 0.116667
7 0.434375 0.508333 0.059375 0.083333
7 0.685547 0.254167 0.063281 0.105556
8 0.271875 0.592361 0.046875 0.106944
8 0.665234 0.665972 0.063281 0.118056
9 0.289062 0.906944 0.067187 0.100000
9 0.477734 0.084028 0.061719 0.093056
10 0.343750 0.793750 0.043750 0.104167
11 0.412500 0.852083 0.064062 0.101389
12 0.950391 0.529861 0.039844 0.098611
13 0.337500 0.145833 0.057813 0.119444
13 0.646875 0.331944 0.064062 0.102778
15 0.395703 0.671528 0.064844 0.118056
15 0.434375 0.508333 0.059375 0.083333
15 0.609375 0.629167 0.064062 0.102778
16 0.371094 0.519444 0.062500 0.116667
17 0.528125 0.476389 0.057813 0.080556
18 0.337500 0.634722 0.059375 0.119444
18 0.685547 0.254167 0.063281 0.105556
18 0.705859 0.846528 0.058594 0.115278
19 0.859375 0.506250 0.043750 0.104167
20 0.437109 0.737500 0.064844 0.105556