0 0.157031 0.638889 0.057813 0.119444
0 0.199609 0.751389 0.072656 0.113889
0 0.202344 0.555556 0.065625 0.125000
0 0.233594 0.136111 0.048438 0.108333
0 0.246875 0.478472 0.071875 0.123611
0 0.278125 0.709722 0.065625 0.097222
0 0.283594 0.134028 0.045312 0.109722
0 0.341406 0.748611 0.064062 0.122222
0 0.336719 0.143056 0.046875 0.108333
0 0.354297 0.475000 0.067969 0.108333
0 0.380469 0.606944 0.065625 0.097222
0 0.385156 0.145139 0.046875 0.109722
0 0.429688 0.759722 0.059375 0.077778
0 0.434375 0.434028 0.056250 0.079167
0 0.494531 0.627778 0.059375 0.086111
0 0.507812 0.742361 0.067187 0.104167
0 0.510938 0.463889 0.067187 0.105556
0 0.568750 0.777083 0.068750 0.112500
0 0.568750 0.612500 0.054688 0.075000
0 0.596094 0.491667 0.056250 0.077778
0 0.634766 0.618750 0.057031 0.081944
0 0.646875 0.771528 0.067187 0.112500
0 0.672656 0.495833 0.064062 0.100000
1 0.233594 0.136111 0.048438 0.108333
1 0.283594 0.134028 0.045312 0.109722
1 0.336719 0.143056 0.046875 0.108333
1 0.385156 0.145139 0.046875 0.109722
2 0.157031 0.638889 0.057813 0.119444
2 0.199609 0.751389 0.072656 0.113889
2 0.202344 0.555556 0.065625 0.125000
2 0.246875 0.478472 0.071875 0.123611
2 0.278125 0.709722 0.065625 0.097222
2 0.341406 0.748611 0.064062 0.122222
2 0.494531 0.627778 0.059375 0.086111
2 0.568750 0.612500 0.054688 0.075000
2 0.596094 0.491667 0.056250 0.077778
2 0.634766 0.618750 0.057031 0.081944
2 0.672656 0.495833 0.064062 0.100000
3 0.354297 0.475000 0.067969 0.108333
3 0.380469 0.606944 0.065625 0.097222
3 0.429688 0.759722 0.059375 0.077778
3 0.434375 0.434028 0.056250 0.079167
3 0.507812 0.742361 0.067187 0.104167
3 0.510938 0.463889 0.067187 0.105556
3 0.568750 0.777083 0.068750 0.112500
3 0.646875 0.771528 0.067187 0.112500
4 0.233594 0.136111 0.048438 0.108333
5 0.283594 0.134028 0.045312 0.109722
6 0.336719 0.143056 0.046875 0.108333
7 0.385156 0.145139 0.046875 0.109722
14 0.233594 0.136111 0.048438 0.108333
14 0.283594 0.134028 0.045312 0.109722
14 0.336719 0.143056 0.046875 0.108333
14 0.385156 0.145139 0.046875 0.109722