0 0.587500 0.386111 0.065625 0.111111
0 0.585938 0.829167 0.040625 0.100000
0 0.612891 0.519444 0.066406 0.113889
0 0.657422 0.795833 0.047656 0.108333
0 0.671875 0.420139 0.065625 0.115278
0 0.678125 0.599306 0.043750 0.104167
1 0.585938 0.829167 0.040625 0.100000
1 0.612891 0.519444 0.066406 0.113889
1 0.657422 0.795833 0.047656 0.108333
1 0.671875 0.420139 0.065625 0.115278
1 0.678125 0.599306 0.043750 0.104167
3 0.587500 0.386111 0.065625 0.111111
4 0.612891 0.519444 0.066406 0.113889
5 0.585938 0.829167 0.040625 0.100000
5 0.671875 0.420139 0.065625 0.115278
6 0.657422 0.795833 0.047656 0.108333
7 0.678125 0.599306 0.043750 0.104167
8 0.657422 0.795833 0.047656 0.108333
8 0.671875 0.420139 0.065625 0.115278
18 0.612891 0.519444 0.066406 0.113889
19 0.585938 0.829167 0.040625 0.100000
19 0.678125 0.599306 0.043750 0.104167