0 0.249609 0.659028 0.061719 0.084722
0 0.241406 0.171528 0.043750 0.104167
0 0.248828 0.526389 0.058594 0.077778
0 0.296875 0.748611 0.059375 0.080556
0 0.291406 0.173611 0.045312 0.105556
0 0.309375 0.420139 0.059375 0.079167
0 0.328516 0.537500 0.060156 0.080556
0 0.328906 0.647222 0.057813 0.075000
0 0.340625 0.175000 0.043750 0.105556
0 0.365625 0.752083 0.059375 0.076389
0 0.391797 0.180556 0.047656 0.113889
0 0.403125 0.652083 0.057813 0.076389
0 0.404687 0.536111 0.059375 0.080556
0 0.497266 0.750000 0.061719 0.116667
0 0.502344 0.607639 0.045312 0.101389
0 0.556250 0.804861 0.067187 0.123611
0 0.558594 0.577778 0.042188 0.100000
0 0.618359 0.645833 0.063281 0.100000
0 0.621875 0.536111 0.068750 0.119444
0 0.633594 0.786111 0.068750 0.119444
0 0.696484 0.521528 0.067969 0.109722
0 0.690625 0.662500 0.056250 0.080556
0 0.706250 0.778472 0.068750 0.118056
1 0.241406 0.171528 0.043750 0.104167
1 0.291406 0.173611 0.045312 0.105556
1 0.340625 0.175000 0.043750 0.105556
1 0.391797 0.180556 0.047656 0.113889
2 0.404687 0.536111 0.059375 0.080556
2 0.497266 0.750000 0.061719 0.116667
2 0.502344 0.607639 0.045312 0.101389
2 0.556250 0.804861 0.067187 0.123611
2 0.558594 0.577778 0.042188 0.100000
2 0.618359 0.645833 0.063281 0.100000
2 0.621875 0.536111 0.068750 0.119444
2 0.633594 0.786111 0.068750 0.119444
2 0.696484 0.521528 0.067969 0.109722
2 0.690625 0.662500 0.056250 0.080556
2 0.706250 0.778472 0.068750 0.118056
3 0.249609 0.659028 0.061719 0.084722
3 0.248828 0.526389 0.058594 0.077778
3 0.296875 0.748611 0.059375 0.080556
3 0.309375 0.420139 0.059375 0.079167
3 0.328516 0.537500 0.060156 0.080556
3 0.328906 0.647222 0.057813 0.075000
3 0.365625 0.752083 0.059375 0.076389
3 0.403125 0.652083 0.057813 0.076389
4 0.291406 0.173611 0.045312 0.105556
5 0.340625 0.175000 0.043750 0.105556
6 0.391797 0.180556 0.047656 0.113889
7 0.241406 0.171528 0.043750 0.104167
20 0.241406 0.171528 0.043750 0.104167
20 0.291406 0.173611 0.045312 0.105556
20 0.340625 0.175000 0.043750 0.105556
20 0.391797 0.180556 0.047656 0.113889