0 0.125781 0.141667 0.063281 0.123611
0 0.205469 0.401389 0.067187 0.115278
0 0.230469 0.501389 0.061719 0.119444
0 0.239844 0.265278 0.058594 0.120833
0 0.262500 0.118056 0.066406 0.104167
0 0.281250 0.538889 0.064062 0.119444
0 0.307812 0.240278 0.048438 0.113889
0 0.356250 0.511111 0.067187 0.113889
0 0.364063 0.379167 0.064844 0.098611
0 0.368750 0.233333 0.060937 0.122222
0 0.400000 0.572222 0.067187 0.109722
0 0.420312 0.163889 0.066406 0.123611
0 0.435156 0.695833 0.057813 0.076389
0 0.438281 0.373611 0.061719 0.090278
0 0.490625 0.559722 0.051562 0.112500
0 0.500781 0.201389 0.044531 0.105556
0 0.516406 0.463889 0.067969 0.116667
0 0.539844 0.359722 0.063281 0.116667
0 0.567187 0.662500 0.062500 0.113889
0 0.581250 0.506944 0.051562 0.109722
0 0.665625 0.580556 0.064844 0.115278
1 0.262500 0.118056 0.066406 0.104167
1 0.307812 0.240278 0.048438 0.113889
1 0.368750 0.233333 0.060937 0.122222
1 0.420312 0.163889 0.066406 0.123611
2 0.125781 0.141667 0.063281 0.123611
2 0.239844 0.265278 0.058594 0.120833
2 0.364063 0.379167 0.064844 0.098611
2 0.438281 0.373611 0.061719 0.090278
2 0.490625 0.559722 0.051562 0.112500
2 0.500781 0.201389 0.044531 0.105556
2 0.516406 0.463889 0.067969 0.116667
2 0.539844 0.359722 0.063281 0.116667
2 0.567187 0.662500 0.062500 0.113889
2 0.581250 0.506944 0.051562 0.109722
2 0.665625 0.580556 0.064844 0.115278
3 0.205469 0.401389 0.067187 0.115278
3 0.230469 0.501389 0.061719 0.119444
3 0.281250 0.538889 0.064062 0.119444
3 0.356250 0.511111 0.067187 0.113889
3 0.400000 0.572222 0.067187 0.109722
3 0.435156 0.695833 0.057813 0.076389
5 0.420312 0.163889 0.066406 0.123611
7 0.262500 0.118056 0.066406 0.104167
7 0.307812 0.240278 0.048438 0.113889
7 0.368750 0.233333 0.060937 0.122222
8 0.262500 0.118056 0.066406 0.104167
10 0.307812 0.240278 0.048438 0.113889
17 0.368750 0.233333 0.060937 0.122222
17 0.420312 0.163889 0.066406 0.123611