0 0.240625 0.331250 0.054688 0.073611
0 0.308984 0.334722 0.052344 0.108333
0 0.373437 0.413889 0.045312 0.105556
0 0.444141 0.795139 0.064844 0.120833
0 0.450391 0.194444 0.052344 0.108333
0 0.505859 0.654167 0.060156 0.083333
0 0.540234 0.741667 0.060156 0.119444
0 0.550391 0.896528 0.066406 0.104167
1 0.373437 0.413889 0.045312 0.105556
1 0.444141 0.795139 0.064844 0.120833
1 0.550391 0.896528 0.066406 0.104167
2 0.240625 0.331250 0.054688 0.073611
2 0.308984 0.334722 0.052344 0.108333
2 0.450391 0.194444 0.052344 0.108333
3 0.505859 0.654167 0.060156 0.083333
3 0.540234 0.741667 0.060156 0.119444
4 0.373437 0.413889 0.045312 0.105556
5 0.444141 0.795139 0.064844 0.120833
7 0.550391 0.896528 0.066406 0.104167
12 0.373437 0.413889 0.045312 0.105556
13 0.444141 0.795139 0.064844 0.120833
14 0.550391 0.896528 0.066406 0.104167