0 0.286719 0.515278 0.057813 0.077778
0 0.310156 0.412500 0.060937 0.116667
0 0.303125 0.704167 0.043750 0.102778
0 0.358594 0.588889 0.064062 0.095833
0 0.397656 0.431944 0.067969 0.118056
0 0.400000 0.298611 0.068750 0.119444
0 0.422656 0.702778 0.064062 0.111111
0 0.455469 0.561111 0.057813 0.112500
0 0.469531 0.236111 0.067187 0.119444
0 0.527344 0.444444 0.064844 0.119444
0 0.545312 0.601389 0.064844 0.113889
0 0.558594 0.284722 0.067187 0.122222
0 0.606250 0.376389 0.064062 0.120833
0 0.602344 0.191667 0.047656 0.109722
0 0.614844 0.522222 0.043750 0.100000
1 0.606250 0.376389 0.064062 0.120833
2 0.310156 0.412500 0.060937 0.116667
2 0.303125 0.704167 0.043750 0.102778
2 0.397656 0.431944 0.067969 0.118056
2 0.400000 0.298611 0.068750 0.119444
2 0.422656 0.702778 0.064062 0.111111
2 0.455469 0.561111 0.057813 0.112500
2 0.527344 0.444444 0.064844 0.119444
2 0.545312 0.601389 0.064844 0.113889
2 0.558594 0.284722 0.067187 0.122222
2 0.602344 0.191667 0.047656 0.109722
2 0.614844 0.522222 0.043750 0.100000
3 0.286719 0.515278 0.057813 0.077778
3 0.358594 0.588889 0.064062 0.095833
3 0.469531 0.236111 0.067187 0.119444
7 0.606250 0.376389 0.064062 0.120833
18 0.606250 0.376389 0.064062 0.120833