0 0.146875 0.690972 0.071875 0.126389
0 0.166797 0.883333 0.066406 0.125000
0 0.191016 0.629167 0.067969 0.125000
0 0.212891 0.815278 0.055469 0.119444
0 0.251953 0.600000 0.053906 0.116667
0 0.257031 0.364583 0.051562 0.112500
0 0.268750 0.804861 0.050000 0.112500
0 0.319141 0.631250 0.069531 0.115278
0 0.327734 0.946528 0.044531 0.106944
0 0.353125 0.725000 0.068750 0.125000
0 0.384766 0.509028 0.066406 0.123611
0 0.392188 0.786111 0.067187 0.125000
0 0.382812 0.282639 0.042188 0.101389
0 0.429688 0.554861 0.057813 0.118056
0 0.448437 0.798611 0.057813 0.119444
0 0.446875 0.393750 0.046875 0.106944
0 0.482812 0.570833 0.043750 0.105556
0 0.498437 0.922917 0.053125 0.115278
0 0.503906 0.788889 0.056250 0.119444
0 0.525391 0.662500 0.044531 0.100000
0 0.548828 0.881250 0.061719 0.123611
0 0.583984 0.684722 0.052344 0.111111
0 0.628516 0.456944 0.067969 0.116667
0 0.637109 0.727778 0.060156 0.116667
0 0.656250 0.520833 0.067187 0.122222
0 0.665234 0.794444 0.063281 0.116667
0 0.687500 0.893056 0.059375 0.086111
1 0.257031 0.364583 0.051562 0.112500
1 0.319141 0.631250 0.069531 0.115278
1 0.353125 0.725000 0.068750 0.125000
1 0.384766 0.509028 0.066406 0.123611
1 0.392188 0.786111 0.067187 0.125000
1 0.382812 0.282639 0.042188 0.101389
1 0.429688 0.554861 0.057813 0.118056
1 0.448437 0.798611 0.057813 0.119444
1 0.446875 0.393750 0.046875 0.106944
1 0.482812 0.570833 0.043750 0.105556
1 0.503906 0.788889 0.056250 0.119444
1 0.628516 0.456944 0.067969 0.116667
1 0.656250 0.520833 0.067187 0.122222
2 0.146875 0.690972 0.071875 0.126389
2 0.191016 0.629167 0.067969 0.125000
2 0.251953 0.600000 0.053906 0.116667
2 0.327734 0.946528 0.044531 0.106944
2 0.525391 0.662500 0.044531 0.100000
2 0.583984 0.684722 0.052344 0.111111
2 0.637109 0.727778 0.060156 0.116667
2 0.665234 0.794444 0.063281 0.116667
2 0.687500 0.893056 0.059375 0.086111
3 0.166797 0.883333 0.066406 0.125000
3 0.212891 0.815278 0.055469 0.119444
3 0.268750 0.804861 0.050000 0.112500
3 0.498437 0.922917 0.053125 0.115278
3 0.548828 0.881250 0.061719 0.123611
7 0.257031 0.364583 0.051562 0.112500
7 0.319141 0.631250 0.069531 0.115278
7 0.353125 0.725000 0.068750 0.125000
7 0.384766 0.509028 0.066406 0.123611
7 0.392188 0.786111 0.067187 0.125000
7 0.382812 0.282639 0.042188 0.101389
7 0.429688 0.554861 0.057813 0.118056
7 0.448437 0.798611 0.057813 0.119444
7 0.446875 0.393750 0.046875 0.106944
7 0.482812 0.570833 0.043750 0.105556
7 0.503906 0.788889 0.056250 0.119444
7 0.628516 0.456944 0.067969 0.116667
7 0.656250 0.520833 0.067187 0.122222
8 0.319141 0.631250 0.069531 0.115278
9 0.353125 0.725000 0.068750 0.125000
10 0.392188 0.786111 0.067187 0.125000
11 0.448437 0.798611 0.057813 0.119444
12 0.503906 0.788889 0.056250 0.119444
13 0.384766 0.509028 0.066406 0.123611
14 0.429688 0.554861 0.057813 0.118056
15 0.482812 0.570833 0.043750 0.105556
16 0.257031 0.364583 0.051562 0.112500
17 0.382812 0.282639 0.042188 0.101389
18 0.446875 0.393750 0.046875 0.106944
19 0.628516 0.456944 0.067969 0.116667
20 0.656250 0.520833 0.067187 0.122222