0 0.049609 0.364583 0.061719 0.123611
0 0.075391 0.770139 0.071094 0.104167
0 0.105859 0.528472 0.063281 0.123611
0 0.111719 0.306944 0.068750 0.127778
0 0.118750 0.675000 0.065625 0.088889
0 0.150781 0.181250 0.067187 0.123611
0 0.158984 0.425000 0.055469 0.116667
0 0.192969 0.070833 0.067187 0.122222
0 0.203125 0.340278 0.064062 0.125000
0 0.211719 0.504167 0.064062 0.119444
0 0.215625 0.654861 0.053125 0.109722
0 0.232031 0.218056 0.068750 0.125000
0 0.265234 0.718750 0.064844 0.104167
0 0.262109 0.393056 0.050781 0.113889
0 0.284375 0.129167 0.059375 0.122222
0 0.290625 0.536111 0.068750 0.116667
0 0.314453 0.287500 0.067969 0.122222
0 0.321484 0.437500 0.066406 0.102778
0 0.336719 0.706944 0.065625 0.116667
0 0.350781 0.581250 0.065625 0.120833
0 0.353516 0.141667 0.058594 0.119444
0 0.381641 0.271528 0.066406 0.112500
0 0.413281 0.473611 0.057813 0.119444
0 0.415234 0.129861 0.058594 0.120833
0 0.410938 0.647222 0.050000 0.111111
0 0.453125 0.228472 0.065625 0.104167
0 0.461719 0.340278 0.060937 0.086111
0 0.484375 0.476389 0.067187 0.113889
1 0.049609 0.364583 0.061719 0.123611
1 0.111719 0.306944 0.068750 0.127778
1 0.150781 0.181250 0.067187 0.123611
1 0.192969 0.070833 0.067187 0.122222
1 0.232031 0.218056 0.068750 0.125000
1 0.262109 0.393056 0.050781 0.113889
1 0.284375 0.129167 0.059375 0.122222
1 0.314453 0.287500 0.067969 0.122222
1 0.353516 0.141667 0.058594 0.119444
1 0.415234 0.129861 0.058594 0.120833
1 0.453125 0.228472 0.065625 0.104167
1 0.461719 0.340278 0.060937 0.086111
1 0.484375 0.476389 0.067187 0.113889
2 0.105859 0.528472 0.063281 0.123611
2 0.211719 0.504167 0.064062 0.119444
2 0.215625 0.654861 0.053125 0.109722
2 0.265234 0.718750 0.064844 0.104167
2 0.290625 0.536111 0.068750 0.116667
2 0.321484 0.437500 0.066406 0.102778
2 0.336719 0.706944 0.065625 0.116667
2 0.350781 0.581250 0.065625 0.120833
2 0.381641 0.271528 0.066406 0.112500
2 0.413281 0.473611 0.057813 0.119444
2 0.410938 0.647222 0.050000 0.111111
3 0.075391 0.770139 0.071094 0.104167
3 0.118750 0.675000 0.065625 0.088889
3 0.158984 0.425000 0.055469 0.116667
3 0.203125 0.340278 0.064062 0.125000
4 0.232031 0.218056 0.068750 0.125000
4 0.415234 0.129861 0.058594 0.120833
5 0.111719 0.306944 0.068750 0.127778
5 0.453125 0.228472 0.065625 0.104167
5 0.484375 0.476389 0.067187 0.113889
6 0.192969 0.070833 0.067187 0.122222
6 0.262109 0.393056 0.050781 0.113889
6 0.284375 0.129167 0.059375 0.122222
6 0.461719 0.340278 0.060937 0.086111
7 0.049609 0.364583 0.061719 0.123611
7 0.150781 0.181250 0.067187 0.123611
7 0.314453 0.287500 0.067969 0.122222
7 0.353516 0.141667 0.058594 0.119444
8 0.314453 0.287500 0.067969 0.122222
9 0.150781 0.181250 0.067187 0.123611
9 0.453125 0.228472 0.065625 0.104167
12 0.049609 0.364583 0.061719 0.123611
12 0.461719 0.340278 0.060937 0.086111
14 0.262109 0.393056 0.050781 0.113889
15 0.232031 0.218056 0.068750 0.125000
15 0.353516 0.141667 0.058594 0.119444
16 0.284375 0.129167 0.059375 0.122222
18 0.415234 0.129861 0.058594 0.120833
18 0.484375 0.476389 0.067187 0.113889
19 0.111719 0.306944 0.068750 0.127778
19 0.192969 0.070833 0.067187 0.122222