0 0.450781 0.890278 0.062500 0.120833
0 0.490625 0.773611 0.053125 0.113889
0 0.553125 0.672222 0.059375 0.080556
0 0.569531 0.861111 0.056250 0.080556
0 0.647656 0.770833 0.063281 0.123611
0 0.658594 0.444444 0.065625 0.098611
0 0.725000 0.468056 0.065625 0.097222
0 0.725000 0.737500 0.060156 0.084722
0 0.740625 0.384722 0.067187 0.097222
0 0.782031 0.661111 0.060937 0.116667
0 0.793750 0.498611 0.066406 0.094444
0 0.807813 0.784722 0.067969 0.101389
0 0.934375 0.534722 0.051562 0.112500
1 0.658594 0.444444 0.065625 0.098611
1 0.725000 0.468056 0.065625 0.097222
1 0.740625 0.384722 0.067187 0.097222
1 0.793750 0.498611 0.066406 0.094444
2 0.490625 0.773611 0.053125 0.113889
2 0.725000 0.737500 0.060156 0.084722
2 0.782031 0.661111 0.060937 0.116667
2 0.934375 0.534722 0.051562 0.112500
3 0.450781 0.890278 0.062500 0.120833
3 0.553125 0.672222 0.059375 0.080556
3 0.569531 0.861111 0.056250 0.080556
3 0.647656 0.770833 0.063281 0.123611
3 0.807813 0.784722 0.067969 0.101389
4 0.658594 0.444444 0.065625 0.098611
5 0.740625 0.384722 0.067187 0.097222
5 0.793750 0.498611 0.066406 0.094444
6 0.725000 0.468056 0.065625 0.097222
10 0.658594 0.444444 0.065625 0.098611
10 0.725000 0.468056 0.065625 0.097222
10 0.740625 0.384722 0.067187 0.097222
15 0.793750 0.498611 0.066406 0.094444