0 0.302344 0.400465 0.052609 0.112042
0 0.328387 0.230556 0.047398 0.105556
0 0.345313 0.532403 0.041672 0.100000
0 0.380207 0.353701 0.063539 0.112958
0 0.414582 0.584722 0.054164 0.113889
0 0.422656 0.457410 0.064062 0.101847
0 0.418750 0.713889 0.045828 0.103694
0 0.440367 0.326847 0.060937 0.116667
0 0.479426 0.142132 0.056773 0.115736
0 0.505469 0.678236 0.061984 0.119444
0 0.503125 0.268521 0.056250 0.112958
0 0.509637 0.533333 0.059898 0.087028
0 0.522918 0.405556 0.061461 0.092583
0 0.523438 0.798611 0.059375 0.117583
0 0.575781 0.185187 0.065109 0.114819
0 0.571875 0.632410 0.057297 0.074069
0 0.584375 0.356021 0.065625 0.106486
0 0.596094 0.506944 0.060937 0.117583
0 0.638539 0.551389 0.046875 0.106472
0 0.665363 0.725458 0.066148 0.102778
0 0.666406 0.209722 0.065109 0.099083
0 0.671875 0.368986 0.067703 0.108333
0 0.700000 0.552778 0.067703 0.103694
1 0.414582 0.584722 0.054164 0.113889
1 0.422656 0.457410 0.064062 0.101847
1 0.418750 0.713889 0.045828 0.103694
1 0.440367 0.326847 0.060937 0.116667
1 0.479426 0.142132 0.056773 0.115736
1 0.503125 0.268521 0.056250 0.112958
1 0.523438 0.798611 0.059375 0.117583
1 0.571875 0.632410 0.057297 0.074069
1 0.584375 0.356021 0.065625 0.106486
1 0.596094 0.506944 0.060937 0.117583
1 0.700000 0.552778 0.067703 0.103694
2 0.302344 0.400465 0.052609 0.112042
2 0.638539 0.551389 0.046875 0.106472
3 0.328387 0.230556 0.047398 0.105556
3 0.345313 0.532403 0.041672 0.100000
3 0.380207 0.353701 0.063539 0.112958
3 0.505469 0.678236 0.061984 0.119444
3 0.509637 0.533333 0.059898 0.087028
3 0.522918 0.405556 0.061461 0.092583
3 0.575781 0.185187 0.065109 0.114819
3 0.665363 0.725458 0.066148 0.102778
3 0.666406 0.209722 0.065109 0.099083
3 0.671875 0.368986 0.067703 0.108333
4 0.422656 0.457410 0.064062 0.101847
4 0.418750 0.713889 0.045828 0.103694
4 0.479426 0.142132 0.056773 0.115736
4 0.503125 0.268521 0.056250 0.112958
5 0.414582 0.584722 0.054164 0.113889
5 0.571875 0.632410 0.057297 0.074069
6 0.523438 0.798611 0.059375 0.117583
6 0.584375 0.356021 0.065625 0.106486
6 0.700000 0.552778 0.067703 0.103694
7 0.440367 0.326847 0.060937 0.116667
7 0.596094 0.506944 0.060937 0.117583
8 0.700000 0.552778 0.067703 0.103694
9 0.479426 0.142132 0.056773 0.115736
12 0.414582 0.584722 0.054164 0.113889
12 0.440367 0.326847 0.060937 0.116667
12 0.503125 0.268521 0.056250 0.112958
14 0.571875 0.632410 0.057297 0.074069
15 0.418750 0.713889 0.045828 0.103694
16 0.422656 0.457410 0.064062 0.101847
18 0.584375 0.356021 0.065625 0.106486
20 0.523438 0.798611 0.059375 0.117583
20 0.596094 0.506944 0.060937 0.117583