0 0.470703 0.119444 0.061719 0.116667
0 0.531641 0.086111 0.050781 0.111111
0 0.535156 0.431944 0.054688 0.080556
0 0.569141 0.314583 0.060156 0.109722
0 0.578516 0.540972 0.061719 0.090278
0 0.590625 0.094444 0.059375 0.091667
0 0.625000 0.424306 0.056250 0.079167
0 0.636719 0.285417 0.043750 0.101389
0 0.665625 0.544444 0.062500 0.111111
0 0.671875 0.114583 0.062500 0.090278
0 0.700000 0.343750 0.060937 0.120833
2 0.470703 0.119444 0.061719 0.116667
2 0.531641 0.086111 0.050781 0.111111
2 0.535156 0.431944 0.054688 0.080556
2 0.569141 0.314583 0.060156 0.109722
2 0.578516 0.540972 0.061719 0.090278
2 0.590625 0.094444 0.059375 0.091667
2 0.625000 0.424306 0.056250 0.079167
2 0.636719 0.285417 0.043750 0.101389
2 0.665625 0.544444 0.062500 0.111111
2 0.671875 0.114583 0.062500 0.090278
2 0.700000 0.343750 0.060937 0.120833