0 0.299219 0.705556 0.065625 0.102778
0 0.356250 0.830556 0.062500 0.094444
0 0.376953 0.650000 0.052344 0.072222
0 0.423438 0.570833 0.053125 0.111111
0 0.435937 0.702083 0.064062 0.098611
0 0.451172 0.877778 0.064844 0.105556
0 0.493750 0.617361 0.062500 0.118056
0 0.492188 0.780556 0.051562 0.113889
0 0.500391 0.461111 0.064844 0.108333
0 0.561719 0.395833 0.064062 0.111111
0 0.562500 0.690972 0.062500 0.084722
0 0.569922 0.868750 0.057031 0.081944
0 0.582812 0.511111 0.056250 0.116667
0 0.634375 0.623611 0.043750 0.105556
0 0.648828 0.779861 0.063281 0.123611
0 0.700000 0.565278 0.068750 0.119444
0 0.728125 0.401389 0.068750 0.108333
0 0.726562 0.802778 0.062500 0.086111
0 0.771875 0.537500 0.068750 0.105556
0 0.822266 0.856944 0.067969 0.111111
0 0.853125 0.611111 0.065625 0.119444
0 0.935547 0.543750 0.050781 0.112500
1 0.634375 0.623611 0.043750 0.105556
1 0.700000 0.565278 0.068750 0.119444
1 0.728125 0.401389 0.068750 0.108333
1 0.771875 0.537500 0.068750 0.105556
2 0.356250 0.830556 0.062500 0.094444
2 0.376953 0.650000 0.052344 0.072222
2 0.423438 0.570833 0.053125 0.111111
2 0.435937 0.702083 0.064062 0.098611
2 0.451172 0.877778 0.064844 0.105556
2 0.492188 0.780556 0.051562 0.113889
2 0.500391 0.461111 0.064844 0.108333
2 0.561719 0.395833 0.064062 0.111111
2 0.726562 0.802778 0.062500 0.086111
2 0.853125 0.611111 0.065625 0.119444
2 0.935547 0.543750 0.050781 0.112500
3 0.299219 0.705556 0.065625 0.102778
3 0.493750 0.617361 0.062500 0.118056
3 0.562500 0.690972 0.062500 0.084722
3 0.569922 0.868750 0.057031 0.081944
3 0.582812 0.511111 0.056250 0.116667
3 0.648828 0.779861 0.063281 0.123611
3 0.822266 0.856944 0.067969 0.111111
4 0.634375 0.623611 0.043750 0.105556
5 0.728125 0.401389 0.068750 0.108333
6 0.771875 0.537500 0.068750 0.105556
7 0.700000 0.565278 0.068750 0.119444
9 0.700000 0.565278 0.068750 0.119444
14 0.634375 0.623611 0.043750 0.105556
17 0.728125 0.401389 0.068750 0.108333
18 0.771875 0.537500 0.068750 0.105556