0 0.141797 0.583333 0.067969 0.100000
0 0.153125 0.747917 0.062500 0.087500
0 0.158594 0.435417 0.070312 0.109722
0 0.216406 0.559722 0.065625 0.094444
0 0.221484 0.384722 0.069531 0.111111
0 0.220312 0.758333 0.064062 0.088889
0 0.287500 0.775000 0.062500 0.086111
0 0.290625 0.373611 0.059375 0.080556
0 0.294531 0.584722 0.060937 0.086111
0 0.336328 0.181250 0.044531 0.106944
0 0.362500 0.663889 0.068750 0.113889
0 0.387500 0.187500 0.043750 0.105556
0 0.418750 0.747222 0.068750 0.113889
0 0.445312 0.195833 0.043750 0.105556
0 0.493359 0.806250 0.064844 0.095833
0 0.492188 0.206944 0.043750 0.108333
0 0.546094 0.473611 0.064062 0.105556
0 0.570312 0.829167 0.059375 0.083333
0 0.586719 0.640972 0.065625 0.112500
0 0.612500 0.452083 0.053125 0.073611
0 0.643750 0.802778 0.065625 0.097222
0 0.656641 0.654861 0.063281 0.115278
0 0.667188 0.530556 0.046875 0.105556
1 0.336328 0.181250 0.044531 0.106944
1 0.387500 0.187500 0.043750 0.105556
1 0.445312 0.195833 0.043750 0.105556
1 0.492188 0.206944 0.043750 0.108333
2 0.153125 0.747917 0.062500 0.087500
2 0.158594 0.435417 0.070312 0.109722
2 0.221484 0.384722 0.069531 0.111111
2 0.220312 0.758333 0.064062 0.088889
2 0.287500 0.775000 0.062500 0.086111
2 0.290625 0.373611 0.059375 0.080556
2 0.546094 0.473611 0.064062 0.105556
2 0.586719 0.640972 0.065625 0.112500
2 0.612500 0.452083 0.053125 0.073611
2 0.656641 0.654861 0.063281 0.115278
2 0.667188 0.530556 0.046875 0.105556
3 0.141797 0.583333 0.067969 0.100000
3 0.216406 0.559722 0.065625 0.094444
3 0.294531 0.584722 0.060937 0.086111
3 0.362500 0.663889 0.068750 0.113889
3 0.418750 0.747222 0.068750 0.113889
3 0.493359 0.806250 0.064844 0.095833
3 0.570312 0.829167 0.059375 0.083333
3 0.643750 0.802778 0.065625 0.097222
4 0.387500 0.187500 0.043750 0.105556
5 0.445312 0.195833 0.043750 0.105556
6 0.492188 0.206944 0.043750 0.108333
7 0.336328 0.181250 0.044531 0.106944
10 0.336328 0.181250 0.044531 0.106944
10 0.387500 0.187500 0.043750 0.105556
10 0.445312 0.195833 0.043750 0.105556
10 0.492188 0.206944 0.043750 0.108333