0 0.483203 0.188194 0.057031 0.073611
0 0.538281 0.295833 0.064062 0.100000
0 0.552734 0.443750 0.063281 0.090278
0 0.566406 0.172222 0.062500 0.088889
0 0.580469 0.576389 0.050000 0.108333
0 0.625000 0.315972 0.059375 0.084722
0 0.626563 0.448611 0.060937 0.094444
0 0.646094 0.163194 0.060937 0.081944
0 0.667969 0.531250 0.064062 0.104167
0 0.691016 0.304167 0.071094 0.119444
0 0.732812 0.438889 0.062500 0.113889
0 0.741797 0.168750 0.064844 0.090278
1 0.580469 0.576389 0.050000 0.108333
2 0.483203 0.188194 0.057031 0.073611
2 0.538281 0.295833 0.064062 0.100000
2 0.566406 0.172222 0.062500 0.088889
2 0.625000 0.315972 0.059375 0.084722
2 0.626563 0.448611 0.060937 0.094444
2 0.646094 0.163194 0.060937 0.081944
2 0.667969 0.531250 0.064062 0.104167
2 0.732812 0.438889 0.062500 0.113889
2 0.741797 0.168750 0.064844 0.090278
3 0.552734 0.443750 0.063281 0.090278
3 0.691016 0.304167 0.071094 0.119444
4 0.580469 0.576389 0.050000 0.108333
12 0.580469 0.576389 0.050000 0.108333