0 0.153125 0.545833 0.042188 0.102778
0 0.168750 0.677083 0.053125 0.115278
0 0.175781 0.850000 0.057813 0.119444
0 0.196484 0.365278 0.055469 0.116667
0 0.240625 0.545833 0.042188 0.102778
0 0.242188 0.695139 0.043750 0.101389
0 0.257031 0.831944 0.062500 0.091667
0 0.259375 0.376389 0.059375 0.119444
0 0.287500 0.243750 0.043750 0.104167
0 0.309766 0.578472 0.057031 0.118056
0 0.324609 0.828472 0.055469 0.115278
0 0.331641 0.457639 0.067969 0.118056
0 0.331250 0.706250 0.050000 0.106944
0 0.396094 0.702778 0.065625 0.122222
0 0.387500 0.550000 0.042188 0.102778
0 0.421094 0.397222 0.054688 0.116667
0 0.444141 0.260417 0.066406 0.112500
0 0.470703 0.553472 0.066406 0.118056
0 0.476953 0.408333 0.053906 0.113889
0 0.479687 0.675694 0.042188 0.101389
0 0.496875 0.807639 0.040625 0.098611
0 0.535937 0.636111 0.057813 0.116667
0 0.533203 0.380556 0.050781 0.111111
0 0.553125 0.529861 0.059375 0.115278
0 0.555469 0.785417 0.042188 0.101389
1 0.153125 0.545833 0.042188 0.102778
1 0.168750 0.677083 0.053125 0.115278
1 0.175781 0.850000 0.057813 0.119444
1 0.196484 0.365278 0.055469 0.116667
1 0.240625 0.545833 0.042188 0.102778
1 0.242188 0.695139 0.043750 0.101389
1 0.257031 0.831944 0.062500 0.091667
1 0.259375 0.376389 0.059375 0.119444
1 0.287500 0.243750 0.043750 0.104167
1 0.309766 0.578472 0.057031 0.118056
1 0.324609 0.828472 0.055469 0.115278
1 0.331641 0.457639 0.067969 0.118056
1 0.331250 0.706250 0.050000 0.106944
1 0.396094 0.702778 0.065625 0.122222
1 0.421094 0.397222 0.054688 0.116667
1 0.444141 0.260417 0.066406 0.112500
1 0.470703 0.553472 0.066406 0.118056
1 0.476953 0.408333 0.053906 0.113889
1 0.479687 0.675694 0.042188 0.101389
1 0.496875 0.807639 0.040625 0.098611
1 0.535937 0.636111 0.057813 0.116667
1 0.533203 0.380556 0.050781 0.111111
1 0.553125 0.529861 0.059375 0.115278
1 0.555469 0.785417 0.042188 0.101389
2 0.387500 0.550000 0.042188 0.102778
4 0.196484 0.365278 0.055469 0.116667
4 0.259375 0.376389 0.059375 0.119444
4 0.331250 0.706250 0.050000 0.106944
4 0.396094 0.702778 0.065625 0.122222
4 0.470703 0.553472 0.066406 0.118056
4 0.535937 0.636111 0.057813 0.116667
4 0.533203 0.380556 0.050781 0.111111
4 0.555469 0.785417 0.042188 0.101389
5 0.175781 0.850000 0.057813 0.119444
5 0.240625 0.545833 0.042188 0.102778
5 0.287500 0.243750 0.043750 0.104167
5 0.421094 0.397222 0.054688 0.116667
5 0.476953 0.408333 0.053906 0.113889
5 0.479687 0.675694 0.042188 0.101389
5 0.553125 0.529861 0.059375 0.115278
6 0.153125 0.545833 0.042188 0.102778
6 0.242188 0.695139 0.043750 0.101389
6 0.444141 0.260417 0.066406 0.112500
6 0.496875 0.807639 0.040625 0.098611
7 0.168750 0.677083 0.053125 0.115278
7 0.257031 0.831944 0.062500 0.091667
7 0.309766 0.578472 0.057031 0.118056
7 0.324609 0.828472 0.055469 0.115278
7 0.331641 0.457639 0.067969 0.118056
8 0.153125 0.545833 0.042188 0.102778
8 0.396094 0.702778 0.065625 0.122222
9 0.476953 0.408333 0.053906 0.113889
10 0.331250 0.706250 0.050000 0.106944
10 0.479687 0.675694 0.042188 0.101389
11 0.324609 0.828472 0.055469 0.115278
11 0.444141 0.260417 0.066406 0.112500
11 0.470703 0.553472 0.066406 0.118056
11 0.553125 0.529861 0.059375 0.115278
12 0.421094 0.397222 0.054688 0.116667
13 0.309766 0.578472 0.057031 0.118056
14 0.533203 0.380556 0.050781 0.111111
15 0.259375 0.376389 0.059375 0.119444
16 0.175781 0.850000 0.057813 0.119444
16 0.257031 0.831944 0.062500 0.091667
16 0.496875 0.807639 0.040625 0.098611
16 0.535937 0.636111 0.057813 0.116667
17 0.168750 0.677083 0.053125 0.115278
17 0.242188 0.695139 0.043750 0.101389
17 0.555469 0.785417 0.042188 0.101389
18 0.196484 0.365278 0.055469 0.116667
18 0.240625 0.545833 0.042188 0.102778
19 0.287500 0.243750 0.043750 0.104167
20 0.331641 0.457639 0.067969 0.118056