0 0.197656 0.423611 0.044531 0.104167
0 0.235156 0.284722 0.064062 0.098611
0 0.258594 0.451389 0.057813 0.084722
0 0.258594 0.590278 0.057031 0.077778
0 0.295312 0.293056 0.050781 0.113889
0 0.321094 0.604167 0.047656 0.109722
0 0.324219 0.437500 0.050000 0.111111
0 0.346875 0.333333 0.063281 0.094444
0 0.375000 0.501389 0.059375 0.084722
0 0.378906 0.633333 0.060937 0.088889
0 0.478125 0.704167 0.057031 0.076389
0 0.486719 0.463889 0.061719 0.115278
0 0.532031 0.226389 0.064062 0.120833
0 0.538281 0.713889 0.050781 0.108333
0 0.571875 0.483333 0.058594 0.115278
0 0.617969 0.701389 0.046875 0.106944
0 0.628906 0.225000 0.062500 0.120833
0 0.654687 0.504167 0.058594 0.116667
0 0.677344 0.694444 0.059375 0.081944
2 0.235156 0.284722 0.064062 0.098611
2 0.258594 0.590278 0.057031 0.077778
2 0.295312 0.293056 0.050781 0.113889
2 0.321094 0.604167 0.047656 0.109722
2 0.346875 0.333333 0.063281 0.094444
2 0.378906 0.633333 0.060937 0.088889
2 0.486719 0.463889 0.061719 0.115278
2 0.532031 0.226389 0.064062 0.120833
2 0.571875 0.483333 0.058594 0.115278
2 0.628906 0.225000 0.062500 0.120833
2 0.654687 0.504167 0.058594 0.116667
3 0.197656 0.423611 0.044531 0.104167
3 0.258594 0.451389 0.057813 0.084722
3 0.324219 0.437500 0.050000 0.111111
3 0.375000 0.501389 0.059375 0.084722
3 0.478125 0.704167 0.057031 0.076389
3 0.538281 0.713889 0.050781 0.108333
3 0.617969 0.701389 0.046875 0.106944
3 0.677344 0.694444 0.059375 0.081944