0 0.253125 0.668750 0.068750 0.123611
0 0.333594 0.806944 0.064062 0.094444
0 0.353125 0.677778 0.064062 0.094444
0 0.427734 0.667361 0.055469 0.115278
0 0.439453 0.804167 0.060156 0.086111
0 0.487109 0.285417 0.061719 0.109722
0 0.487109 0.448611 0.061719 0.119444
0 0.504687 0.591667 0.062500 0.100000
0 0.528906 0.740278 0.065625 0.108333
0 0.555469 0.432639 0.059375 0.112500
0 0.561719 0.293056 0.059375 0.116667
0 0.604688 0.356250 0.062500 0.118056
0 0.608984 0.591667 0.064844 0.100000
0 0.634766 0.451389 0.064844 0.105556
2 0.353125 0.677778 0.064062 0.094444
2 0.427734 0.667361 0.055469 0.115278
2 0.487109 0.285417 0.061719 0.109722
2 0.487109 0.448611 0.061719 0.119444
2 0.504687 0.591667 0.062500 0.100000
2 0.555469 0.432639 0.059375 0.112500
3 0.253125 0.668750 0.068750 0.123611
3 0.333594 0.806944 0.064062 0.094444
3 0.439453 0.804167 0.060156 0.086111
3 0.528906 0.740278 0.065625 0.108333
3 0.561719 0.293056 0.059375 0.116667
3 0.604688 0.356250 0.062500 0.118056
3 0.608984 0.591667 0.064844 0.100000
3 0.634766 0.451389 0.064844 0.105556