0 0.439281 0.361473 0.045740 0.105046
0 0.514387 0.400603 0.060181 0.089393
0 0.563748 0.510809 0.064841 0.115999
0 0.575525 0.251916 0.066092 0.104932
0 0.586043 0.355581 0.056940 0.075987
0 0.623710 0.467408 0.067157 0.109961
0 0.689401 0.448634 0.060233 0.117377
1 0.439281 0.361473 0.045740 0.105046
1 0.563748 0.510809 0.064841 0.115999
1 0.575525 0.251916 0.066092 0.104932
1 0.586043 0.355581 0.056940 0.075987
1 0.623710 0.467408 0.067157 0.109961
2 0.514387 0.400603 0.060181 0.089393
3 0.689401 0.448634 0.060233 0.117377
6 0.439281 0.361473 0.045740 0.105046
6 0.563748 0.510809 0.064841 0.115999
6 0.575525 0.251916 0.066092 0.104932
6 0.586043 0.355581 0.056940 0.075987
7 0.623710 0.467408 0.067157 0.109961
11 0.623710 0.467408 0.067157 0.109961
12 0.586043 0.355581 0.056940 0.075987
13 0.563748 0.510809 0.064841 0.115999
14 0.439281 0.361473 0.045740 0.105046
15 0.575525 0.251916 0.066092 0.104932