0 0.297656 0.531944 0.059375 0.122222
0 0.336328 0.500000 0.061719 0.119444
0 0.362891 0.752083 0.041406 0.098611
0 0.373047 0.467361 0.060156 0.120833
0 0.368359 0.651389 0.044531 0.100000
0 0.412109 0.434722 0.061719 0.122222
0 0.410938 0.657639 0.042188 0.098611
0 0.450391 0.664583 0.042969 0.101389
0 0.470313 0.239583 0.065625 0.101389
0 0.476562 0.843056 0.043750 0.105556
0 0.523828 0.201389 0.066406 0.100000
0 0.519531 0.838889 0.045312 0.105556
0 0.539453 0.266667 0.066406 0.100000
0 0.547266 0.556250 0.063281 0.095833
0 0.556641 0.334722 0.067969 0.100000
0 0.556250 0.728472 0.043750 0.104167
0 0.559766 0.833333 0.044531 0.105556
0 0.575000 0.401389 0.065625 0.102778
0 0.598047 0.720139 0.044531 0.104167
0 0.621094 0.562500 0.064062 0.105556
0 0.625391 0.358333 0.066406 0.102778
0 0.640625 0.426389 0.062500 0.100000
0 0.696484 0.392361 0.064844 0.101389
1 0.297656 0.531944 0.059375 0.122222
1 0.336328 0.500000 0.061719 0.119444
1 0.373047 0.467361 0.060156 0.120833
1 0.412109 0.434722 0.061719 0.122222
2 0.362891 0.752083 0.041406 0.098611
2 0.368359 0.651389 0.044531 0.100000
2 0.410938 0.657639 0.042188 0.098611
2 0.450391 0.664583 0.042969 0.101389
2 0.476562 0.843056 0.043750 0.105556
2 0.519531 0.838889 0.045312 0.105556
2 0.547266 0.556250 0.063281 0.095833
2 0.556250 0.728472 0.043750 0.104167
2 0.559766 0.833333 0.044531 0.105556
2 0.598047 0.720139 0.044531 0.104167
2 0.621094 0.562500 0.064062 0.105556
3 0.470313 0.239583 0.065625 0.101389
3 0.523828 0.201389 0.066406 0.100000
3 0.539453 0.266667 0.066406 0.100000
3 0.556641 0.334722 0.067969 0.100000
3 0.575000 0.401389 0.065625 0.102778
3 0.625391 0.358333 0.066406 0.102778
3 0.640625 0.426389 0.062500 0.100000
3 0.696484 0.392361 0.064844 0.101389
4 0.373047 0.467361 0.060156 0.120833
5 0.297656 0.531944 0.059375 0.122222
6 0.412109 0.434722 0.061719 0.122222
7 0.336328 0.500000 0.061719 0.119444
9 0.336328 0.500000 0.061719 0.119444
9 0.412109 0.434722 0.061719 0.122222
14 0.373047 0.467361 0.060156 0.120833
15 0.297656 0.531944 0.059375 0.122222