0 0.451562 0.895833 0.062500 0.119444
0 0.491406 0.777778 0.052344 0.112500
0 0.553906 0.677778 0.060156 0.080556
0 0.570312 0.866667 0.057031 0.080556
0 0.649219 0.776389 0.064062 0.120833
0 0.699219 0.598611 0.054688 0.113889
0 0.725781 0.745833 0.060937 0.087500
0 0.783594 0.668056 0.059375 0.116667
0 0.810156 0.791667 0.067969 0.101389
0 0.935937 0.544444 0.050781 0.113889
1 0.699219 0.598611 0.054688 0.113889
2 0.491406 0.777778 0.052344 0.112500
2 0.725781 0.745833 0.060937 0.087500
2 0.783594 0.668056 0.059375 0.116667
2 0.935937 0.544444 0.050781 0.113889
3 0.451562 0.895833 0.062500 0.119444
3 0.553906 0.677778 0.060156 0.080556
3 0.570312 0.866667 0.057031 0.080556
3 0.649219 0.776389 0.064062 0.120833
3 0.810156 0.791667 0.067969 0.101389
5 0.699219 0.598611 0.054688 0.113889
15 0.699219 0.598611 0.054688 0.113889