0 0.162500 0.514583 0.065625 0.123611
0 0.196875 0.606250 0.065625 0.126389
0 0.214062 0.448611 0.060937 0.119444
0 0.236719 0.726389 0.062500 0.119444
0 0.259375 0.579167 0.059375 0.119444
0 0.263281 0.397917 0.064062 0.123611
0 0.286328 0.687500 0.061719 0.122222
0 0.307422 0.513889 0.061719 0.119444
0 0.312891 0.362500 0.061719 0.119444
0 0.333203 0.625000 0.053906 0.111111
0 0.349219 0.465278 0.064062 0.119444
0 0.353125 0.729167 0.059375 0.125000
0 0.371875 0.318056 0.062500 0.119444
0 0.378125 0.576389 0.059375 0.113889
0 0.400000 0.425000 0.059375 0.116667
0 0.409375 0.250000 0.064062 0.119444
0 0.412500 0.675000 0.062500 0.119444
0 0.423438 0.534722 0.065625 0.122222
0 0.438281 0.356944 0.065625 0.119444
0 0.456250 0.197222 0.065625 0.119444
0 0.462500 0.477778 0.060937 0.119444
0 0.478906 0.312500 0.060937 0.111111
0 0.500000 0.436111 0.059375 0.116667
0 0.514062 0.263889 0.060937 0.105556
0 0.527734 0.754861 0.064844 0.123611
0 0.532031 0.548611 0.059375 0.119444
1 0.162500 0.514583 0.065625 0.123611
1 0.196875 0.606250 0.065625 0.126389
1 0.259375 0.579167 0.059375 0.119444
1 0.307422 0.513889 0.061719 0.119444
1 0.353125 0.729167 0.059375 0.125000
1 0.409375 0.250000 0.064062 0.119444
1 0.412500 0.675000 0.062500 0.119444
1 0.423438 0.534722 0.065625 0.122222
1 0.500000 0.436111 0.059375 0.116667
1 0.527734 0.754861 0.064844 0.123611
2 0.214062 0.448611 0.060937 0.119444
2 0.236719 0.726389 0.062500 0.119444
2 0.263281 0.397917 0.064062 0.123611
2 0.286328 0.687500 0.061719 0.122222
2 0.333203 0.625000 0.053906 0.111111
2 0.349219 0.465278 0.064062 0.119444
2 0.378125 0.576389 0.059375 0.113889
2 0.456250 0.197222 0.065625 0.119444
2 0.462500 0.477778 0.060937 0.119444
2 0.478906 0.312500 0.060937 0.111111
2 0.514062 0.263889 0.060937 0.105556
3 0.312891 0.362500 0.061719 0.119444
3 0.371875 0.318056 0.062500 0.119444
3 0.400000 0.425000 0.059375 0.116667
3 0.438281 0.356944 0.065625 0.119444
3 0.532031 0.548611 0.059375 0.119444
4 0.162500 0.514583 0.065625 0.123611
4 0.307422 0.513889 0.061719 0.119444
5 0.353125 0.729167 0.059375 0.125000
5 0.500000 0.436111 0.059375 0.116667
6 0.196875 0.606250 0.065625 0.126389
6 0.409375 0.250000 0.064062 0.119444
6 0.412500 0.675000 0.062500 0.119444
7 0.259375 0.579167 0.059375 0.119444
7 0.423438 0.534722 0.065625 0.122222
7 0.527734 0.754861 0.064844 0.123611
8 0.196875 0.606250 0.065625 0.126389
8 0.307422 0.513889 0.061719 0.119444
11 0.162500 0.514583 0.065625 0.123611
11 0.353125 0.729167 0.059375 0.125000
11 0.527734 0.754861 0.064844 0.123611
16 0.500000 0.436111 0.059375 0.116667
17 0.259375 0.579167 0.059375 0.119444
17 0.412500 0.675000 0.062500 0.119444
18 0.423438 0.534722 0.065625 0.122222
19 0.409375 0.250000 0.064062 0.119444