0 0.131641 0.143750 0.063281 0.123611
0 0.147266 0.329167 0.049219 0.111111
0 0.210156 0.402083 0.067187 0.115278
0 0.241016 0.464583 0.066406 0.115278
0 0.244141 0.266667 0.060156 0.122222
0 0.259375 0.139583 0.068750 0.112500
0 0.267578 0.523611 0.067969 0.113889
0 0.360156 0.519444 0.064062 0.094444
0 0.370312 0.593056 0.064062 0.094444
0 0.383984 0.662500 0.064844 0.094444
0 0.479297 0.315972 0.042969 0.104167
0 0.482031 0.154861 0.045312 0.109722
0 0.493750 0.560417 0.053125 0.112500
0 0.519922 0.465278 0.067969 0.116667
0 0.543750 0.359028 0.062500 0.115278
0 0.559375 0.209722 0.059375 0.083333
0 0.587109 0.508333 0.047656 0.105556
0 0.630469 0.526389 0.051562 0.108333
0 0.671875 0.558333 0.053125 0.108333
2 0.131641 0.143750 0.063281 0.123611
2 0.244141 0.266667 0.060156 0.122222
2 0.479297 0.315972 0.042969 0.104167
2 0.482031 0.154861 0.045312 0.109722
2 0.493750 0.560417 0.053125 0.112500
2 0.519922 0.465278 0.067969 0.116667
2 0.543750 0.359028 0.062500 0.115278
2 0.559375 0.209722 0.059375 0.083333
2 0.587109 0.508333 0.047656 0.105556
2 0.630469 0.526389 0.051562 0.108333
2 0.671875 0.558333 0.053125 0.108333
3 0.147266 0.329167 0.049219 0.111111
3 0.210156 0.402083 0.067187 0.115278
3 0.241016 0.464583 0.066406 0.115278
3 0.259375 0.139583 0.068750 0.112500
3 0.267578 0.523611 0.067969 0.113889
3 0.360156 0.519444 0.064062 0.094444
3 0.370312 0.593056 0.064062 0.094444
3 0.383984 0.662500 0.064844 0.094444