0 0.166406 0.534722 0.057813 0.116667
0 0.176953 0.413194 0.069531 0.109722
0 0.189062 0.697917 0.053125 0.112500
0 0.237891 0.618750 0.066406 0.118056
0 0.242578 0.465278 0.060156 0.119444
0 0.252344 0.779167 0.065625 0.097222
0 0.265625 0.308333 0.059375 0.077778
0 0.297266 0.438889 0.066406 0.119444
0 0.362109 0.296528 0.058594 0.079167
0 0.378125 0.575000 0.043750 0.100000
0 0.401172 0.458333 0.066406 0.108333
0 0.425000 0.250000 0.053125 0.116667
0 0.431250 0.662500 0.050000 0.111111
0 0.467187 0.370833 0.059375 0.083333
0 0.484375 0.525000 0.050000 0.108333
0 0.500781 0.681944 0.054688 0.113889
0 0.548828 0.402778 0.064844 0.116667
0 0.542188 0.782639 0.039062 0.098611
0 0.597266 0.574306 0.058594 0.120833
0 0.608984 0.438889 0.055469 0.113889
1 0.166406 0.534722 0.057813 0.116667
1 0.176953 0.413194 0.069531 0.109722
1 0.237891 0.618750 0.066406 0.118056
1 0.252344 0.779167 0.065625 0.097222
1 0.265625 0.308333 0.059375 0.077778
1 0.362109 0.296528 0.058594 0.079167
1 0.401172 0.458333 0.066406 0.108333
1 0.425000 0.250000 0.053125 0.116667
1 0.467187 0.370833 0.059375 0.083333
1 0.548828 0.402778 0.064844 0.116667
1 0.542188 0.782639 0.039062 0.098611
1 0.608984 0.438889 0.055469 0.113889
2 0.431250 0.662500 0.050000 0.111111
3 0.189062 0.697917 0.053125 0.112500
3 0.242578 0.465278 0.060156 0.119444
3 0.297266 0.438889 0.066406 0.119444
3 0.378125 0.575000 0.043750 0.100000
3 0.484375 0.525000 0.050000 0.108333
3 0.500781 0.681944 0.054688 0.113889
3 0.597266 0.574306 0.058594 0.120833
4 0.166406 0.534722 0.057813 0.116667
4 0.237891 0.618750 0.066406 0.118056
4 0.467187 0.370833 0.059375 0.083333
4 0.548828 0.402778 0.064844 0.116667
5 0.401172 0.458333 0.066406 0.108333
5 0.542188 0.782639 0.039062 0.098611
6 0.252344 0.779167 0.065625 0.097222
6 0.265625 0.308333 0.059375 0.077778
6 0.362109 0.296528 0.058594 0.079167
6 0.608984 0.438889 0.055469 0.113889
7 0.176953 0.413194 0.069531 0.109722
7 0.425000 0.250000 0.053125 0.116667
8 0.467187 0.370833 0.059375 0.083333
9 0.425000 0.250000 0.053125 0.116667
10 0.166406 0.534722 0.057813 0.116667
10 0.176953 0.413194 0.069531 0.109722
10 0.542188 0.782639 0.039062 0.098611
14 0.252344 0.779167 0.065625 0.097222
15 0.401172 0.458333 0.066406 0.108333
16 0.265625 0.308333 0.059375 0.077778
17 0.237891 0.618750 0.066406 0.118056
17 0.608984 0.438889 0.055469 0.113889
19 0.362109 0.296528 0.058594 0.079167
20 0.548438 0.402778 0.064062 0.116667