0 0.125000 0.552778 0.067969 0.126389
0 0.151562 0.706944 0.071094 0.125000
0 0.171875 0.898611 0.065625 0.126389
0 0.175781 0.509722 0.067187 0.126389
0 0.196875 0.645833 0.065625 0.125000
0 0.217969 0.830556 0.055469 0.118056
0 0.223438 0.263889 0.058594 0.083333
0 0.228906 0.472222 0.055469 0.115278
0 0.257031 0.616667 0.053125 0.115278
0 0.272656 0.820833 0.049219 0.111111
0 0.306250 0.265278 0.060156 0.113889
0 0.324219 0.647222 0.071094 0.115278
0 0.313281 0.472222 0.043750 0.105556
0 0.357812 0.741667 0.067969 0.125000
0 0.369531 0.415278 0.052344 0.112500
0 0.390625 0.526389 0.067187 0.123611
0 0.396094 0.802778 0.067187 0.127778
0 0.384375 0.290278 0.039844 0.097222
0 0.433594 0.569444 0.058594 0.120833
0 0.443750 0.301389 0.042188 0.097222
0 0.453125 0.815278 0.057031 0.122222
0 0.488281 0.586111 0.043750 0.105556
0 0.501563 0.288889 0.048438 0.104167
0 0.503125 0.940278 0.051562 0.112500
0 0.508594 0.805556 0.057031 0.120833
0 0.554688 0.900000 0.062500 0.123611
1 0.125000 0.552778 0.067969 0.126389
1 0.175781 0.509722 0.067187 0.126389
1 0.228906 0.472222 0.055469 0.115278
1 0.324219 0.647222 0.071094 0.115278
1 0.313281 0.472222 0.043750 0.105556
1 0.357812 0.741667 0.067969 0.125000
1 0.369531 0.415278 0.052344 0.112500
1 0.390625 0.526389 0.067187 0.123611
1 0.396094 0.802778 0.067187 0.127778
1 0.433594 0.569444 0.058594 0.120833
1 0.453125 0.815278 0.057031 0.122222
1 0.488281 0.586111 0.043750 0.105556
1 0.508594 0.805556 0.057031 0.120833
2 0.151562 0.706944 0.071094 0.125000
2 0.196875 0.645833 0.065625 0.125000
2 0.223438 0.263889 0.058594 0.083333
2 0.257031 0.616667 0.053125 0.115278
2 0.306250 0.265278 0.060156 0.113889
2 0.384375 0.290278 0.039844 0.097222
2 0.443750 0.301389 0.042188 0.097222
2 0.501563 0.288889 0.048438 0.104167
3 0.171875 0.898611 0.065625 0.126389
3 0.217969 0.830556 0.055469 0.118056
3 0.272656 0.820833 0.049219 0.111111
3 0.503125 0.940278 0.051562 0.112500
3 0.554688 0.900000 0.062500 0.123611
7 0.125000 0.552778 0.067969 0.126389
7 0.175781 0.509722 0.067187 0.126389
7 0.228906 0.472222 0.055469 0.115278
7 0.324219 0.647222 0.071094 0.115278
7 0.313281 0.472222 0.043750 0.105556
7 0.357812 0.741667 0.067969 0.125000
7 0.369531 0.415278 0.052344 0.112500
7 0.390625 0.526389 0.067187 0.123611
7 0.396094 0.802778 0.067187 0.127778
7 0.433594 0.569444 0.058594 0.120833
7 0.453125 0.815278 0.057031 0.122222
7 0.488281 0.586111 0.043750 0.105556
7 0.508594 0.805556 0.057031 0.120833
8 0.324219 0.647222 0.071094 0.115278
9 0.357812 0.741667 0.067969 0.125000
10 0.396094 0.802778 0.067187 0.127778
11 0.453125 0.815278 0.057031 0.122222
12 0.508594 0.805556 0.057031 0.120833
13 0.390625 0.526389 0.067187 0.123611
14 0.433594 0.569444 0.058594 0.120833
15 0.488281 0.586111 0.043750 0.105556
16 0.125000 0.552778 0.067969 0.126389
17 0.175781 0.509722 0.067187 0.126389
18 0.228906 0.472222 0.055469 0.115278
19 0.313281 0.472222 0.043750 0.105556
20 0.369531 0.415278 0.052344 0.112500