0 0.451172 0.294444 0.053906 0.072222
0 0.465625 0.397917 0.062500 0.098611
0 0.507031 0.581250 0.048438 0.104167
0 0.537109 0.297222 0.061719 0.080556
0 0.552344 0.440972 0.062500 0.093056
0 0.566406 0.172917 0.059375 0.090278
0 0.587109 0.613194 0.064844 0.098611
0 0.612500 0.305556 0.057813 0.086111
0 0.626953 0.449306 0.060156 0.095833
0 0.641797 0.190278 0.066406 0.100000
0 0.667188 0.533333 0.064062 0.105556
0 0.688672 0.307639 0.071094 0.118056
0 0.731641 0.443750 0.064844 0.118056
0 0.750391 0.251389 0.063281 0.080556
1 0.587109 0.613194 0.064844 0.098611
2 0.451172 0.294444 0.053906 0.072222
2 0.465625 0.397917 0.062500 0.098611
2 0.507031 0.581250 0.048438 0.104167
2 0.537109 0.297222 0.061719 0.080556
2 0.566406 0.172917 0.059375 0.090278
2 0.612500 0.305556 0.057813 0.086111
2 0.626953 0.449306 0.060156 0.095833
2 0.641797 0.190278 0.066406 0.100000
2 0.667188 0.533333 0.064062 0.105556
2 0.731641 0.443750 0.064844 0.118056
2 0.750391 0.251389 0.063281 0.080556
3 0.552344 0.440972 0.062500 0.093056
3 0.688672 0.307639 0.071094 0.118056
5 0.587109 0.613194 0.064844 0.098611
18 0.587109 0.613194 0.064844 0.098611