0 0.486328 0.503472 0.067969 0.109722
0 0.513672 0.391667 0.057031 0.080556
0 0.544922 0.240972 0.046094 0.109722
0 0.561719 0.630556 0.048438 0.105556
0 0.591016 0.350000 0.055469 0.116667
0 0.596875 0.498611 0.056250 0.077778
0 0.651953 0.393056 0.061719 0.119444
0 0.675000 0.300000 0.062500 0.116667
0 0.698438 0.477778 0.067187 0.111111
0 0.698828 0.478472 0.067969 0.112500
0 0.765625 0.357639 0.071875 0.118056
0 0.810156 0.526389 0.053125 0.111111
1 0.810156 0.526389 0.053125 0.111111
2 0.486328 0.503472 0.067969 0.109722
2 0.513672 0.391667 0.057031 0.080556
2 0.561719 0.630556 0.048438 0.105556
2 0.591016 0.350000 0.055469 0.116667
2 0.596875 0.498611 0.056250 0.077778
2 0.651953 0.393056 0.061719 0.119444
2 0.675000 0.300000 0.062500 0.116667
2 0.698438 0.477778 0.067187 0.111111
2 0.698828 0.478472 0.067969 0.112500
2 0.765625 0.357639 0.071875 0.118056
3 0.544922 0.240972 0.046094 0.109722
6 0.810156 0.526389 0.053125 0.111111
13 0.810156 0.526389 0.053125 0.111111