0 0.333984 0.452778 0.069531 0.113889
0 0.349219 0.690278 0.067187 0.111111
0 0.352734 0.595139 0.066406 0.101389
0 0.404687 0.312500 0.053125 0.111111
0 0.412500 0.504167 0.065625 0.116667
0 0.412500 0.817361 0.065625 0.118056
0 0.447656 0.697917 0.065625 0.118056
0 0.481250 0.357639 0.059375 0.118056
0 0.492188 0.646528 0.059375 0.120833
0 0.495703 0.850000 0.053906 0.113889
0 0.500391 0.528472 0.058594 0.118056
0 0.531250 0.257639 0.064062 0.101389
0 0.543750 0.417361 0.065625 0.104167
0 0.556250 0.762500 0.051562 0.111111
0 0.553125 0.591667 0.040625 0.100000
0 0.609766 0.291667 0.060156 0.119444
0 0.609375 0.498611 0.042188 0.102778
0 0.618750 0.870139 0.053125 0.112500
0 0.630859 0.677083 0.041406 0.098611
0 0.669922 0.383333 0.053906 0.113889
0 0.673438 0.538889 0.043750 0.100000
0 0.690234 0.801389 0.061719 0.094444
0 0.746094 0.673611 0.054688 0.113889
1 0.333984 0.452778 0.069531 0.113889
1 0.349219 0.690278 0.067187 0.111111
1 0.352734 0.595139 0.066406 0.101389
1 0.412500 0.504167 0.065625 0.116667
1 0.412500 0.817361 0.065625 0.118056
1 0.447656 0.697917 0.065625 0.118056
1 0.481250 0.357639 0.059375 0.118056
1 0.492188 0.646528 0.059375 0.120833
1 0.500391 0.528472 0.058594 0.118056
1 0.531250 0.257639 0.064062 0.101389
1 0.609766 0.291667 0.060156 0.119444
1 0.609375 0.498611 0.042188 0.102778
1 0.669922 0.383333 0.053906 0.113889
1 0.690234 0.801389 0.061719 0.094444
1 0.746094 0.673611 0.054688 0.113889
3 0.404687 0.312500 0.053125 0.111111
3 0.495703 0.850000 0.053906 0.113889
3 0.543750 0.417361 0.065625 0.104167
3 0.556250 0.762500 0.051562 0.111111
3 0.553125 0.591667 0.040625 0.100000
3 0.618750 0.870139 0.053125 0.112500
3 0.630859 0.677083 0.041406 0.098611
3 0.673438 0.538889 0.043750 0.100000
4 0.481250 0.357639 0.059375 0.118056
4 0.609375 0.498611 0.042188 0.102778
4 0.746094 0.673611 0.054688 0.113889
5 0.492188 0.646528 0.059375 0.120833
5 0.531250 0.257639 0.064062 0.101389
6 0.333984 0.452778 0.069531 0.113889
6 0.352734 0.595139 0.066406 0.101389
6 0.412500 0.504167 0.065625 0.116667
6 0.609766 0.291667 0.060156 0.119444
7 0.349219 0.690278 0.067187 0.111111
7 0.412500 0.817361 0.065625 0.118056
7 0.447656 0.697917 0.065625 0.118056
7 0.500391 0.528472 0.058594 0.118056
7 0.669922 0.383333 0.053906 0.113889
7 0.690234 0.801389 0.061719 0.094444
10 0.492188 0.646528 0.059375 0.120833
11 0.349219 0.690278 0.067187 0.111111
11 0.609766 0.291667 0.060156 0.119444
13 0.669922 0.383333 0.053906 0.113889
14 0.481250 0.357639 0.059375 0.118056
14 0.690234 0.801389 0.061719 0.094444
15 0.333984 0.452778 0.069531 0.113889
15 0.412500 0.817361 0.065625 0.118056
15 0.531250 0.257639 0.064062 0.101389
15 0.746094 0.673611 0.054688 0.113889
17 0.447656 0.697917 0.065625 0.118056
17 0.609375 0.498611 0.042188 0.102778
18 0.500391 0.528472 0.058594 0.118056
19 0.352734 0.595139 0.066406 0.101389
20 0.412500 0.504167 0.065625 0.116667