0 0.172656 0.452778 0.044531 0.105556
0 0.191406 0.576389 0.064844 0.123611
0 0.198437 0.337500 0.067187 0.111111
0 0.231250 0.459722 0.051562 0.113889
0 0.264844 0.576389 0.061719 0.118056
0 0.282813 0.325000 0.068750 0.113889
0 0.292187 0.447222 0.055469 0.116667
0 0.339062 0.233333 0.066406 0.120833
0 0.335156 0.551389 0.056250 0.118056
0 0.367188 0.395833 0.064844 0.112500
0 0.385156 0.538889 0.053906 0.115278
0 0.427344 0.470833 0.057031 0.116667
0 0.428125 0.312500 0.057813 0.113889
0 0.464844 0.398611 0.059375 0.118056
0 0.470313 0.218056 0.060937 0.119444
0 0.474219 0.576389 0.067969 0.116667
0 0.519531 0.462500 0.051562 0.111111
0 0.557813 0.215278 0.064062 0.104167
0 0.570312 0.372222 0.049219 0.109722
0 0.628125 0.340278 0.057031 0.076389
1 0.231250 0.459722 0.051562 0.113889
1 0.292187 0.447222 0.055469 0.116667
1 0.385156 0.538889 0.053906 0.115278
1 0.427344 0.470833 0.057031 0.116667
2 0.172656 0.452778 0.044531 0.105556
2 0.191406 0.576389 0.064844 0.123611
2 0.198437 0.337500 0.067187 0.111111
2 0.264844 0.576389 0.061719 0.118056
2 0.282813 0.325000 0.068750 0.113889
2 0.335156 0.551389 0.056250 0.118056
2 0.367188 0.395833 0.064844 0.112500
2 0.428125 0.312500 0.057813 0.113889
2 0.464844 0.398611 0.059375 0.118056
2 0.519531 0.462500 0.051562 0.111111
2 0.570312 0.372222 0.049219 0.109722
3 0.339062 0.233333 0.066406 0.120833
3 0.470313 0.218056 0.060937 0.119444
3 0.474219 0.576389 0.067969 0.116667
3 0.557813 0.215278 0.064062 0.104167
3 0.628125 0.340278 0.057031 0.076389
4 0.231250 0.459722 0.051562 0.113889
6 0.292187 0.447222 0.055469 0.116667
6 0.385156 0.538889 0.053906 0.115278
6 0.427344 0.470833 0.057031 0.116667
10 0.231250 0.459722 0.051562 0.113889
12 0.292187 0.447222 0.055469 0.116667
14 0.427344 0.470833 0.057031 0.116667
18 0.385156 0.538889 0.053906 0.115278