0 0.150781 0.462500 0.062500 0.127778
0 0.184766 0.536806 0.066406 0.134722
0 0.212109 0.692361 0.072656 0.126389
0 0.257031 0.729861 0.070312 0.126389
0 0.269531 0.825000 0.071875 0.125000
0 0.268750 0.428472 0.065625 0.090278
0 0.360938 0.729167 0.075000 0.133333
0 0.369922 0.484722 0.074219 0.113889
0 0.374609 0.393750 0.072656 0.109722
0 0.377344 0.302778 0.073438 0.111111
0 0.399609 0.783333 0.075781 0.133333
0 0.448437 0.606944 0.071875 0.116667
0 0.454688 0.809722 0.073438 0.130556
0 0.494922 0.472222 0.053906 0.116667
0 0.516016 0.343750 0.067969 0.095833
0 0.568750 0.240278 0.071875 0.108333
0 0.568750 0.501389 0.062500 0.125000
0 0.603125 0.376389 0.071875 0.122222
0 0.663672 0.813194 0.071094 0.129167
0 0.689063 0.643750 0.071875 0.126389
1 0.268750 0.428472 0.065625 0.090278
1 0.369922 0.484722 0.074219 0.113889
1 0.374609 0.393750 0.072656 0.109722
1 0.377344 0.302778 0.073438 0.111111
2 0.150781 0.462500 0.062500 0.127778
2 0.184766 0.536806 0.066406 0.134722
2 0.448437 0.606944 0.071875 0.116667
2 0.494922 0.472222 0.053906 0.116667
2 0.568750 0.501389 0.062500 0.125000
2 0.603125 0.376389 0.071875 0.122222
2 0.663672 0.813194 0.071094 0.129167
2 0.689063 0.643750 0.071875 0.126389
3 0.212109 0.692361 0.072656 0.126389
3 0.257031 0.729861 0.070312 0.126389
3 0.269531 0.825000 0.071875 0.125000
3 0.360938 0.729167 0.075000 0.133333
3 0.399609 0.783333 0.075781 0.133333
3 0.454688 0.809722 0.073438 0.130556
3 0.516016 0.343750 0.067969 0.095833
3 0.568750 0.240278 0.071875 0.108333
6 0.268750 0.428472 0.065625 0.090278
6 0.369922 0.484722 0.074219 0.113889
7 0.374609 0.393750 0.072656 0.109722
7 0.377344 0.302778 0.073438 0.111111
12 0.377344 0.302778 0.073438 0.111111
14 0.374609 0.393750 0.072656 0.109722
18 0.369922 0.484722 0.074219 0.113889
20 0.268750 0.428472 0.065625 0.090278