0 0.318750 0.381250 0.059375 0.112500
0 0.350000 0.337500 0.064062 0.116667
0 0.380469 0.290278 0.062500 0.113889
0 0.407031 0.474306 0.053125 0.115278
0 0.445703 0.497917 0.053906 0.115278
0 0.461719 0.397917 0.054688 0.115278
0 0.485547 0.520139 0.052344 0.115278
0 0.499219 0.231944 0.064062 0.113889
0 0.562109 0.265278 0.060156 0.119444
0 0.561719 0.381944 0.043750 0.102778
0 0.578906 0.125000 0.043750 0.105556
0 0.608594 0.436111 0.059375 0.080556
0 0.614844 0.361111 0.059375 0.083333
0 0.680469 0.467361 0.056250 0.079167
0 0.684766 0.393750 0.060156 0.084722
0 0.689453 0.316667 0.060156 0.083333
0 0.742188 0.441667 0.046875 0.105556
0 0.748047 0.334028 0.046094 0.106944
1 0.407031 0.474306 0.053125 0.115278
1 0.445703 0.497917 0.053906 0.115278
1 0.461719 0.397917 0.054688 0.115278
1 0.485547 0.520139 0.052344 0.115278
2 0.318750 0.381250 0.059375 0.112500
2 0.350000 0.337500 0.064062 0.116667
2 0.380469 0.290278 0.062500 0.113889
2 0.499219 0.231944 0.064062 0.113889
2 0.562109 0.265278 0.060156 0.119444
2 0.578906 0.125000 0.043750 0.105556
2 0.680469 0.467361 0.056250 0.079167
2 0.684766 0.393750 0.060156 0.084722
2 0.689453 0.316667 0.060156 0.083333
2 0.742188 0.441667 0.046875 0.105556
2 0.748047 0.334028 0.046094 0.106944
3 0.561719 0.381944 0.043750 0.102778
3 0.608594 0.436111 0.059375 0.080556
3 0.614844 0.361111 0.059375 0.083333
4 0.485547 0.520139 0.052344 0.115278
5 0.407031 0.474306 0.053125 0.115278
6 0.461719 0.397917 0.054688 0.115278
7 0.445703 0.497917 0.053906 0.115278
9 0.445703 0.497917 0.053906 0.115278
9 0.461719 0.397917 0.054688 0.115278
14 0.485547 0.520139 0.052344 0.115278
15 0.407031 0.474306 0.053125 0.115278