0 0.247656 0.570833 0.043750 0.100000
0 0.315625 0.417361 0.065625 0.104167
0 0.344141 0.270833 0.057031 0.077778
0 0.357422 0.623611 0.066406 0.105556
0 0.377734 0.351389 0.060156 0.119444
0 0.406641 0.570139 0.052344 0.109722
0 0.412891 0.451389 0.047656 0.105556
0 0.431250 0.227778 0.046875 0.105556
0 0.475000 0.431250 0.060937 0.112500
0 0.701953 0.411111 0.066406 0.116667
1 0.431250 0.227778 0.046875 0.105556
2 0.247656 0.570833 0.043750 0.100000
2 0.315625 0.417361 0.065625 0.104167
2 0.344141 0.270833 0.057031 0.077778
2 0.377734 0.351389 0.060156 0.119444
2 0.412891 0.451389 0.047656 0.105556
2 0.475000 0.431250 0.060937 0.112500
3 0.357422 0.623611 0.066406 0.105556
3 0.406641 0.570139 0.052344 0.109722
3 0.701953 0.411111 0.066406 0.116667
5 0.431250 0.227778 0.046875 0.105556
11 0.431250 0.227778 0.046875 0.105556