0 0.175781 0.253472 0.059375 0.118056
0 0.186328 0.402778 0.064844 0.122222
0 0.208984 0.542361 0.047656 0.106944
0 0.232813 0.833333 0.060937 0.077778
0 0.295703 0.475000 0.064844 0.105556
0 0.357812 0.431944 0.056250 0.113889
0 0.405859 0.802083 0.041406 0.101389
0 0.426172 0.660417 0.061719 0.118056
0 0.529687 0.688194 0.042188 0.101389
1 0.175781 0.253472 0.059375 0.118056
1 0.232813 0.833333 0.060937 0.077778
1 0.295703 0.475000 0.064844 0.105556
1 0.357812 0.431944 0.056250 0.113889
1 0.405859 0.802083 0.041406 0.101389
1 0.426172 0.660417 0.061719 0.118056
1 0.529687 0.688194 0.042188 0.101389
3 0.186328 0.402778 0.064844 0.122222
3 0.208984 0.542361 0.047656 0.106944
4 0.405859 0.802083 0.041406 0.101389
4 0.529687 0.688194 0.042188 0.101389
5 0.175781 0.253472 0.059375 0.118056
5 0.232813 0.833333 0.060937 0.077778
5 0.357812 0.431944 0.056250 0.113889
5 0.426172 0.660417 0.061719 0.118056
6 0.295703 0.475000 0.064844 0.105556
11 0.405859 0.802083 0.041406 0.101389
11 0.426172 0.660417 0.061719 0.118056
13 0.295703 0.475000 0.064844 0.105556
16 0.232813 0.833333 0.060937 0.077778
17 0.175781 0.253472 0.059375 0.118056
18 0.357812 0.431944 0.056250 0.113889
20 0.529687 0.688194 0.042188 0.101389