0 0.233984 0.781944 0.067969 0.127778
0 0.248438 0.590278 0.043750 0.105556
0 0.291406 0.469444 0.062500 0.125000
0 0.307812 0.700000 0.059375 0.080556
0 0.321875 0.797222 0.067187 0.102778
0 0.366016 0.540278 0.049219 0.108333
0 0.428125 0.361111 0.062500 0.094444
0 0.504297 0.431944 0.039844 0.100000
0 0.565625 0.386111 0.062500 0.111111
0 0.681641 0.468750 0.057031 0.087500
0 0.682813 0.594444 0.053125 0.111111
2 0.233984 0.781944 0.067969 0.127778
2 0.248438 0.590278 0.043750 0.105556
2 0.291406 0.469444 0.062500 0.125000
2 0.307812 0.700000 0.059375 0.080556
2 0.321875 0.797222 0.067187 0.102778
2 0.366016 0.540278 0.049219 0.108333
2 0.428125 0.361111 0.062500 0.094444
2 0.504297 0.431944 0.039844 0.100000
2 0.565625 0.386111 0.062500 0.111111
2 0.681641 0.468750 0.057031 0.087500
2 0.682813 0.594444 0.053125 0.111111