0 0.283594 0.397222 0.062500 0.102778
0 0.343750 0.223611 0.059375 0.116667
0 0.349609 0.369444 0.063281 0.105556
0 0.364063 0.506250 0.064062 0.118056
0 0.415625 0.219444 0.064062 0.102778
0 0.414062 0.390972 0.051562 0.112500
0 0.425781 0.089583 0.056250 0.073611
0 0.486719 0.087500 0.056250 0.075000
0 0.521094 0.234028 0.062500 0.095833
0 0.535547 0.706944 0.064844 0.119444
0 0.551172 0.830556 0.066406 0.105556
0 0.553906 0.097222 0.057813 0.077778
0 0.607031 0.636111 0.067187 0.102778
0 0.617578 0.327778 0.067969 0.119444
0 0.621875 0.100000 0.059375 0.077778
0 0.639062 0.790278 0.056250 0.119444
0 0.642969 0.480556 0.050000 0.111111
0 0.696875 0.691667 0.053125 0.111111
0 0.712500 0.825000 0.065625 0.116667
0 0.723437 0.381250 0.060937 0.076389
0 0.748047 0.594444 0.066406 0.097222
0 0.785547 0.477778 0.060156 0.075000
0 0.805859 0.714583 0.066406 0.098611
1 0.425781 0.089583 0.056250 0.073611
1 0.486719 0.087500 0.056250 0.075000
1 0.553906 0.097222 0.057813 0.077778
1 0.621875 0.100000 0.059375 0.077778
2 0.415625 0.219444 0.064062 0.102778
2 0.414062 0.390972 0.051562 0.112500
2 0.521094 0.234028 0.062500 0.095833
2 0.617578 0.327778 0.067969 0.119444
2 0.642969 0.480556 0.050000 0.111111
2 0.696875 0.691667 0.053125 0.111111
2 0.712500 0.825000 0.065625 0.116667
2 0.723437 0.381250 0.060937 0.076389
2 0.748047 0.594444 0.066406 0.097222
2 0.785547 0.477778 0.060156 0.075000
2 0.805859 0.714583 0.066406 0.098611
3 0.283594 0.397222 0.062500 0.102778
3 0.343750 0.223611 0.059375 0.116667
3 0.349609 0.369444 0.063281 0.105556
3 0.364063 0.506250 0.064062 0.118056
3 0.535547 0.706944 0.064844 0.119444
3 0.551172 0.830556 0.066406 0.105556
3 0.607031 0.636111 0.067187 0.102778
3 0.639062 0.790278 0.056250 0.119444
5 0.425781 0.089583 0.056250 0.073611
6 0.553906 0.097222 0.057813 0.077778
6 0.621875 0.100000 0.059375 0.077778
7 0.486719 0.087500 0.056250 0.075000
13 0.425781 0.089583 0.056250 0.073611
13 0.621875 0.100000 0.059375 0.077778
15 0.486719 0.087500 0.056250 0.075000
15 0.554688 0.097222 0.057813 0.077778