0 0.265625 0.625000 0.059375 0.111111
0 0.261719 0.478472 0.042188 0.098611
0 0.306250 0.497222 0.039062 0.097222
0 0.328125 0.660417 0.050000 0.109722
0 0.357812 0.481250 0.050000 0.106944
0 0.416797 0.190972 0.057031 0.076389
0 0.448437 0.529861 0.059375 0.118056
0 0.453125 0.740278 0.065625 0.119444
0 0.466406 0.637500 0.056250 0.077778
0 0.466016 0.198611 0.042969 0.105556
0 0.506250 0.859722 0.060937 0.122222
0 0.507812 0.175000 0.042188 0.102778
0 0.516016 0.536111 0.058594 0.119444
0 0.524609 0.718056 0.052344 0.113889
0 0.556250 0.162500 0.059375 0.077778
0 0.568750 0.465972 0.064062 0.120833
0 0.578125 0.840278 0.059375 0.122222
0 0.627734 0.515278 0.057031 0.116667
0 0.647266 0.355556 0.052344 0.111111
0 0.696094 0.576389 0.070312 0.122222
0 0.740625 0.717361 0.070312 0.120833
1 0.416797 0.190972 0.057031 0.076389
1 0.466016 0.198611 0.042969 0.105556
1 0.507812 0.175000 0.042188 0.102778
1 0.556250 0.162500 0.059375 0.077778
2 0.265625 0.625000 0.059375 0.111111
2 0.261719 0.478472 0.042188 0.098611
2 0.306250 0.497222 0.039062 0.097222
2 0.328125 0.660417 0.050000 0.109722
2 0.357812 0.481250 0.050000 0.106944
2 0.448437 0.529861 0.059375 0.118056
2 0.466406 0.637500 0.056250 0.077778
2 0.516016 0.536111 0.058594 0.119444
2 0.568750 0.465972 0.064062 0.120833
2 0.627734 0.515278 0.057031 0.116667
2 0.696094 0.576389 0.070312 0.122222
3 0.453125 0.740278 0.065625 0.119444
3 0.506250 0.859722 0.060937 0.122222
3 0.524609 0.718056 0.052344 0.113889
3 0.578125 0.840278 0.059375 0.122222
3 0.647266 0.355556 0.052344 0.111111
3 0.740625 0.717361 0.070312 0.120833
6 0.416797 0.190972 0.057031 0.076389
6 0.466016 0.198611 0.042969 0.105556
6 0.507812 0.175000 0.042188 0.102778
6 0.556250 0.162500 0.059375 0.077778
10 0.507031 0.175000 0.042188 0.102778
11 0.556250 0.162500 0.059375 0.077778
16 0.416797 0.190972 0.057031 0.076389
19 0.466016 0.198611 0.042969 0.105556