0 0.147266 0.381944 0.069531 0.122222
0 0.154688 0.631250 0.057813 0.118056
0 0.192188 0.762500 0.070312 0.113889
0 0.196875 0.544444 0.068750 0.100000
0 0.246875 0.450000 0.064062 0.091667
0 0.277344 0.586111 0.057813 0.080556
0 0.287109 0.759028 0.066406 0.098611
0 0.332031 0.429167 0.059375 0.080556
0 0.334766 0.129861 0.046094 0.109722
0 0.368750 0.706250 0.067187 0.104167
0 0.367188 0.581250 0.057813 0.076389
0 0.386719 0.139583 0.046875 0.109722
0 0.431250 0.515278 0.056250 0.083333
0 0.446484 0.143750 0.044531 0.106944
0 0.479297 0.619444 0.061719 0.094444
0 0.484375 0.773611 0.068750 0.119444
0 0.493750 0.151389 0.043750 0.108333
0 0.547656 0.531944 0.064062 0.097222
0 0.570312 0.654861 0.068750 0.106944
0 0.584375 0.779167 0.065625 0.102778
0 0.621484 0.520139 0.049219 0.109722
0 0.671484 0.630556 0.067969 0.116667
0 0.676562 0.757639 0.062500 0.098611
1 0.334766 0.129861 0.046094 0.109722
1 0.386719 0.139583 0.046875 0.109722
1 0.446484 0.143750 0.044531 0.106944
1 0.493750 0.151389 0.043750 0.108333
2 0.154688 0.631250 0.057813 0.118056
2 0.277344 0.586111 0.057813 0.080556
2 0.431250 0.515278 0.056250 0.083333
2 0.479297 0.619444 0.061719 0.094444
2 0.484375 0.773611 0.068750 0.119444
2 0.547656 0.531944 0.064062 0.097222
2 0.570312 0.654861 0.068750 0.106944
2 0.584375 0.779167 0.065625 0.102778
2 0.621484 0.520139 0.049219 0.109722
2 0.671484 0.630556 0.067969 0.116667
2 0.676562 0.757639 0.062500 0.098611
3 0.147266 0.381944 0.069531 0.122222
3 0.192188 0.762500 0.070312 0.113889
3 0.196875 0.544444 0.068750 0.100000
3 0.246875 0.450000 0.064062 0.091667
3 0.287109 0.759028 0.066406 0.098611
3 0.332031 0.429167 0.059375 0.080556
3 0.368750 0.706250 0.067187 0.104167
3 0.367188 0.581250 0.057813 0.076389
4 0.386719 0.139583 0.046875 0.109722
5 0.446484 0.143750 0.044531 0.106944
6 0.493750 0.151389 0.043750 0.108333
7 0.334766 0.129861 0.046094 0.109722
16 0.334766 0.129861 0.046094 0.109722
16 0.386719 0.139583 0.046875 0.109722
16 0.446484 0.143750 0.044531 0.106944
16 0.493750 0.151389 0.043750 0.108333