0 0.174219 0.577778 0.071875 0.113889
0 0.196875 0.706944 0.071875 0.120833
0 0.246094 0.419444 0.067969 0.115278
0 0.314063 0.572222 0.066406 0.123611
0 0.325781 0.248611 0.068750 0.112500
0 0.342187 0.816667 0.065625 0.093056
0 0.347656 0.694444 0.058594 0.079167
0 0.353906 0.490278 0.046094 0.104167
0 0.387500 0.312500 0.062500 0.116667
0 0.446875 0.811111 0.060937 0.087500
0 0.455469 0.209722 0.059375 0.093056
0 0.483594 0.308333 0.059375 0.119444
0 0.514844 0.626389 0.064844 0.113889
0 0.518750 0.476389 0.044531 0.102778
0 0.552344 0.787500 0.066406 0.118056
0 0.572656 0.401389 0.062500 0.094444
0 0.603125 0.288889 0.066406 0.113889
0 0.616406 0.669444 0.060156 0.090278
0 0.617969 0.516667 0.060937 0.090278
2 0.174219 0.577778 0.071875 0.113889
2 0.246094 0.419444 0.067969 0.115278
2 0.314063 0.572222 0.066406 0.123611
2 0.325781 0.248611 0.068750 0.112500
2 0.347656 0.694444 0.058594 0.079167
2 0.353906 0.490278 0.046094 0.104167
2 0.387500 0.312500 0.062500 0.116667
2 0.455469 0.209722 0.059375 0.093056
2 0.483594 0.308333 0.059375 0.119444
2 0.514844 0.626389 0.064844 0.113889
2 0.518750 0.476389 0.044531 0.102778
3 0.196875 0.706944 0.071875 0.120833
3 0.342187 0.816667 0.065625 0.093056
3 0.446875 0.811111 0.060937 0.087500
3 0.552344 0.787500 0.066406 0.118056
3 0.572656 0.401389 0.062500 0.094444
3 0.603125 0.288889 0.066406 0.113889
3 0.616406 0.669444 0.060156 0.090278
3 0.617969 0.516667 0.060937 0.090278