0 0.125781 0.162500 0.061719 0.120833
0 0.142969 0.347222 0.050000 0.109722
0 0.212500 0.161111 0.065625 0.122222
0 0.214844 0.652778 0.064062 0.119444
0 0.225781 0.534722 0.067187 0.112500
0 0.239844 0.281944 0.060937 0.120833
0 0.275000 0.618056 0.066406 0.108333
0 0.337500 0.719444 0.064844 0.106944
0 0.366406 0.606944 0.063281 0.093056
0 0.417187 0.690278 0.060156 0.081944
0 0.475781 0.168056 0.046094 0.109722
0 0.475000 0.327778 0.043750 0.104167
0 0.489844 0.575000 0.052344 0.111111
0 0.516406 0.477778 0.067187 0.116667
0 0.531250 0.663889 0.057813 0.113889
0 0.539844 0.373611 0.062500 0.113889
0 0.554688 0.222222 0.060937 0.083333
0 0.582031 0.520833 0.047656 0.105556
0 0.622656 0.601389 0.064062 0.100000
2 0.125781 0.162500 0.061719 0.120833
2 0.239844 0.281944 0.060937 0.120833
2 0.475781 0.168056 0.046094 0.109722
2 0.475000 0.327778 0.043750 0.104167
2 0.489844 0.575000 0.052344 0.111111
2 0.516406 0.477778 0.067187 0.116667
2 0.531250 0.663889 0.057813 0.113889
2 0.539844 0.373611 0.062500 0.113889
2 0.554688 0.222222 0.060937 0.083333
2 0.582031 0.520833 0.047656 0.105556
2 0.622656 0.601389 0.064062 0.100000
3 0.142969 0.347222 0.050000 0.109722
3 0.212500 0.161111 0.065625 0.122222
3 0.214844 0.652778 0.064062 0.119444
3 0.225781 0.534722 0.067187 0.112500
3 0.275000 0.618056 0.066406 0.108333
3 0.337500 0.719444 0.064844 0.106944
3 0.366406 0.606944 0.063281 0.093056
3 0.417187 0.690278 0.060156 0.081944