0 0.253906 0.226389 0.052344 0.113889
0 0.264844 0.479167 0.066406 0.105556
0 0.286719 0.329167 0.067969 0.120833
0 0.323437 0.173611 0.059375 0.120833
0 0.338281 0.404167 0.063281 0.122222
0 0.356250 0.561111 0.049219 0.112500
0 0.419531 0.227778 0.062500 0.097222
0 0.420312 0.676389 0.062500 0.120833
0 0.428125 0.395833 0.067969 0.118056
0 0.447656 0.120833 0.064844 0.100000
0 0.459375 0.815278 0.067969 0.113889
0 0.460156 0.511111 0.065625 0.119444
0 0.497656 0.241667 0.064844 0.108333
0 0.521875 0.552778 0.057031 0.115278
0 0.532813 0.758333 0.062500 0.120833
0 0.538281 0.376389 0.050000 0.113889
0 0.555469 0.638889 0.053906 0.112500
0 0.611719 0.519444 0.062500 0.097222
0 0.648438 0.362500 0.059375 0.080556
0 0.662500 0.629167 0.065625 0.112500
1 0.286719 0.329167 0.067969 0.120833
1 0.338281 0.404167 0.063281 0.122222
1 0.356250 0.561111 0.049219 0.112500
1 0.538281 0.376389 0.050000 0.113889
2 0.419531 0.227778 0.062500 0.097222
2 0.428125 0.395833 0.067969 0.118056
2 0.447656 0.120833 0.064844 0.100000
2 0.497656 0.241667 0.064844 0.108333
2 0.521875 0.552778 0.057031 0.115278
2 0.555469 0.638889 0.053906 0.112500
2 0.611719 0.519444 0.062500 0.097222
2 0.648438 0.362500 0.059375 0.080556
2 0.662500 0.629167 0.065625 0.112500
3 0.253906 0.226389 0.052344 0.113889
3 0.264844 0.479167 0.066406 0.105556
3 0.323437 0.173611 0.059375 0.120833
3 0.420312 0.676389 0.062500 0.120833
3 0.459375 0.815278 0.067969 0.113889
3 0.460156 0.511111 0.065625 0.119444
3 0.532813 0.758333 0.062500 0.120833
4 0.356250 0.561111 0.049219 0.112500
5 0.286719 0.329167 0.067969 0.120833
5 0.538281 0.376389 0.050000 0.113889
7 0.338281 0.404167 0.063281 0.122222
16 0.286719 0.329167 0.067969 0.120833
16 0.338281 0.404167 0.063281 0.122222
18 0.356250 0.561111 0.049219 0.112500
18 0.538281 0.376389 0.050000 0.113889