0 0.137500 0.556250 0.068750 0.101389
0 0.153125 0.407639 0.071875 0.112500
0 0.172266 0.706944 0.046094 0.105556
0 0.215625 0.566667 0.062500 0.086111
0 0.234375 0.445833 0.060937 0.086111
0 0.243750 0.719444 0.046875 0.108333
0 0.286328 0.347222 0.060156 0.080556
0 0.300391 0.718750 0.049219 0.109722
0 0.336719 0.504861 0.059375 0.081944
0 0.381250 0.147222 0.045312 0.108333
0 0.391406 0.734722 0.043750 0.105556
0 0.432422 0.570139 0.041406 0.098611
0 0.443750 0.156944 0.043750 0.108333
0 0.451172 0.768750 0.042969 0.104167
0 0.487891 0.163889 0.044531 0.105556
0 0.491406 0.579861 0.042188 0.098611
0 0.513281 0.776389 0.046875 0.105556
0 0.534766 0.172222 0.044531 0.105556
0 0.541406 0.593056 0.045312 0.102778
0 0.569141 0.777778 0.044531 0.105556
0 0.605469 0.580556 0.045312 0.102778
0 0.631641 0.770833 0.049219 0.108333
0 0.659375 0.565278 0.050000 0.105556
1 0.381250 0.147222 0.045312 0.108333
1 0.443750 0.156944 0.043750 0.108333
1 0.487891 0.163889 0.044531 0.105556
1 0.534766 0.172222 0.044531 0.105556
2 0.153125 0.407639 0.071875 0.112500
2 0.172266 0.706944 0.046094 0.105556
2 0.234375 0.445833 0.060937 0.086111
2 0.243750 0.719444 0.046875 0.108333
2 0.286328 0.347222 0.060156 0.080556
2 0.300391 0.718750 0.049219 0.109722
2 0.432422 0.570139 0.041406 0.098611
2 0.491406 0.579861 0.042188 0.098611
2 0.541406 0.593056 0.045312 0.102778
2 0.605469 0.580556 0.045312 0.102778
2 0.659375 0.565278 0.050000 0.105556
3 0.137500 0.556250 0.068750 0.101389
3 0.215625 0.566667 0.062500 0.086111
3 0.336719 0.504861 0.059375 0.081944
3 0.391406 0.734722 0.043750 0.105556
3 0.451172 0.768750 0.042969 0.104167
3 0.513281 0.776389 0.046875 0.105556
3 0.569141 0.777778 0.044531 0.105556
3 0.631641 0.770833 0.049219 0.108333
4 0.381250 0.147222 0.045312 0.108333
5 0.534766 0.172222 0.044531 0.105556
6 0.487891 0.163889 0.044531 0.105556
7 0.443750 0.156944 0.043750 0.108333
12 0.381250 0.147222 0.045312 0.108333
12 0.443750 0.156944 0.043750 0.108333
12 0.487891 0.163889 0.044531 0.105556
12 0.534766 0.172222 0.044531 0.105556