0 0.247656 0.511111 0.060156 0.079167
0 0.249219 0.645833 0.062500 0.087500
0 0.296094 0.734722 0.059375 0.077778
0 0.308594 0.406944 0.059375 0.077778
0 0.328906 0.523611 0.060937 0.081944
0 0.328125 0.631944 0.057813 0.076389
0 0.365625 0.737500 0.058594 0.076389
0 0.402344 0.637500 0.057813 0.076389
0 0.403906 0.522222 0.059375 0.079167
0 0.405469 0.175000 0.045312 0.106944
0 0.483594 0.187500 0.046094 0.106944
0 0.496875 0.734722 0.060937 0.116667
0 0.501563 0.594444 0.045312 0.102778
0 0.544531 0.201389 0.047656 0.111111
0 0.555469 0.788889 0.067187 0.123611
0 0.557813 0.562500 0.042969 0.101389
0 0.595313 0.202778 0.046094 0.109722
0 0.621094 0.520833 0.068750 0.119444
0 0.632812 0.770833 0.068750 0.119444
0 0.689063 0.647222 0.057031 0.079167
0 0.695312 0.506944 0.067969 0.109722
0 0.705469 0.761111 0.067969 0.120833
1 0.405469 0.175000 0.045312 0.106944
1 0.483594 0.187500 0.046094 0.106944
1 0.544531 0.201389 0.047656 0.111111
1 0.595313 0.202778 0.046094 0.109722
2 0.403906 0.522222 0.059375 0.079167
2 0.496875 0.734722 0.060937 0.116667
2 0.501563 0.594444 0.045312 0.102778
2 0.555469 0.788889 0.067187 0.123611
2 0.557813 0.562500 0.042969 0.101389
2 0.621094 0.520833 0.068750 0.119444
2 0.632812 0.770833 0.068750 0.119444
2 0.689063 0.647222 0.057031 0.079167
2 0.695312 0.506944 0.067969 0.109722
2 0.705469 0.761111 0.067969 0.120833
3 0.247656 0.511111 0.060156 0.079167
3 0.249219 0.645833 0.062500 0.087500
3 0.296094 0.734722 0.059375 0.077778
3 0.308594 0.406944 0.059375 0.077778
3 0.328906 0.523611 0.060937 0.081944
3 0.328125 0.631944 0.057813 0.076389
3 0.365625 0.737500 0.058594 0.076389
3 0.402344 0.637500 0.057813 0.076389
4 0.483594 0.187500 0.046094 0.106944
5 0.544531 0.201389 0.047656 0.111111
6 0.595313 0.202778 0.046094 0.109722
7 0.405469 0.175000 0.045312 0.106944
20 0.405469 0.175000 0.045312 0.106944
20 0.483594 0.187500 0.046094 0.106944
20 0.544531 0.201389 0.047656 0.111111
20 0.595313 0.202778 0.046094 0.109722