0 0.250781 0.656944 0.062500 0.086111
0 0.250000 0.520139 0.059375 0.079167
0 0.297656 0.743750 0.059375 0.079167
0 0.312500 0.411111 0.059375 0.080556
0 0.330469 0.532639 0.059375 0.081944
0 0.329688 0.643056 0.057813 0.077778
0 0.353906 0.170833 0.043750 0.108333
0 0.367578 0.747917 0.058594 0.076389
0 0.403906 0.648611 0.057813 0.077778
0 0.405859 0.531250 0.058594 0.079167
0 0.401953 0.179861 0.044531 0.106944
0 0.498047 0.745139 0.061719 0.118056
0 0.496875 0.192361 0.050000 0.112500
0 0.503906 0.605556 0.043750 0.100000
0 0.548828 0.196528 0.049219 0.112500
0 0.571875 0.837500 0.068750 0.119444
0 0.559375 0.572917 0.040625 0.098611
0 0.618750 0.642361 0.062500 0.101389
0 0.690625 0.659722 0.056250 0.077778
2 0.353906 0.170833 0.043750 0.108333
2 0.405859 0.531250 0.058594 0.079167
2 0.401953 0.179861 0.044531 0.106944
2 0.498047 0.745139 0.061719 0.118056
2 0.496875 0.192361 0.050000 0.112500
2 0.503906 0.605556 0.043750 0.100000
2 0.548828 0.196528 0.049219 0.112500
2 0.571875 0.837500 0.068750 0.119444
2 0.559375 0.572917 0.040625 0.098611
2 0.618750 0.642361 0.062500 0.101389
2 0.690625 0.659722 0.056250 0.077778
3 0.250781 0.656944 0.062500 0.086111
3 0.250000 0.520139 0.059375 0.079167
3 0.297656 0.743750 0.059375 0.079167
3 0.312500 0.411111 0.059375 0.080556
3 0.330469 0.532639 0.059375 0.081944
3 0.329688 0.643056 0.057813 0.077778
3 0.367578 0.747917 0.058594 0.076389
3 0.403906 0.648611 0.057813 0.077778