0 0.281250 0.635417 0.059375 0.109722
0 0.302344 0.481944 0.053125 0.108333
0 0.332031 0.651389 0.060937 0.111111
0 0.330469 0.390972 0.051562 0.070833
0 0.359375 0.483333 0.056250 0.111111
0 0.439063 0.368750 0.050000 0.109722
0 0.457031 0.793750 0.060937 0.120833
0 0.458203 0.263194 0.060156 0.087500
0 0.457813 0.507639 0.059375 0.118056
0 0.492188 0.366667 0.060937 0.088889
0 0.490625 0.691667 0.054688 0.075000
0 0.492969 0.606250 0.057813 0.079167
0 0.511719 0.268750 0.050000 0.112500
0 0.519531 0.506250 0.062500 0.118056
0 0.523438 0.790278 0.060937 0.119444
0 0.583594 0.648611 0.067187 0.119444
0 0.617188 0.443750 0.067187 0.118056
0 0.622266 0.304861 0.066406 0.120833
0 0.639844 0.555556 0.064062 0.091667
0 0.653125 0.729861 0.059375 0.120833
0 0.683984 0.463889 0.058594 0.119444
0 0.689844 0.831250 0.062500 0.081944
0 0.719141 0.722917 0.064844 0.123611
1 0.439063 0.368750 0.050000 0.109722
1 0.458203 0.263194 0.060156 0.087500
1 0.492188 0.366667 0.060937 0.088889
1 0.511719 0.268750 0.050000 0.112500
2 0.281250 0.635417 0.059375 0.109722
2 0.302344 0.481944 0.053125 0.108333
2 0.332031 0.651389 0.060937 0.111111
2 0.330469 0.390972 0.051562 0.070833
2 0.359375 0.483333 0.056250 0.111111
2 0.457813 0.507639 0.059375 0.118056
2 0.492969 0.606250 0.057813 0.079167
2 0.519531 0.506250 0.062500 0.118056
2 0.617188 0.443750 0.067187 0.118056
2 0.639844 0.555556 0.064062 0.091667
2 0.683984 0.463889 0.058594 0.119444
3 0.457031 0.793750 0.060937 0.120833
3 0.490625 0.691667 0.054688 0.075000
3 0.523438 0.790278 0.060937 0.119444
3 0.583594 0.648611 0.067187 0.119444
3 0.622266 0.304861 0.066406 0.120833
3 0.653125 0.729861 0.059375 0.120833
3 0.689844 0.831250 0.062500 0.081944
3 0.719141 0.722917 0.064844 0.123611
6 0.439063 0.368750 0.050000 0.109722
6 0.458203 0.263194 0.060156 0.087500
6 0.492188 0.366667 0.060937 0.088889
6 0.511719 0.268750 0.050000 0.112500
10 0.492188 0.366667 0.060937 0.088889
11 0.439063 0.368750 0.050000 0.109722
16 0.458203 0.263194 0.060156 0.087500
19 0.511719 0.268750 0.050000 0.112500