0 0.453125 0.893750 0.062500 0.120833
0 0.492969 0.775000 0.053125 0.116667
0 0.555469 0.675000 0.059375 0.080556
0 0.571484 0.863889 0.057031 0.083333
0 0.649219 0.773611 0.064062 0.122222
0 0.727734 0.740972 0.061719 0.087500
0 0.784375 0.663889 0.059375 0.116667
0 0.810937 0.786111 0.068750 0.100000
0 0.937109 0.537500 0.050781 0.113889
2 0.492969 0.775000 0.053125 0.116667
2 0.727734 0.740972 0.061719 0.087500
2 0.784375 0.663889 0.059375 0.116667
2 0.937109 0.537500 0.050781 0.113889
3 0.453125 0.893750 0.062500 0.120833
3 0.555469 0.675000 0.059375 0.080556
3 0.571484 0.863889 0.057031 0.083333
3 0.649219 0.773611 0.064062 0.122222
3 0.810937 0.786111 0.068750 0.100000