0 0.157031 0.642361 0.057813 0.118056
0 0.202344 0.556250 0.065625 0.123611
0 0.200391 0.767361 0.057031 0.115278
0 0.246875 0.481250 0.071875 0.126389
0 0.260156 0.752778 0.051562 0.113889
0 0.309766 0.712500 0.057031 0.119444
0 0.365625 0.645139 0.067187 0.120833
0 0.367969 0.154861 0.043750 0.106944
0 0.398438 0.559028 0.062500 0.120833
0 0.430469 0.181250 0.043750 0.106944
0 0.440625 0.754861 0.056250 0.115278
0 0.450781 0.492361 0.051562 0.112500
0 0.478125 0.188194 0.043750 0.109722
0 0.506250 0.481250 0.043750 0.101389
0 0.514062 0.777778 0.046875 0.105556
0 0.525391 0.602778 0.041406 0.097222
0 0.528906 0.191667 0.045312 0.108333
0 0.569922 0.779861 0.044531 0.106944
0 0.588281 0.444444 0.060937 0.116667
0 0.594141 0.604167 0.053906 0.111111
0 0.637500 0.556944 0.064062 0.116667
0 0.635156 0.775000 0.048438 0.108333
0 0.644531 0.406944 0.054688 0.113889
1 0.367969 0.154861 0.043750 0.106944
1 0.430469 0.181250 0.043750 0.106944
1 0.478125 0.188194 0.043750 0.109722
1 0.528906 0.191667 0.045312 0.108333
2 0.157031 0.642361 0.057813 0.118056
2 0.202344 0.556250 0.065625 0.123611
2 0.200391 0.767361 0.057031 0.115278
2 0.246875 0.481250 0.071875 0.126389
2 0.260156 0.752778 0.051562 0.113889
2 0.309766 0.712500 0.057031 0.119444
2 0.525391 0.602778 0.041406 0.097222
2 0.588281 0.444444 0.060937 0.116667
2 0.594141 0.604167 0.053906 0.111111
2 0.637500 0.556944 0.064062 0.116667
2 0.644531 0.406944 0.054688 0.113889
3 0.365625 0.645139 0.067187 0.120833
3 0.398438 0.559028 0.062500 0.120833
3 0.440625 0.754861 0.056250 0.115278
3 0.450781 0.492361 0.051562 0.112500
3 0.506250 0.481250 0.043750 0.101389
3 0.514062 0.777778 0.046875 0.105556
3 0.569922 0.779861 0.044531 0.106944
3 0.635156 0.775000 0.048438 0.108333
4 0.367969 0.154861 0.043750 0.106944
5 0.430469 0.181250 0.043750 0.106944
6 0.478125 0.188194 0.043750 0.109722
7 0.528906 0.191667 0.045312 0.108333
13 0.367969 0.154861 0.043750 0.106944
13 0.430469 0.181250 0.043750 0.106944
13 0.478125 0.188194 0.043750 0.109722
13 0.528906 0.191667 0.045312 0.108333