0 0.138281 0.550000 0.068750 0.102778
0 0.154688 0.404167 0.070312 0.111111
0 0.173047 0.701389 0.046094 0.105556
0 0.217188 0.561111 0.062500 0.083333
0 0.234766 0.440972 0.061719 0.084722
0 0.244141 0.715278 0.047656 0.108333
0 0.287500 0.343056 0.059375 0.080556
0 0.301563 0.715278 0.048438 0.111111
0 0.325391 0.141667 0.044531 0.108333
0 0.337500 0.500000 0.059375 0.083333
0 0.374609 0.144444 0.047656 0.111111
0 0.391016 0.731250 0.044531 0.104167
0 0.425391 0.146528 0.044531 0.109722
0 0.433594 0.568750 0.040625 0.098611
0 0.452344 0.766667 0.043750 0.102778
0 0.473438 0.151389 0.043750 0.105556
0 0.491016 0.577083 0.042969 0.098611
0 0.514062 0.773611 0.046875 0.105556
0 0.541016 0.590972 0.046094 0.104167
0 0.569922 0.775000 0.044531 0.105556
0 0.606250 0.579167 0.045312 0.102778
0 0.631641 0.768056 0.049219 0.108333
0 0.659766 0.563889 0.049219 0.105556
1 0.325391 0.141667 0.044531 0.108333
1 0.374609 0.144444 0.047656 0.111111
1 0.425391 0.146528 0.044531 0.109722
1 0.473438 0.151389 0.043750 0.105556
2 0.154688 0.404167 0.070312 0.111111
2 0.173047 0.701389 0.046094 0.105556
2 0.234766 0.440972 0.061719 0.084722
2 0.244141 0.715278 0.047656 0.108333
2 0.287500 0.343056 0.059375 0.080556
2 0.301563 0.715278 0.048438 0.111111
2 0.433594 0.568750 0.040625 0.098611
2 0.491016 0.577083 0.042969 0.098611
2 0.541016 0.590972 0.046094 0.104167
2 0.606250 0.579167 0.045312 0.102778
2 0.659766 0.563889 0.049219 0.105556
3 0.138281 0.550000 0.068750 0.102778
3 0.217188 0.561111 0.062500 0.083333
3 0.337500 0.500000 0.059375 0.083333
3 0.391016 0.731250 0.044531 0.104167
3 0.452344 0.766667 0.043750 0.102778
3 0.514062 0.773611 0.046875 0.105556
3 0.569922 0.775000 0.044531 0.105556
3 0.631641 0.768056 0.049219 0.108333
4 0.325391 0.141667 0.044531 0.108333
5 0.473438 0.151389 0.043750 0.105556
6 0.425391 0.146528 0.044531 0.109722
7 0.374609 0.144444 0.047656 0.111111
12 0.325391 0.141667 0.044531 0.108333
12 0.374609 0.144444 0.047656 0.111111
12 0.425391 0.146528 0.044531 0.109722
12 0.473438 0.151389 0.043750 0.105556