0 0.152344 0.365278 0.050000 0.111111
0 0.200391 0.405556 0.042969 0.102778
0 0.230859 0.568750 0.063281 0.118056
0 0.265625 0.090972 0.059375 0.076389
0 0.278125 0.473611 0.050000 0.111111
0 0.305859 0.644444 0.058594 0.119444
0 0.324219 0.086111 0.059375 0.077778
0 0.382031 0.487500 0.067187 0.119444
0 0.382812 0.081944 0.057813 0.077778
0 0.375391 0.650000 0.042969 0.105556
0 0.444141 0.077083 0.060156 0.079167
0 0.450000 0.618750 0.051562 0.112500
0 0.468359 0.401389 0.046094 0.105556
0 0.492578 0.289583 0.061719 0.090278
0 0.487500 0.713889 0.043750 0.105556
0 0.533203 0.215278 0.061719 0.094444
0 0.532031 0.437500 0.053125 0.116667
0 0.548828 0.695139 0.064844 0.106944
0 0.567187 0.328472 0.068750 0.118056
0 0.609375 0.702083 0.060937 0.115278
0 0.608984 0.493056 0.041406 0.100000
0 0.662500 0.741667 0.059375 0.116667
0 0.678516 0.521528 0.067969 0.112500
1 0.265625 0.090972 0.059375 0.076389
1 0.324219 0.086111 0.059375 0.077778
1 0.382812 0.081944 0.057813 0.077778
1 0.444141 0.077083 0.060156 0.079167
2 0.152344 0.365278 0.050000 0.111111
2 0.200391 0.405556 0.042969 0.102778
2 0.382031 0.487500 0.067187 0.119444
2 0.468359 0.401389 0.046094 0.105556
2 0.532031 0.437500 0.053125 0.116667
2 0.548828 0.695139 0.064844 0.106944
2 0.567187 0.328472 0.068750 0.118056
2 0.609375 0.702083 0.060937 0.115278
2 0.608984 0.493056 0.041406 0.100000
2 0.662500 0.741667 0.059375 0.116667
2 0.678516 0.521528 0.067969 0.112500
3 0.230859 0.568750 0.063281 0.118056
3 0.278125 0.473611 0.050000 0.111111
3 0.305859 0.644444 0.058594 0.119444
3 0.375391 0.650000 0.042969 0.105556
3 0.450000 0.618750 0.051562 0.112500
3 0.492578 0.289583 0.061719 0.090278
3 0.487500 0.713889 0.043750 0.105556
3 0.533203 0.215278 0.061719 0.094444
5 0.444141 0.077083 0.060156 0.079167
7 0.265625 0.090972 0.059375 0.076389
7 0.324219 0.086111 0.059375 0.077778
7 0.382812 0.081944 0.057813 0.077778
8 0.265625 0.090972 0.059375 0.076389
10 0.324219 0.086111 0.059375 0.077778
17 0.382812 0.081944 0.057813 0.077778
17 0.444141 0.077083 0.060156 0.079167