0 0.457031 0.491667 0.059375 0.118056
0 0.465625 0.344444 0.064844 0.112500
0 0.485938 0.613889 0.062500 0.119444
0 0.514844 0.259722 0.065625 0.106944
0 0.542969 0.701389 0.060156 0.087500
0 0.570312 0.390278 0.063281 0.098611
0 0.588281 0.202778 0.057813 0.084722
0 0.598437 0.719444 0.046875 0.105556
0 0.615625 0.504167 0.065625 0.104167
0 0.650000 0.651389 0.064844 0.095833
0 0.660156 0.229167 0.061719 0.090278
0 0.711719 0.562500 0.064844 0.106944
0 0.711719 0.327778 0.051562 0.112500
0 0.724219 0.448611 0.040625 0.100000
1 0.457031 0.491667 0.059375 0.118056
2 0.465625 0.344444 0.064844 0.112500
2 0.485938 0.613889 0.062500 0.119444
2 0.514844 0.259722 0.065625 0.106944
2 0.570312 0.390278 0.063281 0.098611
2 0.615625 0.504167 0.065625 0.104167
2 0.650000 0.651389 0.064844 0.095833
2 0.660156 0.229167 0.061719 0.090278
2 0.711719 0.562500 0.064844 0.106944
2 0.711719 0.327778 0.051562 0.112500
2 0.724219 0.448611 0.040625 0.100000
3 0.542969 0.701389 0.060156 0.087500
3 0.588281 0.202778 0.057813 0.084722
3 0.598437 0.719444 0.046875 0.105556
4 0.457031 0.491667 0.059375 0.118056
20 0.457031 0.491667 0.059375 0.118056