0 0.261719 0.401389 0.069531 0.126389
0 0.288281 0.618056 0.068750 0.126389
0 0.289062 0.141667 0.062500 0.084722
0 0.305469 0.456944 0.067969 0.126389
0 0.343750 0.741667 0.065625 0.095833
0 0.351562 0.133333 0.064062 0.086111
0 0.416406 0.123611 0.064062 0.083333
0 0.446875 0.805556 0.057031 0.123611
0 0.481250 0.119444 0.063281 0.084722
0 0.478906 0.641667 0.054688 0.122222
0 0.518750 0.802778 0.057031 0.123611
0 0.554688 0.513889 0.068750 0.101389
0 0.569531 0.381944 0.069531 0.104167
0 0.568750 0.652778 0.051562 0.116667
0 0.583594 0.229167 0.064844 0.088889
0 0.619531 0.755556 0.054688 0.118056
0 0.634375 0.488889 0.068750 0.098611
0 0.658594 0.322222 0.074219 0.108333
0 0.678125 0.618056 0.071875 0.125000
0 0.706250 0.418056 0.066406 0.084722
0 0.715625 0.715278 0.066406 0.088889
0 0.742969 0.525000 0.074219 0.119444
0 0.825000 0.565278 0.071875 0.104167
1 0.289062 0.141667 0.062500 0.084722
1 0.351562 0.133333 0.064062 0.086111
1 0.416406 0.123611 0.064062 0.083333
1 0.481250 0.119444 0.063281 0.084722
2 0.261719 0.401389 0.069531 0.126389
2 0.305469 0.456944 0.067969 0.126389
2 0.554688 0.513889 0.068750 0.101389
2 0.569531 0.381944 0.069531 0.104167
2 0.619531 0.755556 0.054688 0.118056
2 0.634375 0.488889 0.068750 0.098611
2 0.678125 0.618056 0.071875 0.125000
2 0.706250 0.418056 0.066406 0.084722
2 0.715625 0.715278 0.066406 0.088889
2 0.742969 0.525000 0.074219 0.119444
2 0.825000 0.565278 0.071875 0.104167
3 0.288281 0.618056 0.068750 0.126389
3 0.343750 0.741667 0.065625 0.095833
3 0.446875 0.805556 0.057031 0.123611
3 0.478906 0.641667 0.054688 0.122222
3 0.518750 0.802778 0.057031 0.123611
3 0.568750 0.652778 0.051562 0.116667
3 0.583594 0.229167 0.064844 0.088889
3 0.658594 0.322222 0.074219 0.108333
6 0.416406 0.123611 0.064062 0.083333
6 0.481250 0.119444 0.063281 0.084722
7 0.289062 0.141667 0.062500 0.084722
7 0.351562 0.133333 0.064062 0.086111
12 0.289062 0.141667 0.062500 0.084722
14 0.351562 0.133333 0.064062 0.086111
18 0.481250 0.119444 0.063281 0.084722
20 0.416406 0.123611 0.064062 0.083333