0 0.385937 0.781250 0.048438 0.109722
0 0.448047 0.531250 0.042969 0.104167
0 0.482812 0.671528 0.057813 0.079167
0 0.496484 0.909028 0.067969 0.115278
0 0.525391 0.456250 0.050781 0.109722
0 0.560156 0.772222 0.057813 0.083333
0 0.633984 0.823611 0.061719 0.094444
0 0.663281 0.723611 0.057813 0.116667
0 0.798828 0.830556 0.069531 0.113889
0 0.847656 0.619444 0.065625 0.116667
0 0.930469 0.550694 0.050000 0.112500
2 0.385937 0.781250 0.048438 0.109722
2 0.448047 0.531250 0.042969 0.104167
2 0.482812 0.671528 0.057813 0.079167
2 0.496484 0.909028 0.067969 0.115278
2 0.525391 0.456250 0.050781 0.109722
2 0.847656 0.619444 0.065625 0.116667
2 0.930469 0.550694 0.050000 0.112500
3 0.560156 0.772222 0.057813 0.083333
3 0.633984 0.823611 0.061719 0.094444
3 0.663281 0.723611 0.057813 0.116667
3 0.798828 0.830556 0.069531 0.113889