0 0.222656 0.859722 0.061719 0.122222
0 0.260937 0.606944 0.071094 0.118056
0 0.310937 0.693056 0.059375 0.080556
0 0.320312 0.820833 0.069531 0.112500
0 0.552344 0.440278 0.062500 0.112500
0 0.626563 0.519444 0.061719 0.102778
0 0.672656 0.590278 0.052344 0.111111
2 0.222656 0.859722 0.061719 0.122222
2 0.260937 0.606944 0.071094 0.118056
2 0.310937 0.693056 0.059375 0.080556
2 0.320312 0.820833 0.069531 0.112500
2 0.552344 0.440278 0.062500 0.112500
2 0.626563 0.519444 0.061719 0.102778
2 0.672656 0.590278 0.052344 0.111111