0 0.345313 0.797222 0.043750 0.102778
0 0.382031 0.404167 0.067187 0.108333
0 0.396484 0.674306 0.064844 0.118056
0 0.414062 0.852778 0.065625 0.100000
0 0.434766 0.509722 0.060156 0.083333
0 0.438281 0.738889 0.065625 0.105556
0 0.471094 0.604861 0.057813 0.115278
0 0.502344 0.868056 0.065625 0.116667
0 0.508203 0.718056 0.064844 0.113889
0 0.529687 0.476389 0.056250 0.080556
0 0.549609 0.604167 0.046094 0.105556
0 0.594531 0.217361 0.048438 0.109722
0 0.602734 0.787500 0.058594 0.119444
0 0.612500 0.630556 0.064062 0.100000
1 0.345313 0.797222 0.043750 0.102778
1 0.382031 0.404167 0.067187 0.108333
1 0.396484 0.674306 0.064844 0.118056
1 0.414062 0.852778 0.065625 0.100000
1 0.434766 0.509722 0.060156 0.083333
1 0.438281 0.738889 0.065625 0.105556
1 0.529687 0.476389 0.056250 0.080556
1 0.594531 0.217361 0.048438 0.109722
1 0.602734 0.787500 0.058594 0.119444
1 0.612500 0.630556 0.064062 0.100000
3 0.471094 0.604861 0.057813 0.115278
3 0.502344 0.868056 0.065625 0.116667
3 0.508203 0.718056 0.064844 0.113889
3 0.549609 0.604167 0.046094 0.105556
4 0.438281 0.738889 0.065625 0.105556
4 0.529687 0.476389 0.056250 0.080556
5 0.602734 0.787500 0.058594 0.119444
5 0.612500 0.630556 0.064062 0.100000
6 0.345313 0.797222 0.043750 0.102778
6 0.382031 0.404167 0.067187 0.108333
6 0.396484 0.674306 0.064844 0.118056
6 0.414062 0.852778 0.065625 0.100000
7 0.434766 0.509722 0.060156 0.083333
7 0.594531 0.217361 0.048438 0.109722
10 0.345313 0.797222 0.043750 0.102778
10 0.602734 0.787500 0.058594 0.119444
11 0.414062 0.852778 0.065625 0.100000
13 0.594531 0.217361 0.048438 0.109722
15 0.396484 0.674306 0.064844 0.118056
15 0.434766 0.509722 0.060156 0.083333
15 0.612500 0.630556 0.064062 0.100000
17 0.529687 0.476389 0.056250 0.080556
19 0.382031 0.404167 0.067187 0.108333
20 0.438281 0.738889 0.065625 0.105556