0 0.255469 0.404861 0.068750 0.131944
0 0.281641 0.618750 0.067969 0.126389
0 0.299219 0.462500 0.070312 0.136111
0 0.315234 0.105556 0.066406 0.091667
0 0.337891 0.742361 0.064844 0.095833
0 0.378125 0.090278 0.065625 0.094444
0 0.441016 0.073611 0.066406 0.091667
0 0.442188 0.806944 0.057813 0.125000
0 0.473438 0.640972 0.054688 0.120833
0 0.506250 0.061111 0.064062 0.094444
0 0.514062 0.802083 0.057813 0.123611
0 0.548828 0.513889 0.067969 0.100000
0 0.563281 0.381250 0.070312 0.104167
0 0.562500 0.651389 0.051562 0.116667
0 0.576172 0.227083 0.066406 0.087500
0 0.612891 0.754167 0.053906 0.119444
0 0.626953 0.487500 0.069531 0.097222
0 0.627734 0.487500 0.067969 0.100000
0 0.653516 0.320833 0.075781 0.108333
0 0.671875 0.616667 0.071875 0.125000
0 0.700000 0.415972 0.067187 0.084722
0 0.709766 0.712500 0.067969 0.091667
0 0.736719 0.521528 0.073438 0.120833
0 0.817969 0.561111 0.071875 0.105556
1 0.315234 0.105556 0.066406 0.091667
1 0.378125 0.090278 0.065625 0.094444
1 0.441016 0.073611 0.066406 0.091667
1 0.506250 0.061111 0.064062 0.094444
2 0.255469 0.404861 0.068750 0.131944
2 0.299219 0.462500 0.070312 0.136111
2 0.548828 0.513889 0.067969 0.100000
2 0.563281 0.381250 0.070312 0.104167
2 0.612891 0.754167 0.053906 0.119444
2 0.626953 0.487500 0.069531 0.097222
2 0.627734 0.487500 0.067969 0.100000
2 0.671875 0.616667 0.071875 0.125000
2 0.700000 0.415972 0.067187 0.084722
2 0.709766 0.712500 0.067969 0.091667
2 0.736719 0.521528 0.073438 0.120833
2 0.817969 0.561111 0.071875 0.105556
3 0.281641 0.618750 0.067969 0.126389
3 0.337891 0.742361 0.064844 0.095833
3 0.442188 0.806944 0.057813 0.125000
3 0.473438 0.640972 0.054688 0.120833
3 0.514062 0.802083 0.057813 0.123611
3 0.562500 0.651389 0.051562 0.116667
3 0.576172 0.227083 0.066406 0.087500
3 0.653516 0.320833 0.075781 0.108333
6 0.441016 0.073611 0.066406 0.091667
6 0.506250 0.061111 0.064062 0.094444
7 0.315234 0.105556 0.066406 0.091667
7 0.378125 0.090278 0.065625 0.094444
12 0.315234 0.105556 0.066406 0.091667
14 0.378125 0.090278 0.065625 0.094444
18 0.506250 0.061111 0.064062 0.094444
20 0.441016 0.073611 0.066406 0.091667