0 0.194141 0.726389 0.069531 0.119444
0 0.197656 0.329167 0.070312 0.113889
0 0.209766 0.591667 0.064844 0.094444
0 0.218359 0.454861 0.069531 0.106944
0 0.258594 0.525000 0.068750 0.113889
0 0.265625 0.367361 0.068750 0.120833
0 0.270313 0.675694 0.042188 0.101389
0 0.310937 0.483333 0.067187 0.116667
0 0.314844 0.779167 0.064062 0.097222
0 0.327734 0.675000 0.052344 0.111111
0 0.377734 0.706250 0.046094 0.104167
0 0.412500 0.788889 0.065625 0.105556
0 0.415625 0.079861 0.057813 0.115278
0 0.462500 0.237500 0.065625 0.119444
0 0.489063 0.803472 0.065625 0.112500
0 0.527344 0.708333 0.057813 0.119444
0 0.534766 0.343750 0.050781 0.112500
0 0.538672 0.215972 0.047656 0.106944
0 0.550781 0.600000 0.056250 0.119444
0 0.607812 0.782639 0.057813 0.076389
0 0.626563 0.687500 0.064062 0.113889
0 0.646875 0.868056 0.060937 0.088889
0 0.652344 0.283333 0.065625 0.113889
0 0.669922 0.626389 0.052344 0.111111
0 0.709375 0.441667 0.064062 0.102778
0 0.719531 0.795139 0.039062 0.098611
0 0.769141 0.660417 0.041406 0.101389
1 0.194141 0.726389 0.069531 0.119444
1 0.197656 0.329167 0.070312 0.113889
1 0.209766 0.591667 0.064844 0.094444
1 0.218359 0.454861 0.069531 0.106944
1 0.258594 0.525000 0.068750 0.113889
1 0.265625 0.367361 0.068750 0.120833
1 0.270313 0.675694 0.042188 0.101389
1 0.310937 0.483333 0.067187 0.116667
1 0.314844 0.779167 0.064062 0.097222
1 0.327734 0.675000 0.052344 0.111111
1 0.377734 0.706250 0.046094 0.104167
1 0.412500 0.788889 0.065625 0.105556
1 0.415625 0.079861 0.057813 0.115278
1 0.462500 0.237500 0.065625 0.119444
1 0.489063 0.803472 0.065625 0.112500
1 0.527344 0.708333 0.057813 0.119444
1 0.534766 0.343750 0.050781 0.112500
1 0.538672 0.215972 0.047656 0.106944
1 0.607812 0.782639 0.057813 0.076389
1 0.626563 0.687500 0.064062 0.113889
1 0.646875 0.868056 0.060937 0.088889
1 0.652344 0.283333 0.065625 0.113889
1 0.669922 0.626389 0.052344 0.111111
1 0.709375 0.441667 0.064062 0.102778
1 0.719531 0.795139 0.039062 0.098611
1 0.769141 0.660417 0.041406 0.101389
2 0.550781 0.600000 0.056250 0.119444
4 0.209766 0.591667 0.064844 0.094444
4 0.258594 0.525000 0.068750 0.113889
4 0.412500 0.788889 0.065625 0.105556
4 0.415625 0.079861 0.057813 0.115278
4 0.607812 0.782639 0.057813 0.076389
4 0.652344 0.283333 0.065625 0.113889
4 0.709375 0.441667 0.064062 0.102778
4 0.769141 0.660417 0.041406 0.101389
5 0.265625 0.367361 0.068750 0.120833
5 0.314844 0.779167 0.064062 0.097222
5 0.377734 0.706250 0.046094 0.104167
5 0.462500 0.237500 0.065625 0.119444
5 0.527344 0.708333 0.057813 0.119444
5 0.646875 0.868056 0.060937 0.088889
6 0.194141 0.726389 0.069531 0.119444
6 0.197656 0.329167 0.070312 0.113889
6 0.327734 0.675000 0.052344 0.111111
6 0.489063 0.803472 0.065625 0.112500
6 0.538672 0.215972 0.047656 0.106944
6 0.669922 0.626389 0.052344 0.111111
6 0.719531 0.795139 0.039062 0.098611
7 0.218359 0.454861 0.069531 0.106944
7 0.270313 0.675694 0.042188 0.101389
7 0.310937 0.483333 0.067187 0.116667
7 0.534766 0.343750 0.050781 0.112500
7 0.626563 0.687500 0.064062 0.113889
9 0.462500 0.237500 0.065625 0.119444
9 0.626563 0.687500 0.064062 0.113889
9 0.669922 0.626389 0.052344 0.111111
10 0.534766 0.343750 0.050781 0.112500
11 0.194141 0.726389 0.069531 0.119444
11 0.270313 0.675694 0.042188 0.101389
11 0.314844 0.779167 0.064062 0.097222
11 0.412500 0.788889 0.065625 0.105556
12 0.197656 0.329167 0.070312 0.113889
12 0.415625 0.079861 0.057813 0.115278
12 0.527344 0.708333 0.057813 0.119444
14 0.209766 0.591667 0.064844 0.094444
14 0.538672 0.215972 0.047656 0.106944
15 0.258594 0.525000 0.068750 0.113889
15 0.327734 0.675000 0.052344 0.111111
15 0.646875 0.868056 0.060937 0.088889
16 0.310937 0.483333 0.067187 0.116667
16 0.719531 0.795139 0.039062 0.098611
16 0.769141 0.660417 0.041406 0.101389
17 0.265625 0.367361 0.068750 0.120833
17 0.489063 0.804861 0.065625 0.112500
17 0.607812 0.782639 0.057813 0.076389
19 0.709375 0.441667 0.064062 0.102778
20 0.218359 0.454861 0.069531 0.106944
20 0.377734 0.706250 0.046094 0.104167
20 0.652344 0.283333 0.065625 0.113889