0 0.302344 0.402319 0.052609 0.113889
0 0.341926 0.169444 0.058852 0.116667
0 0.344008 0.295833 0.042188 0.100917
0 0.345832 0.534264 0.041664 0.100000
0 0.415625 0.586111 0.055203 0.116667
0 0.423180 0.458792 0.064062 0.102778
0 0.419270 0.714819 0.044789 0.105556
0 0.447656 0.140743 0.064062 0.118514
0 0.469531 0.345833 0.064062 0.113889
0 0.498957 0.470833 0.061461 0.117583
0 0.504168 0.269444 0.055211 0.114806
0 0.503648 0.680556 0.040625 0.103694
0 0.525000 0.799076 0.059375 0.118514
0 0.565105 0.487965 0.066664 0.109264
0 0.576824 0.344910 0.061977 0.089819
0 0.578125 0.143979 0.056250 0.073153
0 0.604688 0.657403 0.045828 0.105556
0 0.638281 0.548146 0.044266 0.103708
0 0.658852 0.230556 0.062500 0.118528
0 0.652602 0.777778 0.050000 0.109250
0 0.700781 0.551389 0.067187 0.102778
1 0.341926 0.169444 0.058852 0.116667
1 0.344008 0.295833 0.042188 0.100917
1 0.415625 0.586111 0.055203 0.116667
1 0.423180 0.458792 0.064062 0.102778
1 0.419270 0.714819 0.044789 0.105556
1 0.447656 0.140743 0.064062 0.118514
1 0.469531 0.345833 0.064062 0.113889
1 0.498957 0.470833 0.061461 0.117583
1 0.504168 0.269444 0.055211 0.114806
1 0.503648 0.680556 0.040625 0.103694
1 0.525000 0.799076 0.059375 0.118514
1 0.565105 0.487965 0.066664 0.109264
1 0.576824 0.344910 0.061977 0.089819
1 0.578125 0.143979 0.056250 0.073153
1 0.604688 0.657403 0.045828 0.105556
1 0.658852 0.230556 0.062500 0.118528
1 0.652602 0.777778 0.050000 0.109250
1 0.700781 0.551389 0.067187 0.102778
2 0.302344 0.402319 0.052609 0.113889
2 0.638281 0.548146 0.044266 0.103708
3 0.345832 0.534264 0.041664 0.100000
4 0.423180 0.458792 0.064062 0.102778
4 0.419270 0.714819 0.044789 0.105556
4 0.504168 0.269444 0.055211 0.114806
4 0.576824 0.344910 0.061977 0.089819
4 0.604688 0.657403 0.045828 0.105556
5 0.415625 0.586111 0.055203 0.116667
5 0.498957 0.470833 0.061461 0.117583
5 0.658852 0.230556 0.062500 0.118528
6 0.344008 0.295833 0.042188 0.100917
6 0.447656 0.140743 0.064062 0.118514
6 0.503648 0.680556 0.040625 0.103694
6 0.525000 0.799076 0.059375 0.118514
6 0.565105 0.487965 0.066664 0.109264
6 0.578125 0.143979 0.056250 0.073153
6 0.652602 0.777778 0.050000 0.109250
6 0.700781 0.551389 0.067187 0.102778
7 0.341926 0.169444 0.058852 0.116667
7 0.469531 0.345833 0.064062 0.113889
8 0.658852 0.230556 0.062500 0.118528
8 0.700781 0.551389 0.067187 0.102778
9 0.344008 0.295833 0.042188 0.100917
9 0.604688 0.657403 0.045828 0.105556
10 0.652602 0.777778 0.050000 0.109250
11 0.503648 0.680556 0.040625 0.103694
12 0.415625 0.586111 0.055203 0.116667
12 0.469531 0.345833 0.064062 0.113889
12 0.504168 0.269444 0.055211 0.114806
13 0.565105 0.487965 0.066664 0.109264
14 0.576824 0.344910 0.061977 0.089819
15 0.419270 0.714819 0.044789 0.105556
15 0.447656 0.140743 0.064062 0.118514
16 0.341926 0.169444 0.058852 0.116667
16 0.423180 0.458792 0.064062 0.102778
18 0.578125 0.143979 0.056250 0.073153
19 0.498437 0.471299 0.060422 0.118514
20 0.525000 0.799076 0.059375 0.118514