0 0.346875 0.678472 0.062500 0.115278
0 0.378516 0.606944 0.063281 0.111111
0 0.402734 0.745833 0.063281 0.102778
0 0.456641 0.867361 0.061719 0.120833
0 0.455859 0.643056 0.042969 0.105556
0 0.487109 0.385417 0.042969 0.101389
0 0.492969 0.765278 0.051562 0.113889
0 0.513281 0.554167 0.057813 0.077778
0 0.518359 0.670833 0.057031 0.077778
0 0.566406 0.429167 0.067187 0.116667
0 0.593359 0.793750 0.060156 0.084722
0 0.598437 0.601389 0.048438 0.111111
0 0.637500 0.333333 0.064062 0.122222
0 0.667188 0.784722 0.062500 0.119444
0 0.700000 0.504861 0.046875 0.109722
0 0.726172 0.717361 0.069531 0.109722
0 0.729688 0.344444 0.068750 0.108333
0 0.785156 0.520833 0.067187 0.097222
0 0.784375 0.652778 0.059375 0.116667
0 0.810547 0.776389 0.067969 0.100000
0 0.937500 0.529861 0.051562 0.112500
1 0.566406 0.429167 0.067187 0.116667
1 0.598437 0.601389 0.048438 0.111111
1 0.637500 0.333333 0.064062 0.122222
1 0.700000 0.504861 0.046875 0.109722
1 0.729688 0.344444 0.068750 0.108333
1 0.785156 0.520833 0.067187 0.097222
2 0.346875 0.678472 0.062500 0.115278
2 0.378516 0.606944 0.063281 0.111111
2 0.402734 0.745833 0.063281 0.102778
2 0.487109 0.385417 0.042969 0.101389
2 0.492969 0.765278 0.051562 0.113889
2 0.518359 0.670833 0.057031 0.077778
2 0.726172 0.717361 0.069531 0.109722
2 0.784375 0.652778 0.059375 0.116667
2 0.937500 0.529861 0.051562 0.112500
3 0.456641 0.867361 0.061719 0.120833
3 0.455859 0.643056 0.042969 0.105556
3 0.513281 0.554167 0.057813 0.077778
3 0.593359 0.793750 0.060156 0.084722
3 0.667188 0.784722 0.062500 0.119444
3 0.810547 0.776389 0.067969 0.100000
4 0.566406 0.429167 0.067187 0.116667
6 0.598437 0.601389 0.048438 0.111111
7 0.637500 0.333333 0.064062 0.122222
7 0.700000 0.504861 0.046875 0.109722
7 0.729688 0.344444 0.068750 0.108333
7 0.785156 0.520833 0.067187 0.097222
8 0.566406 0.429167 0.067187 0.116667
11 0.785156 0.520833 0.067187 0.097222
16 0.729688 0.344444 0.068750 0.108333
17 0.598437 0.601389 0.048438 0.111111
17 0.700000 0.504861 0.046875 0.109722
19 0.637500 0.333333 0.064062 0.122222