0 0.208203 0.667361 0.060156 0.118056
0 0.234766 0.838889 0.055469 0.116667
0 0.242969 0.361111 0.042188 0.102778
0 0.263672 0.654167 0.066406 0.119444
0 0.263672 0.515972 0.060156 0.118056
0 0.283594 0.775000 0.053125 0.111111
0 0.311719 0.877778 0.060937 0.122222
0 0.317969 0.612500 0.043750 0.105556
0 0.346094 0.318750 0.062500 0.120833
0 0.347656 0.746528 0.059375 0.120833
0 0.379688 0.625000 0.065625 0.094444
0 0.377734 0.906250 0.041406 0.101389
0 0.400000 0.393750 0.043750 0.104167
0 0.403516 0.738889 0.041406 0.100000
0 0.431250 0.884722 0.043750 0.105556
0 0.443359 0.527778 0.042969 0.105556
0 0.450000 0.666667 0.040625 0.100000
0 0.466016 0.776389 0.057031 0.075000
0 0.490234 0.875000 0.041406 0.105556
0 0.498437 0.536111 0.040625 0.100000
0 0.513672 0.688889 0.042969 0.102778
0 0.539062 0.800000 0.048438 0.111111
0 0.563281 0.308333 0.059375 0.119444
0 0.559766 0.600000 0.042969 0.100000
0 0.576562 0.498611 0.064062 0.102778
0 0.600781 0.783333 0.040625 0.102778
0 0.616016 0.351389 0.060156 0.119444
0 0.632812 0.606944 0.039062 0.100000
0 0.638281 0.464583 0.039062 0.098611
0 0.653516 0.781250 0.046094 0.104167
0 0.702734 0.493750 0.053906 0.115278
0 0.713281 0.626389 0.048438 0.108333
1 0.208203 0.667361 0.060156 0.118056
1 0.234766 0.838889 0.055469 0.116667
1 0.242969 0.361111 0.042188 0.102778
1 0.263672 0.654167 0.066406 0.119444
1 0.263672 0.515972 0.060156 0.118056
1 0.283594 0.775000 0.053125 0.111111
1 0.317969 0.612500 0.043750 0.105556
1 0.346094 0.318750 0.062500 0.120833
1 0.347656 0.746528 0.059375 0.120833
1 0.379688 0.625000 0.065625 0.094444
1 0.377734 0.906250 0.041406 0.101389
1 0.400000 0.393750 0.043750 0.104167
1 0.403516 0.738889 0.041406 0.100000
1 0.431250 0.884722 0.043750 0.105556
1 0.443359 0.527778 0.042969 0.105556
1 0.450000 0.666667 0.040625 0.100000
1 0.466016 0.776389 0.057031 0.075000
1 0.490234 0.875000 0.041406 0.105556
1 0.498437 0.536111 0.040625 0.100000
1 0.513672 0.688889 0.042969 0.102778
1 0.539062 0.800000 0.048438 0.111111
1 0.563281 0.308333 0.059375 0.119444
1 0.559766 0.600000 0.042969 0.100000
1 0.576562 0.498611 0.064062 0.102778
1 0.600781 0.783333 0.040625 0.102778
1 0.616016 0.351389 0.060156 0.119444
1 0.632812 0.606944 0.039062 0.100000
1 0.638281 0.464583 0.039062 0.098611
1 0.653516 0.781250 0.046094 0.104167
1 0.702734 0.493750 0.053906 0.115278
1 0.713281 0.626389 0.048438 0.108333
3 0.311719 0.877778 0.060937 0.122222
4 0.263672 0.515972 0.060156 0.118056
4 0.346094 0.318750 0.062500 0.120833
4 0.379688 0.625000 0.065625 0.094444
4 0.498437 0.536111 0.040625 0.100000
4 0.539062 0.800000 0.048438 0.111111
4 0.563281 0.308333 0.059375 0.119444
4 0.576562 0.498611 0.064062 0.102778
4 0.616016 0.351389 0.060156 0.119444
5 0.208203 0.667361 0.060156 0.118056
5 0.234766 0.838889 0.055469 0.116667
5 0.317969 0.612500 0.043750 0.105556
5 0.377734 0.906250 0.041406 0.101389
5 0.400000 0.393750 0.043750 0.104167
5 0.450000 0.666667 0.040625 0.100000
5 0.559766 0.600000 0.042969 0.100000
5 0.600781 0.783333 0.040625 0.102778
5 0.713281 0.626389 0.048438 0.108333
6 0.242969 0.361111 0.042188 0.102778
6 0.263672 0.654167 0.066406 0.119444
6 0.283594 0.775000 0.053125 0.111111
6 0.347656 0.746528 0.059375 0.120833
6 0.403516 0.738889 0.041406 0.100000
6 0.431250 0.884722 0.043750 0.105556
6 0.443359 0.527778 0.042969 0.105556
6 0.638281 0.464583 0.039062 0.098611
6 0.653516 0.781250 0.046094 0.104167
6 0.702734 0.493750 0.053906 0.115278
7 0.466016 0.776389 0.057031 0.075000
7 0.490234 0.875000 0.041406 0.105556
7 0.513672 0.688889 0.042969 0.102778
7 0.632812 0.606944 0.039062 0.100000
8 0.638281 0.464583 0.039062 0.098611
9 0.242969 0.361111 0.042188 0.102778
9 0.317969 0.612500 0.043750 0.105556
9 0.346094 0.318750 0.062500 0.120833
10 0.263672 0.515972 0.060156 0.118056
10 0.377734 0.906250 0.041406 0.101389
11 0.283594 0.775000 0.053125 0.111111
11 0.466016 0.776389 0.057031 0.075000
11 0.576562 0.498611 0.064062 0.102778
11 0.600781 0.783333 0.040625 0.102778
12 0.234766 0.838889 0.055469 0.116667
12 0.431250 0.884722 0.043750 0.105556
12 0.563281 0.308333 0.059375 0.119444
13 0.450000 0.666667 0.040625 0.100000
14 0.490234 0.875000 0.041406 0.105556
14 0.559766 0.600000 0.042969 0.100000
14 0.616016 0.351389 0.060156 0.119444
15 0.513672 0.688889 0.042969 0.102778
15 0.653516 0.781250 0.046094 0.104167
16 0.263672 0.654167 0.066406 0.119444
16 0.539062 0.800000 0.048438 0.111111
17 0.208203 0.667361 0.060156 0.118056
17 0.347656 0.746528 0.059375 0.120833
17 0.498437 0.536111 0.040625 0.100000
18 0.702734 0.493750 0.053906 0.115278
19 0.403516 0.738889 0.041406 0.100000
19 0.632812 0.606944 0.039062 0.100000
19 0.713281 0.626389 0.048438 0.108333
20 0.379688 0.625000 0.065625 0.094444
20 0.400000 0.393750 0.043750 0.104167
20 0.443359 0.527778 0.042969 0.105556