0 0.155859 0.640972 0.053906 0.115278
0 0.198437 0.752778 0.071875 0.113889
0 0.200781 0.556944 0.065625 0.125000
0 0.244922 0.479861 0.071094 0.123611
0 0.277344 0.711111 0.065625 0.097222
0 0.340625 0.747917 0.065625 0.123611
0 0.353125 0.476389 0.068750 0.111111
0 0.378516 0.608333 0.064844 0.097222
0 0.384766 0.151389 0.041406 0.105556
0 0.428125 0.759028 0.059375 0.079167
0 0.432812 0.436111 0.057813 0.077778
0 0.486719 0.175000 0.050000 0.113889
0 0.493359 0.628472 0.058594 0.087500
0 0.506250 0.743056 0.065625 0.105556
0 0.510156 0.463889 0.067187 0.105556
0 0.542188 0.190278 0.051562 0.113889
0 0.568359 0.777778 0.067969 0.111111
0 0.566797 0.612500 0.053906 0.075000
0 0.594141 0.491667 0.055469 0.077778
0 0.600781 0.200000 0.051562 0.116667
0 0.634375 0.620833 0.057813 0.080556
0 0.646094 0.771528 0.067187 0.115278
0 0.671094 0.495833 0.064062 0.100000
1 0.384766 0.151389 0.041406 0.105556
1 0.486719 0.175000 0.050000 0.113889
1 0.542188 0.190278 0.051562 0.113889
1 0.600781 0.200000 0.051562 0.116667
2 0.155859 0.640972 0.053906 0.115278
2 0.198437 0.752778 0.071875 0.113889
2 0.200781 0.556944 0.065625 0.125000
2 0.244922 0.479861 0.071094 0.123611
2 0.277344 0.711111 0.065625 0.097222
2 0.340625 0.747917 0.065625 0.123611
2 0.493359 0.628472 0.058594 0.087500
2 0.566797 0.612500 0.053906 0.075000
2 0.594141 0.491667 0.055469 0.077778
2 0.634375 0.620833 0.057813 0.080556
2 0.671094 0.495833 0.064062 0.100000
3 0.353125 0.476389 0.068750 0.111111
3 0.378516 0.608333 0.064844 0.097222
3 0.428125 0.759028 0.059375 0.079167
3 0.432812 0.436111 0.057813 0.077778
3 0.506250 0.743056 0.065625 0.105556
3 0.510156 0.463889 0.067187 0.105556
3 0.568359 0.777778 0.067969 0.111111
3 0.646094 0.771528 0.067187 0.115278
4 0.384766 0.151389 0.041406 0.105556
5 0.486719 0.175000 0.050000 0.113889
6 0.542188 0.190278 0.051562 0.113889
7 0.600781 0.200000 0.051562 0.116667
14 0.384766 0.151389 0.041406 0.105556
14 0.486719 0.175000 0.050000 0.113889
14 0.542188 0.190278 0.051562 0.113889
14 0.600781 0.200000 0.051562 0.116667