0 0.449609 0.581944 0.063281 0.113889
0 0.470313 0.454861 0.062500 0.109722
0 0.496094 0.636111 0.065625 0.108333
0 0.506250 0.715972 0.068750 0.112500
0 0.550781 0.500000 0.062500 0.097222
0 0.582422 0.782639 0.066406 0.123611
0 0.628516 0.136111 0.066406 0.119444
0 0.632422 0.253472 0.066406 0.118056
0 0.640625 0.482639 0.068750 0.106944
0 0.655859 0.631250 0.066406 0.123611
0 0.661719 0.357639 0.060937 0.081944
0 0.699219 0.123611 0.068750 0.116667
0 0.721484 0.468750 0.049219 0.109722
0 0.734766 0.267361 0.060156 0.081944
0 0.780469 0.363889 0.062500 0.080556
2 0.449609 0.581944 0.063281 0.113889
2 0.470313 0.454861 0.062500 0.109722
2 0.496094 0.636111 0.065625 0.108333
2 0.506250 0.715972 0.068750 0.112500
2 0.550781 0.500000 0.062500 0.097222
2 0.582422 0.782639 0.066406 0.123611
2 0.655859 0.631250 0.066406 0.123611
3 0.628516 0.136111 0.066406 0.119444
3 0.632422 0.253472 0.066406 0.118056
3 0.640625 0.482639 0.068750 0.106944
3 0.661719 0.357639 0.060937 0.081944
3 0.699219 0.123611 0.068750 0.116667
3 0.721484 0.468750 0.049219 0.109722
3 0.734766 0.267361 0.060156 0.081944
3 0.780469 0.363889 0.062500 0.080556