0 0.050781 0.429167 0.045312 0.106944
0 0.053125 0.290278 0.045312 0.105556
0 0.070312 0.552778 0.050000 0.111111
0 0.102344 0.293056 0.044531 0.105556
0 0.110156 0.419444 0.046875 0.105556
0 0.126562 0.545833 0.042969 0.100000
0 0.139844 0.666667 0.046875 0.106944
0 0.170313 0.412500 0.048438 0.109722
0 0.170313 0.270833 0.044531 0.105556
0 0.180469 0.530556 0.045312 0.106944
0 0.188281 0.658333 0.044531 0.108333
0 0.226562 0.276389 0.050000 0.112500
0 0.227344 0.404167 0.045312 0.108333
0 0.232031 0.534722 0.044531 0.106944
0 0.242188 0.651389 0.044531 0.104167
0 0.281250 0.413889 0.045312 0.106944
0 0.284375 0.287500 0.042969 0.104167
0 0.285938 0.538889 0.042188 0.102778
0 0.338281 0.530556 0.045312 0.105556
0 0.338281 0.651389 0.040625 0.100000
0 0.339062 0.411111 0.041406 0.102778
0 0.339844 0.306944 0.039844 0.098611
0 0.392188 0.287500 0.042969 0.105556
0 0.392969 0.650000 0.042188 0.104167
0 0.396094 0.411111 0.046094 0.108333
0 0.396875 0.534722 0.040625 0.100000
1 0.050781 0.429167 0.045312 0.106944
1 0.053125 0.290278 0.045312 0.105556
1 0.170313 0.270833 0.044531 0.105556
1 0.188281 0.658333 0.044531 0.108333
1 0.226562 0.276389 0.050000 0.112500
1 0.227344 0.404167 0.045312 0.108333
1 0.232031 0.534722 0.044531 0.106944
1 0.338281 0.530556 0.045312 0.105556
1 0.392188 0.287500 0.042969 0.105556
1 0.392969 0.650000 0.042188 0.104167
1 0.396094 0.411111 0.046094 0.108333
1 0.396875 0.534722 0.040625 0.100000
2 0.070312 0.552778 0.050000 0.111111
2 0.102344 0.293056 0.044531 0.105556
2 0.126562 0.545833 0.042969 0.100000
2 0.170313 0.412500 0.048438 0.109722
2 0.180469 0.530556 0.045312 0.106944
2 0.242188 0.651389 0.044531 0.104167
2 0.281250 0.413889 0.045312 0.106944
2 0.338281 0.651389 0.040625 0.100000
2 0.339062 0.411111 0.041406 0.102778
2 0.339844 0.306944 0.039844 0.098611
3 0.110156 0.419444 0.046875 0.105556
3 0.139844 0.666667 0.046875 0.106944
3 0.284375 0.287500 0.042969 0.104167
3 0.285938 0.538889 0.042188 0.102778
4 0.227344 0.404167 0.045312 0.108333
4 0.392969 0.650000 0.042188 0.104167
4 0.396094 0.411111 0.046094 0.108333
5 0.053125 0.290278 0.045312 0.105556
5 0.170313 0.270833 0.044531 0.105556
5 0.226562 0.276389 0.050000 0.112500
5 0.392188 0.287500 0.042969 0.105556
6 0.232031 0.534722 0.044531 0.106944
6 0.396875 0.534722 0.040625 0.100000
7 0.050781 0.429167 0.045312 0.106944
7 0.188281 0.658333 0.044531 0.108333
7 0.338281 0.530556 0.045312 0.105556
8 0.226562 0.276389 0.050000 0.112500
9 0.392188 0.287500 0.042969 0.105556
9 0.392969 0.650000 0.042188 0.104167
13 0.396875 0.534722 0.040625 0.100000
15 0.170313 0.270833 0.044531 0.105556
16 0.188281 0.658333 0.044531 0.108333
17 0.050781 0.429167 0.045312 0.106944
17 0.227344 0.404167 0.045312 0.108333
18 0.338281 0.530556 0.045312 0.105556
18 0.396094 0.411111 0.046094 0.108333
20 0.053125 0.290278 0.045312 0.105556
20 0.232031 0.534722 0.044531 0.106944