0 0.201563 0.304167 0.064062 0.088889
0 0.209766 0.456944 0.066406 0.119444
0 0.257422 0.556944 0.067969 0.122222
0 0.260156 0.681944 0.065625 0.113889
0 0.281250 0.301389 0.059375 0.077778
0 0.307812 0.650694 0.065625 0.112500
0 0.352344 0.737500 0.067187 0.119444
0 0.355469 0.304861 0.059375 0.084722
0 0.393750 0.813889 0.062500 0.113889
0 0.405859 0.506250 0.063281 0.090278
0 0.422266 0.309722 0.057031 0.080556
0 0.446094 0.757639 0.067187 0.118056
0 0.485156 0.676389 0.067187 0.119444
0 0.485156 0.304167 0.051562 0.075000
0 0.546875 0.309028 0.054688 0.073611
0 0.553125 0.604167 0.065625 0.119444
0 0.591406 0.521528 0.062500 0.118056
0 0.608594 0.298611 0.056250 0.083333
0 0.639062 0.406944 0.059375 0.116667
1 0.405859 0.506250 0.063281 0.090278
2 0.201563 0.304167 0.064062 0.088889
2 0.209766 0.456944 0.066406 0.119444
2 0.260156 0.681944 0.065625 0.113889
2 0.281250 0.301389 0.059375 0.077778
2 0.307812 0.650694 0.065625 0.112500
2 0.352344 0.737500 0.067187 0.119444
2 0.393750 0.813889 0.062500 0.113889
2 0.422266 0.309722 0.057031 0.080556
2 0.485156 0.676389 0.067187 0.119444
2 0.485156 0.304167 0.051562 0.075000
2 0.553125 0.604167 0.065625 0.119444
3 0.257422 0.556944 0.067969 0.122222
3 0.355469 0.304861 0.059375 0.084722
3 0.446094 0.757639 0.067187 0.118056
3 0.546875 0.309028 0.054688 0.073611
3 0.591406 0.521528 0.062500 0.118056
3 0.608594 0.298611 0.056250 0.083333
3 0.639062 0.406944 0.059375 0.116667
6 0.405859 0.506250 0.063281 0.090278
15 0.405859 0.506250 0.063281 0.090278