0 0.102734 0.655556 0.052344 0.113889
0 0.153125 0.545139 0.043750 0.104167
0 0.165234 0.720833 0.052344 0.116667
0 0.196094 0.365278 0.054688 0.116667
0 0.233594 0.842361 0.054688 0.115278
0 0.243359 0.517361 0.057031 0.118056
0 0.250781 0.693750 0.053125 0.115278
0 0.259375 0.376389 0.059375 0.119444
0 0.319141 0.818750 0.066406 0.101389
0 0.319531 0.558333 0.064062 0.119444
0 0.317969 0.706250 0.060937 0.118056
0 0.351562 0.336111 0.050000 0.111111
0 0.385937 0.559722 0.060937 0.119444
0 0.376953 0.700000 0.042969 0.105556
0 0.389062 0.817361 0.040625 0.101389
0 0.412500 0.410417 0.046875 0.104167
0 0.423438 0.688194 0.048438 0.106944
0 0.453516 0.812500 0.053906 0.116667
0 0.470703 0.554167 0.064844 0.116667
0 0.478516 0.676389 0.041406 0.100000
0 0.483594 0.423611 0.048438 0.108333
0 0.517188 0.788889 0.043750 0.105556
0 0.538672 0.634722 0.044531 0.105556
0 0.558203 0.497917 0.050781 0.112500
0 0.590625 0.758333 0.051562 0.111111
0 0.612109 0.601389 0.053906 0.113889
1 0.102734 0.655556 0.052344 0.113889
1 0.153125 0.545139 0.043750 0.104167
1 0.196094 0.365278 0.054688 0.116667
1 0.233594 0.842361 0.054688 0.115278
1 0.243359 0.517361 0.057031 0.118056
1 0.250781 0.693750 0.053125 0.115278
1 0.259375 0.376389 0.059375 0.119444
1 0.319141 0.818750 0.066406 0.101389
1 0.319531 0.558333 0.064062 0.119444
1 0.317969 0.706250 0.060937 0.118056
1 0.351562 0.336111 0.050000 0.111111
1 0.385937 0.559722 0.060937 0.119444
1 0.376953 0.700000 0.042969 0.105556
1 0.389062 0.817361 0.040625 0.101389
1 0.412500 0.410417 0.046875 0.104167
1 0.423438 0.688194 0.048438 0.106944
1 0.453516 0.812500 0.053906 0.116667
1 0.470703 0.554167 0.064844 0.116667
1 0.478516 0.676389 0.041406 0.100000
1 0.483594 0.423611 0.048438 0.108333
1 0.517188 0.788889 0.043750 0.105556
1 0.538672 0.634722 0.044531 0.105556
1 0.558203 0.497917 0.050781 0.112500
1 0.590625 0.758333 0.051562 0.111111
1 0.612109 0.601389 0.053906 0.113889
2 0.165234 0.720833 0.052344 0.116667
4 0.196094 0.365278 0.054688 0.116667
4 0.233594 0.842361 0.054688 0.115278
4 0.259375 0.376389 0.059375 0.119444
4 0.317969 0.706250 0.060937 0.118056
4 0.351562 0.336111 0.050000 0.111111
4 0.470703 0.554167 0.064844 0.116667
4 0.538672 0.634722 0.044531 0.105556
4 0.612109 0.601389 0.053906 0.113889
5 0.102734 0.655556 0.052344 0.113889
5 0.385937 0.559722 0.060937 0.119444
5 0.412500 0.410417 0.046875 0.104167
5 0.453516 0.812500 0.053906 0.116667
5 0.478516 0.676389 0.041406 0.100000
5 0.483594 0.423611 0.048438 0.108333
5 0.558203 0.497917 0.050781 0.112500
6 0.153125 0.545139 0.043750 0.104167
6 0.243359 0.517361 0.057031 0.118056
6 0.250781 0.693750 0.053125 0.115278
6 0.389062 0.817361 0.040625 0.101389
6 0.423438 0.688194 0.048438 0.106944
7 0.319141 0.818750 0.066406 0.101389
7 0.319531 0.558333 0.064062 0.119444
7 0.376953 0.700000 0.042969 0.105556
7 0.517188 0.788889 0.043750 0.105556
7 0.590625 0.758333 0.051562 0.111111
8 0.153125 0.545139 0.043750 0.104167
8 0.317969 0.706250 0.060937 0.118056
9 0.412500 0.410417 0.046875 0.104167
10 0.233594 0.842361 0.054688 0.115278
10 0.478516 0.676389 0.041406 0.100000
11 0.250781 0.693750 0.053125 0.115278
11 0.376953 0.700000 0.042969 0.105556
11 0.470703 0.554167 0.064844 0.116667
11 0.483594 0.423611 0.048438 0.108333
12 0.453516 0.812500 0.053906 0.116667
13 0.517188 0.788889 0.043750 0.105556
14 0.351562 0.336111 0.050000 0.111111
15 0.259375 0.376389 0.059375 0.119444
16 0.319141 0.818750 0.066406 0.101389
16 0.389062 0.817361 0.040625 0.101389
16 0.558203 0.497917 0.050781 0.112500
16 0.612109 0.601389 0.053906 0.113889
17 0.243359 0.517361 0.057031 0.118056
17 0.319531 0.558333 0.064062 0.119444
17 0.538672 0.634722 0.044531 0.105556
18 0.196094 0.365278 0.054688 0.116667
18 0.385937 0.559722 0.060937 0.119444
18 0.423438 0.688194 0.048438 0.106944
19 0.102734 0.655556 0.052344 0.113889
20 0.590625 0.758333 0.051562 0.111111