0 0.248828 0.647917 0.063281 0.087500
0 0.248828 0.513889 0.060156 0.080556
0 0.294922 0.737500 0.058594 0.077778
0 0.309375 0.406250 0.059375 0.079167
0 0.328906 0.527778 0.060937 0.083333
0 0.328125 0.634028 0.057813 0.076389
0 0.338281 0.157639 0.043750 0.106944
0 0.365625 0.740972 0.059375 0.076389
0 0.393750 0.168056 0.045312 0.111111
0 0.401172 0.641667 0.057031 0.077778
0 0.403906 0.525000 0.059375 0.080556
0 0.456250 0.179861 0.046875 0.109722
0 0.496875 0.738889 0.060937 0.116667
0 0.501953 0.597222 0.046094 0.102778
0 0.506250 0.179167 0.043750 0.108333
0 0.569531 0.830556 0.068750 0.122222
0 0.558203 0.568056 0.042969 0.100000
0 0.617578 0.634028 0.063281 0.101389
0 0.689453 0.652778 0.057031 0.080556
2 0.338281 0.157639 0.043750 0.106944
2 0.393750 0.168056 0.045312 0.111111
2 0.403906 0.525000 0.059375 0.080556
2 0.456250 0.179861 0.046875 0.109722
2 0.496875 0.738889 0.060937 0.116667
2 0.501953 0.597222 0.046094 0.102778
2 0.506250 0.179167 0.043750 0.108333
2 0.569531 0.830556 0.068750 0.122222
2 0.558203 0.568056 0.042969 0.100000
2 0.617578 0.634028 0.063281 0.101389
2 0.689453 0.652778 0.057031 0.080556
3 0.248828 0.647917 0.063281 0.087500
3 0.248828 0.513889 0.060156 0.080556
3 0.294922 0.737500 0.058594 0.077778
3 0.309375 0.406250 0.059375 0.079167
3 0.328906 0.527778 0.060937 0.083333
3 0.328125 0.634028 0.057813 0.076389
3 0.365625 0.740972 0.059375 0.076389
3 0.401172 0.641667 0.057031 0.077778