0 0.291406 0.341667 0.045312 0.101389
0 0.326562 0.502778 0.057031 0.087500
0 0.335938 0.254167 0.041406 0.101389
0 0.384375 0.609722 0.065625 0.108333
0 0.403125 0.336111 0.066406 0.113889
0 0.417969 0.676389 0.064844 0.109722
0 0.414844 0.468056 0.050781 0.111111
0 0.422656 0.163889 0.063281 0.109722
0 0.458594 0.304167 0.064844 0.120833
0 0.464062 0.465278 0.045312 0.108333
0 0.470313 0.616667 0.041406 0.101389
0 0.489844 0.750000 0.067187 0.115278
0 0.495312 0.200000 0.052344 0.073611
0 0.518750 0.437500 0.043750 0.104167
0 0.545312 0.301389 0.042188 0.104167
0 0.567969 0.166667 0.067187 0.116667
0 0.574219 0.694444 0.068750 0.118056
0 0.576562 0.408333 0.040625 0.101389
0 0.632812 0.431944 0.046875 0.105556
0 0.645312 0.718056 0.060937 0.120833
0 0.681250 0.480556 0.047656 0.108333
0 0.696875 0.677778 0.060937 0.119444
0 0.709375 0.347222 0.068750 0.122222
1 0.335938 0.254167 0.041406 0.101389
1 0.403125 0.336111 0.066406 0.113889
1 0.458594 0.304167 0.064844 0.120833
1 0.545312 0.301389 0.042188 0.104167
2 0.291406 0.341667 0.045312 0.101389
2 0.326562 0.502778 0.057031 0.087500
2 0.414844 0.468056 0.050781 0.111111
2 0.422656 0.163889 0.063281 0.109722
2 0.464062 0.465278 0.045312 0.108333
2 0.495312 0.200000 0.052344 0.073611
2 0.518750 0.437500 0.043750 0.104167
2 0.574219 0.694444 0.068750 0.118056
2 0.576562 0.408333 0.040625 0.101389
2 0.632812 0.431944 0.046875 0.105556
2 0.681250 0.480556 0.047656 0.108333
3 0.384375 0.609722 0.065625 0.108333
3 0.417969 0.676389 0.064844 0.109722
3 0.470313 0.616667 0.041406 0.101389
3 0.489844 0.750000 0.067187 0.115278
3 0.567969 0.166667 0.067187 0.116667
3 0.645312 0.718056 0.060937 0.120833
3 0.696875 0.677778 0.060937 0.119444
3 0.709375 0.347222 0.068750 0.122222
6 0.335938 0.254167 0.041406 0.101389
6 0.403125 0.336111 0.066406 0.113889
6 0.458594 0.304167 0.064844 0.120833
6 0.545312 0.301389 0.042188 0.104167
10 0.545312 0.301389 0.042188 0.104167
11 0.335938 0.254167 0.041406 0.101389
16 0.403125 0.336111 0.066406 0.113889
19 0.458594 0.304167 0.064844 0.120833