0 0.252734 0.328472 0.053906 0.073611
0 0.320312 0.331250 0.053125 0.106944
0 0.358203 0.237500 0.061719 0.116667
0 0.405469 0.511111 0.046875 0.108333
0 0.419922 0.364583 0.060156 0.090278
0 0.456250 0.793750 0.065625 0.120833
0 0.471875 0.305556 0.065625 0.113889
0 0.517188 0.649306 0.059375 0.081944
0 0.550781 0.738194 0.060937 0.118056
0 0.562500 0.894444 0.065625 0.102778
0 0.571875 0.251389 0.054688 0.116667
0 0.632422 0.677083 0.069531 0.120833
0 0.700000 0.587500 0.062500 0.100000
1 0.405469 0.511111 0.046875 0.108333
1 0.456250 0.793750 0.065625 0.120833
1 0.562500 0.894444 0.065625 0.102778
2 0.252734 0.328472 0.053906 0.073611
2 0.320312 0.331250 0.053125 0.106944
2 0.358203 0.237500 0.061719 0.116667
2 0.571875 0.251389 0.054688 0.116667
2 0.700000 0.587500 0.062500 0.100000
3 0.419922 0.364583 0.060156 0.090278
3 0.471875 0.305556 0.065625 0.113889
3 0.517188 0.649306 0.059375 0.081944
3 0.550781 0.738194 0.060937 0.118056
3 0.632422 0.677083 0.069531 0.120833
4 0.405469 0.511111 0.046875 0.108333
5 0.456250 0.793750 0.065625 0.120833
7 0.562500 0.894444 0.065625 0.102778
12 0.405469 0.511111 0.046875 0.108333
13 0.456250 0.793750 0.065625 0.120833
14 0.562500 0.894444 0.065625 0.102778