0 0.423828 0.211111 0.067969 0.108333
0 0.428125 0.361806 0.062500 0.120833
0 0.472656 0.474306 0.057813 0.112500
0 0.498437 0.162500 0.065625 0.111111
0 0.503125 0.313889 0.057813 0.075000
0 0.553125 0.077083 0.065625 0.106944
0 0.544141 0.456944 0.042969 0.102778
0 0.577344 0.308333 0.064062 0.094444
0 0.585547 0.167361 0.063281 0.095833
0 0.606641 0.536111 0.058594 0.080556
0 0.613672 0.412500 0.047656 0.108333
0 0.638672 0.254167 0.042969 0.102778
0 0.667969 0.125694 0.060937 0.123611
0 0.688281 0.378472 0.064062 0.106944
1 0.503125 0.313889 0.057813 0.075000
2 0.428125 0.361806 0.062500 0.120833
2 0.472656 0.474306 0.057813 0.112500
2 0.498437 0.162500 0.065625 0.111111
2 0.553125 0.077083 0.065625 0.106944
2 0.544141 0.456944 0.042969 0.102778
2 0.585547 0.167361 0.063281 0.095833
2 0.606641 0.536111 0.058594 0.080556
2 0.613672 0.412500 0.047656 0.108333
2 0.638672 0.254167 0.042969 0.102778
2 0.667969 0.125694 0.060937 0.123611
2 0.688281 0.378472 0.064062 0.106944
3 0.423828 0.211111 0.067969 0.108333
3 0.577344 0.308333 0.064062 0.094444
7 0.503125 0.313889 0.057813 0.075000
18 0.503125 0.313889 0.057813 0.075000