0 0.437500 0.455556 0.053125 0.113889
0 0.497266 0.194444 0.061719 0.122222
0 0.513281 0.552083 0.053125 0.115278
0 0.557031 0.118750 0.059375 0.123611
0 0.563281 0.335417 0.057813 0.087500
0 0.566406 0.235417 0.054688 0.073611
0 0.582031 0.463889 0.039062 0.094444
0 0.598437 0.570139 0.059375 0.084722
0 0.629297 0.365278 0.063281 0.111111
0 0.637500 0.218750 0.037500 0.098611
0 0.659766 0.468750 0.061719 0.098611
0 0.697266 0.260417 0.058594 0.120833
1 0.598437 0.570139 0.059375 0.084722
2 0.513281 0.552083 0.053125 0.115278
2 0.557031 0.118750 0.059375 0.123611
2 0.563281 0.335417 0.057813 0.087500
2 0.566406 0.235417 0.054688 0.073611
2 0.582031 0.463889 0.039062 0.094444
2 0.629297 0.365278 0.063281 0.111111
2 0.637500 0.218750 0.037500 0.098611
2 0.659766 0.468750 0.061719 0.098611
2 0.697266 0.260417 0.058594 0.120833
3 0.437500 0.455556 0.053125 0.113889
3 0.497266 0.194444 0.061719 0.122222
5 0.598437 0.570139 0.059375 0.084722
10 0.598437 0.570139 0.059375 0.084722