0 0.242578 0.431250 0.063281 0.115278
0 0.327344 0.200000 0.059375 0.116667
0 0.339844 0.452083 0.064062 0.112500
0 0.344141 0.331944 0.061719 0.116667
0 0.396875 0.650000 0.068750 0.119444
0 0.409766 0.238889 0.061719 0.105556
0 0.421484 0.533333 0.039844 0.100000
0 0.444141 0.129167 0.066406 0.113889
0 0.500000 0.350000 0.046875 0.108333
0 0.508594 0.168750 0.062500 0.115278
0 0.556250 0.371528 0.065625 0.120833
0 0.573438 0.150000 0.060937 0.088889
0 0.669141 0.715972 0.060156 0.087500
0 0.730078 0.268750 0.039844 0.098611
1 0.242578 0.431250 0.063281 0.115278
1 0.344141 0.331944 0.061719 0.116667
1 0.444141 0.129167 0.066406 0.113889
1 0.556250 0.371528 0.065625 0.120833
2 0.396875 0.650000 0.068750 0.119444
2 0.409766 0.238889 0.061719 0.105556
2 0.500000 0.350000 0.046875 0.108333
2 0.508594 0.168750 0.062500 0.115278
2 0.730078 0.268750 0.039844 0.098611
3 0.327344 0.200000 0.059375 0.116667
3 0.339844 0.452083 0.064062 0.112500
3 0.421484 0.533333 0.039844 0.100000
3 0.573438 0.150000 0.060937 0.088889
3 0.669141 0.715972 0.060156 0.087500
4 0.344141 0.331944 0.061719 0.116667
5 0.242578 0.431250 0.063281 0.115278
6 0.556250 0.371528 0.065625 0.120833
7 0.444141 0.129167 0.066406 0.113889
10 0.242578 0.431250 0.063281 0.115278
10 0.444141 0.129167 0.066406 0.113889
11 0.556250 0.371528 0.065625 0.120833
13 0.344141 0.331944 0.061719 0.116667