0 0.110156 0.606250 0.048438 0.109722
0 0.152344 0.462500 0.067187 0.097222
0 0.171875 0.779167 0.062500 0.080556
0 0.173047 0.633333 0.061719 0.086111
0 0.215625 0.470139 0.053125 0.115278
0 0.237891 0.792361 0.050781 0.112500
0 0.243750 0.231250 0.059375 0.079167
0 0.243750 0.618056 0.053125 0.113889
0 0.268750 0.511111 0.065625 0.094444
0 0.296094 0.682639 0.062500 0.087500
0 0.298828 0.819444 0.063281 0.091667
0 0.306641 0.232639 0.058594 0.079167
0 0.377734 0.762500 0.049219 0.113889
0 0.397656 0.250694 0.057813 0.076389
0 0.402344 0.891667 0.059375 0.080556
0 0.423828 0.469444 0.046094 0.108333
0 0.431250 0.761111 0.043750 0.105556
0 0.462500 0.253472 0.057813 0.079167
0 0.463672 0.898611 0.052344 0.113889
0 0.484375 0.473611 0.043750 0.105556
0 0.486719 0.750000 0.045312 0.105556
0 0.527344 0.259028 0.064062 0.095833
0 0.540625 0.751389 0.043750 0.105556
0 0.544141 0.882639 0.047656 0.109722
0 0.544141 0.484028 0.042969 0.104167
0 0.603125 0.871528 0.059375 0.081944
0 0.608984 0.762500 0.046094 0.108333
0 0.696484 0.875000 0.061719 0.094444
0 0.703125 0.765278 0.062500 0.091667
0 0.712500 0.670139 0.059375 0.087500
0 0.714453 0.578472 0.058594 0.084722
0 0.724609 0.473611 0.061719 0.094444
1 0.243750 0.231250 0.059375 0.079167
1 0.306641 0.232639 0.058594 0.079167
1 0.377734 0.762500 0.049219 0.113889
1 0.397656 0.250694 0.057813 0.076389
1 0.423828 0.469444 0.046094 0.108333
1 0.431250 0.761111 0.043750 0.105556
1 0.462500 0.253472 0.057813 0.079167
1 0.484375 0.473611 0.043750 0.105556
1 0.486719 0.750000 0.045312 0.105556
1 0.527344 0.259028 0.064062 0.095833
1 0.540625 0.751389 0.043750 0.105556
1 0.544141 0.484028 0.042969 0.104167
1 0.608984 0.762500 0.046094 0.108333
2 0.152344 0.462500 0.067187 0.097222
2 0.171875 0.779167 0.062500 0.080556
2 0.215625 0.470139 0.053125 0.115278
2 0.237891 0.792361 0.050781 0.112500
2 0.268750 0.511111 0.065625 0.094444
2 0.298828 0.819444 0.063281 0.091667
2 0.696484 0.875000 0.061719 0.094444
2 0.703125 0.765278 0.062500 0.091667
2 0.712500 0.670139 0.059375 0.087500
2 0.714453 0.578472 0.058594 0.084722
2 0.724609 0.473611 0.061719 0.094444
3 0.110156 0.606250 0.048438 0.109722
3 0.173047 0.633333 0.061719 0.086111
3 0.243750 0.618056 0.053125 0.113889
3 0.296094 0.682639 0.062500 0.087500
3 0.402344 0.891667 0.059375 0.080556
3 0.463672 0.898611 0.052344 0.113889
3 0.544141 0.882639 0.047656 0.109722
3 0.603125 0.871528 0.059375 0.081944
5 0.243750 0.231250 0.059375 0.079167
5 0.306641 0.232639 0.058594 0.079167
5 0.377734 0.762500 0.049219 0.113889
5 0.397656 0.250694 0.057813 0.076389
5 0.423828 0.469444 0.046094 0.108333
5 0.431250 0.761111 0.043750 0.105556
5 0.462500 0.253472 0.057813 0.079167
5 0.484375 0.473611 0.043750 0.105556
5 0.486719 0.750000 0.045312 0.105556
5 0.527344 0.259028 0.064062 0.095833
5 0.540625 0.751389 0.043750 0.105556
5 0.544141 0.484028 0.042969 0.104167
5 0.608984 0.762500 0.046094 0.108333
8 0.608984 0.762500 0.046094 0.108333
9 0.540625 0.751389 0.043750 0.105556
10 0.486719 0.750000 0.045312 0.105556
11 0.431250 0.761111 0.043750 0.105556
12 0.377734 0.762500 0.049219 0.113889
13 0.243750 0.231250 0.059375 0.079167
14 0.306641 0.232639 0.058594 0.079167
15 0.397656 0.250694 0.057813 0.076389
16 0.462500 0.253472 0.057813 0.079167
17 0.527344 0.259028 0.064062 0.095833
18 0.423828 0.469444 0.046094 0.108333
19 0.484375 0.473611 0.043750 0.105556
20 0.544141 0.484028 0.042969 0.104167