0 0.242188 0.780556 0.067187 0.125000
0 0.328906 0.800000 0.066406 0.101389
0 0.373437 0.543056 0.049219 0.106944
0 0.433594 0.901389 0.066406 0.120833
0 0.492969 0.773611 0.054688 0.116667
0 0.512500 0.433333 0.040625 0.101389
0 0.541406 0.731944 0.066406 0.118056
0 0.553906 0.880556 0.051562 0.112500
0 0.571875 0.387500 0.064062 0.112500
0 0.621094 0.808333 0.064844 0.109722
0 0.646875 0.695833 0.064844 0.113889
0 0.690625 0.470833 0.057813 0.087500
0 0.690625 0.595833 0.053125 0.111111
2 0.242188 0.780556 0.067187 0.125000
2 0.328906 0.800000 0.066406 0.101389
2 0.373437 0.543056 0.049219 0.106944
2 0.512500 0.433333 0.040625 0.101389
2 0.571875 0.387500 0.064062 0.112500
2 0.690625 0.470833 0.057813 0.087500
2 0.690625 0.595833 0.053125 0.111111
3 0.433594 0.901389 0.066406 0.120833
3 0.492969 0.773611 0.054688 0.116667
3 0.541406 0.731944 0.066406 0.118056
3 0.553906 0.880556 0.051562 0.112500
3 0.621094 0.808333 0.064844 0.109722
3 0.646875 0.695833 0.064844 0.113889