0 0.357422 0.505556 0.063281 0.094444
0 0.400000 0.319444 0.062500 0.091667
0 0.432031 0.235417 0.062500 0.090278
0 0.439453 0.521528 0.063281 0.120833
0 0.485938 0.415278 0.065625 0.122222
0 0.493359 0.134722 0.055469 0.077778
0 0.517188 0.353472 0.067187 0.120833
0 0.524219 0.508333 0.064062 0.100000
0 0.528906 0.218056 0.057813 0.083333
0 0.570312 0.582639 0.065625 0.101389
0 0.573828 0.145139 0.052344 0.112500
0 0.582422 0.436806 0.042969 0.104167
0 0.596484 0.290278 0.061719 0.091667
0 0.637891 0.493750 0.063281 0.118056
0 0.637891 0.187500 0.049219 0.111111
0 0.668359 0.373611 0.061719 0.119444
0 0.702734 0.575000 0.060156 0.080556
0 0.706641 0.218750 0.055469 0.081944
1 0.439453 0.521528 0.063281 0.120833
1 0.517188 0.353472 0.067187 0.120833
2 0.400000 0.319444 0.062500 0.091667
2 0.432031 0.235417 0.062500 0.090278
2 0.485938 0.415278 0.065625 0.122222
2 0.493359 0.134722 0.055469 0.077778
2 0.524219 0.508333 0.064062 0.100000
2 0.528906 0.218056 0.057813 0.083333
2 0.582422 0.436806 0.042969 0.104167
2 0.596484 0.290278 0.061719 0.091667
2 0.637891 0.493750 0.063281 0.118056
2 0.637891 0.187500 0.049219 0.111111
2 0.706641 0.218750 0.055469 0.081944
3 0.357422 0.505556 0.063281 0.094444
3 0.570312 0.582639 0.065625 0.101389
3 0.573828 0.145139 0.052344 0.112500
3 0.668359 0.373611 0.061719 0.119444
3 0.702734 0.575000 0.060156 0.080556
4 0.439453 0.521528 0.063281 0.120833
6 0.517188 0.353472 0.067187 0.120833
12 0.517188 0.353472 0.067187 0.120833
14 0.439453 0.521528 0.063281 0.120833