0 0.333984 0.453472 0.069531 0.115278
0 0.344141 0.706250 0.066406 0.112500
0 0.364844 0.599306 0.067187 0.112500
0 0.403516 0.312500 0.052344 0.111111
0 0.411719 0.504167 0.065625 0.116667
0 0.412109 0.818056 0.064844 0.119444
0 0.448437 0.698611 0.065625 0.119444
0 0.481250 0.359722 0.059375 0.116667
0 0.492188 0.647222 0.059375 0.119444
0 0.493750 0.850000 0.053125 0.116667
0 0.500781 0.528472 0.059375 0.118056
0 0.531250 0.257639 0.064062 0.101389
0 0.542969 0.417361 0.065625 0.104167
0 0.555859 0.762500 0.050781 0.108333
0 0.565234 0.594444 0.055469 0.113889
0 0.609375 0.292361 0.059375 0.118056
0 0.607422 0.498611 0.041406 0.100000
0 0.618750 0.870139 0.053125 0.112500
0 0.629297 0.677083 0.041406 0.098611
0 0.670312 0.382639 0.054688 0.115278
0 0.673828 0.539583 0.044531 0.101389
0 0.690234 0.801389 0.061719 0.094444
0 0.746094 0.672917 0.054688 0.112500
1 0.333984 0.453472 0.069531 0.115278
1 0.411719 0.504167 0.065625 0.116667
1 0.412109 0.818056 0.064844 0.119444
1 0.448437 0.698611 0.065625 0.119444
1 0.481250 0.359722 0.059375 0.116667
1 0.492188 0.647222 0.059375 0.119444
1 0.500781 0.528472 0.059375 0.118056
1 0.531250 0.257639 0.064062 0.101389
1 0.609375 0.292361 0.059375 0.118056
1 0.607422 0.498611 0.041406 0.100000
1 0.670312 0.382639 0.054688 0.115278
1 0.690234 0.801389 0.061719 0.094444
1 0.746094 0.672917 0.054688 0.112500
2 0.565234 0.594444 0.055469 0.113889
3 0.344141 0.706250 0.066406 0.112500
3 0.364844 0.599306 0.067187 0.112500
3 0.403516 0.312500 0.052344 0.111111
3 0.493750 0.850000 0.053125 0.116667
3 0.542969 0.417361 0.065625 0.104167
3 0.555859 0.762500 0.050781 0.108333
3 0.618750 0.870139 0.053125 0.112500
3 0.629297 0.677083 0.041406 0.098611
3 0.673828 0.539583 0.044531 0.101389
4 0.481250 0.359722 0.059375 0.116667
4 0.607422 0.498611 0.041406 0.100000
4 0.746094 0.672917 0.054688 0.112500
5 0.492188 0.647222 0.059375 0.119444
5 0.531250 0.257639 0.064062 0.101389
6 0.333984 0.453472 0.069531 0.115278
6 0.411719 0.504167 0.065625 0.116667
6 0.609375 0.292361 0.059375 0.118056
7 0.412109 0.818056 0.064844 0.119444
7 0.448437 0.698611 0.065625 0.119444
7 0.500781 0.528472 0.059375 0.118056
7 0.670312 0.382639 0.054688 0.115278
7 0.690234 0.801389 0.061719 0.094444
10 0.492188 0.647222 0.059375 0.119444
11 0.609375 0.292361 0.059375 0.118056
13 0.670312 0.382639 0.054688 0.115278
14 0.481250 0.359722 0.059375 0.116667
14 0.690234 0.801389 0.061719 0.094444
15 0.333984 0.453472 0.069531 0.115278
15 0.412109 0.818056 0.064844 0.119444
15 0.531250 0.257639 0.064062 0.101389
15 0.746094 0.672917 0.054688 0.112500
17 0.448437 0.698611 0.065625 0.119444
17 0.607422 0.498611 0.041406 0.100000
18 0.500781 0.528472 0.059375 0.118056
20 0.411719 0.504167 0.065625 0.116667