0 0.106250 0.484722 0.056250 0.072222
0 0.165625 0.486806 0.056250 0.070833
0 0.242188 0.330556 0.057813 0.075000
0 0.292187 0.480556 0.057813 0.077778
0 0.353125 0.481250 0.057813 0.073611
0 0.400000 0.368750 0.065625 0.104167
0 0.415625 0.473611 0.056250 0.080556
0 0.450781 0.237500 0.059375 0.080556
0 0.469141 0.323611 0.063281 0.097222
0 0.480078 0.465278 0.053906 0.072222
0 0.534375 0.261111 0.059375 0.088889
0 0.542578 0.367361 0.049219 0.109722
0 0.568750 0.538889 0.062500 0.091667
0 0.592187 0.189583 0.065625 0.098611
0 0.598437 0.422222 0.059375 0.080556
0 0.603906 0.303472 0.064062 0.098611
0 0.654687 0.209722 0.048438 0.111111
0 0.668750 0.334028 0.062500 0.095833
0 0.678516 0.468750 0.067969 0.120833
0 0.723437 0.232639 0.068750 0.104167
0 0.730078 0.568750 0.044531 0.104167
0 0.762891 0.155556 0.066406 0.122222
0 0.811719 0.265972 0.064062 0.120833
0 0.852344 0.573611 0.068750 0.105556
1 0.450781 0.237500 0.059375 0.080556
1 0.568750 0.538889 0.062500 0.091667
1 0.592187 0.189583 0.065625 0.098611
1 0.654687 0.209722 0.048438 0.111111
2 0.400000 0.368750 0.065625 0.104167
2 0.415625 0.473611 0.056250 0.080556
2 0.469141 0.323611 0.063281 0.097222
2 0.480078 0.465278 0.053906 0.072222
2 0.534375 0.261111 0.059375 0.088889
2 0.542578 0.367361 0.049219 0.109722
2 0.598437 0.422222 0.059375 0.080556
2 0.603906 0.303472 0.064062 0.098611
2 0.668750 0.334028 0.062500 0.095833
2 0.678516 0.468750 0.067969 0.120833
3 0.106250 0.484722 0.056250 0.072222
3 0.165625 0.486806 0.056250 0.070833
3 0.242188 0.330556 0.057813 0.075000
3 0.292187 0.480556 0.057813 0.077778
3 0.353125 0.481250 0.057813 0.073611
3 0.723437 0.232639 0.068750 0.104167
3 0.730078 0.568750 0.044531 0.104167
3 0.762891 0.155556 0.066406 0.122222
3 0.811719 0.265972 0.064062 0.120833
3 0.852344 0.573611 0.068750 0.105556
5 0.450781 0.237500 0.059375 0.080556
5 0.568750 0.538889 0.062500 0.091667
5 0.654687 0.209722 0.048438 0.111111
6 0.592187 0.189583 0.065625 0.098611
8 0.654687 0.209722 0.048438 0.111111
13 0.592187 0.189583 0.065625 0.098611
15 0.450781 0.237500 0.059375 0.080556
18 0.568750 0.538889 0.062500 0.091667