0 0.396484 0.775000 0.050781 0.113889
0 0.434375 0.529861 0.045312 0.106944
0 0.471094 0.717361 0.060937 0.120833
0 0.475000 0.384028 0.054688 0.115278
0 0.496875 0.906250 0.068750 0.115278
0 0.540234 0.636111 0.060156 0.086111
0 0.539844 0.787500 0.059375 0.083333
0 0.542578 0.512500 0.058594 0.080556
0 0.543750 0.381250 0.050000 0.106944
0 0.611328 0.413889 0.058594 0.080556
0 0.628906 0.717361 0.065625 0.120833
0 0.633984 0.823611 0.061719 0.094444
0 0.628125 0.553472 0.042188 0.101389
0 0.661719 0.356250 0.046875 0.106944
0 0.732031 0.401389 0.062500 0.094444
0 0.793750 0.478472 0.056250 0.076389
0 0.818359 0.859028 0.069531 0.109722
0 0.847266 0.615278 0.064844 0.119444
0 0.931250 0.546528 0.050000 0.112500
2 0.396484 0.775000 0.050781 0.113889
2 0.434375 0.529861 0.045312 0.106944
2 0.475000 0.384028 0.054688 0.115278
2 0.496875 0.906250 0.068750 0.115278
2 0.540234 0.636111 0.060156 0.086111
2 0.543750 0.381250 0.050000 0.106944
2 0.661719 0.356250 0.046875 0.106944
2 0.732031 0.401389 0.062500 0.094444
2 0.793750 0.478472 0.056250 0.076389
2 0.847266 0.615278 0.064844 0.119444
2 0.931250 0.546528 0.050000 0.112500
3 0.471094 0.717361 0.060937 0.120833
3 0.539844 0.787500 0.059375 0.083333
3 0.542578 0.512500 0.058594 0.080556
3 0.611328 0.413889 0.058594 0.080556
3 0.628906 0.717361 0.065625 0.120833
3 0.633984 0.823611 0.061719 0.094444
3 0.628125 0.553472 0.042188 0.101389
3 0.818359 0.859028 0.069531 0.109722