0 0.074219 0.589583 0.050000 0.109722
0 0.118359 0.444444 0.067969 0.102778
0 0.137500 0.763889 0.062500 0.083333
0 0.139844 0.618750 0.064062 0.087500
0 0.182422 0.454167 0.055469 0.116667
0 0.206250 0.777083 0.053125 0.115278
0 0.211328 0.602778 0.055469 0.113889
0 0.237500 0.494444 0.065625 0.097222
0 0.265234 0.672917 0.063281 0.090278
0 0.267188 0.805556 0.065625 0.091667
0 0.370312 0.578472 0.065625 0.104167
0 0.371094 0.876389 0.059375 0.080556
0 0.431250 0.370139 0.059375 0.115278
0 0.433984 0.884028 0.052344 0.115278
0 0.452344 0.741667 0.053125 0.113889
0 0.514844 0.869444 0.046875 0.108333
0 0.561719 0.415972 0.064062 0.115278
0 0.570312 0.636111 0.064062 0.105556
0 0.572266 0.857639 0.058594 0.081944
2 0.118359 0.444444 0.067969 0.102778
2 0.137500 0.763889 0.062500 0.083333
2 0.182422 0.454167 0.055469 0.116667
2 0.206250 0.777083 0.053125 0.115278
2 0.237500 0.494444 0.065625 0.097222
2 0.267188 0.805556 0.065625 0.091667
2 0.370312 0.578472 0.065625 0.104167
2 0.431250 0.370139 0.059375 0.115278
2 0.452344 0.741667 0.053125 0.113889
2 0.561719 0.415972 0.064062 0.115278
2 0.570312 0.636111 0.064062 0.105556
3 0.074219 0.589583 0.050000 0.109722
3 0.139844 0.618750 0.064062 0.087500
3 0.211328 0.602778 0.055469 0.113889
3 0.265234 0.672917 0.063281 0.090278
3 0.371094 0.876389 0.059375 0.080556
3 0.433984 0.884028 0.052344 0.115278
3 0.514844 0.869444 0.046875 0.108333
3 0.572266 0.857639 0.058594 0.081944