0 0.080859 0.593750 0.049219 0.109722
0 0.125000 0.456250 0.071875 0.120833
0 0.141016 0.760417 0.069531 0.101389
0 0.152344 0.586111 0.067187 0.091667
0 0.188281 0.457639 0.056250 0.118056
0 0.213672 0.783333 0.055469 0.116667
0 0.217188 0.606250 0.054688 0.115278
0 0.226172 0.232639 0.060156 0.081944
0 0.249219 0.497917 0.067187 0.101389
0 0.272656 0.806944 0.060937 0.125000
0 0.280078 0.645833 0.069531 0.116667
0 0.307422 0.237500 0.060156 0.080556
0 0.332813 0.462500 0.054688 0.116667
0 0.355859 0.602778 0.057031 0.119444
0 0.374609 0.244444 0.060156 0.077778
0 0.377344 0.880556 0.059375 0.080556
0 0.390625 0.465972 0.053125 0.115278
0 0.391797 0.465972 0.052344 0.112500
0 0.420312 0.593750 0.045312 0.106944
0 0.437500 0.244444 0.059375 0.080556
0 0.440234 0.886111 0.052344 0.116667
0 0.457813 0.451389 0.050000 0.111111
0 0.475781 0.597222 0.042188 0.105556
0 0.505469 0.243750 0.057813 0.076389
0 0.518359 0.463889 0.049219 0.111111
0 0.519922 0.870833 0.046094 0.108333
0 0.536719 0.591667 0.043750 0.105556
0 0.569531 0.384028 0.062500 0.115278
0 0.580469 0.861806 0.059375 0.084722
0 0.603125 0.463889 0.065625 0.111111
0 0.634766 0.555556 0.057031 0.113889
0 0.650391 0.668056 0.052344 0.111111
0 0.654687 0.787500 0.042188 0.097222
1 0.226172 0.232639 0.060156 0.081944
1 0.307422 0.237500 0.060156 0.080556
1 0.332813 0.462500 0.054688 0.116667
1 0.355859 0.602778 0.057031 0.119444
1 0.374609 0.244444 0.060156 0.077778
1 0.390625 0.465972 0.053125 0.115278
1 0.391797 0.465972 0.052344 0.112500
1 0.420312 0.593750 0.045312 0.106944
1 0.437500 0.244444 0.059375 0.080556
1 0.457813 0.451389 0.050000 0.111111
1 0.475781 0.597222 0.042188 0.105556
1 0.505469 0.243750 0.057813 0.076389
1 0.518359 0.463889 0.049219 0.111111
1 0.536719 0.591667 0.043750 0.105556
2 0.125000 0.456250 0.071875 0.120833
2 0.141016 0.760417 0.069531 0.101389
2 0.188281 0.457639 0.056250 0.118056
2 0.213672 0.783333 0.055469 0.116667
2 0.249219 0.497917 0.067187 0.101389
2 0.272656 0.806944 0.060937 0.125000
2 0.569531 0.384028 0.062500 0.115278
2 0.603125 0.463889 0.065625 0.111111
2 0.634766 0.555556 0.057031 0.113889
2 0.650391 0.668056 0.052344 0.111111
2 0.654687 0.787500 0.042188 0.097222
3 0.080859 0.593750 0.049219 0.109722
3 0.152344 0.586111 0.067187 0.091667
3 0.217188 0.606250 0.054688 0.115278
3 0.280078 0.645833 0.069531 0.116667
3 0.377344 0.880556 0.059375 0.080556
3 0.440234 0.886111 0.052344 0.116667
3 0.519922 0.870833 0.046094 0.108333
3 0.580469 0.861806 0.059375 0.084722
4 0.226172 0.232639 0.060156 0.081944
4 0.307422 0.237500 0.060156 0.080556
4 0.332813 0.462500 0.054688 0.116667
4 0.355859 0.602778 0.057031 0.119444
4 0.374609 0.244444 0.060156 0.077778
4 0.390625 0.465972 0.053125 0.115278
4 0.391797 0.465972 0.052344 0.112500
4 0.420312 0.593750 0.045312 0.106944
4 0.437500 0.244444 0.059375 0.080556
4 0.457813 0.451389 0.050000 0.111111
4 0.475781 0.597222 0.042188 0.105556
4 0.505469 0.243750 0.057813 0.076389
4 0.518359 0.463889 0.049219 0.111111
4 0.536719 0.591667 0.043750 0.105556
8 0.226172 0.232639 0.060156 0.081944
9 0.307422 0.237500 0.060156 0.080556
10 0.374609 0.244444 0.060156 0.077778
11 0.437500 0.244444 0.059375 0.080556
12 0.505469 0.243750 0.057813 0.076389
13 0.355859 0.602778 0.057031 0.119444
14 0.420312 0.593750 0.045312 0.106944
15 0.475781 0.597222 0.042188 0.105556
16 0.536719 0.591667 0.043750 0.105556
17 0.332813 0.462500 0.054688 0.116667
18 0.390625 0.465972 0.053125 0.115278
18 0.391797 0.465972 0.052344 0.112500
19 0.457813 0.451389 0.050000 0.111111
20 0.518359 0.463889 0.049219 0.111111