0 0.326562 0.251389 0.054688 0.116667
0 0.333203 0.498611 0.063281 0.102778
0 0.336719 0.387500 0.062500 0.119444
0 0.357031 0.143750 0.046875 0.109722
0 0.385547 0.318750 0.050781 0.112500
0 0.404297 0.534028 0.044531 0.101389
0 0.453125 0.498611 0.040625 0.097222
0 0.512500 0.202778 0.067187 0.113889
0 0.525391 0.615278 0.066406 0.119444
0 0.529687 0.053472 0.059375 0.087500
0 0.548438 0.300000 0.064062 0.119444
0 0.571875 0.151389 0.043750 0.105556
0 0.592187 0.538889 0.062500 0.088889
0 0.622656 0.386111 0.060937 0.119444
0 0.637500 0.112500 0.068750 0.119444
0 0.681250 0.218056 0.062500 0.086111
0 0.716406 0.362500 0.067187 0.113889
0 0.766406 0.175000 0.068750 0.111111
2 0.333203 0.498611 0.063281 0.102778
2 0.336719 0.387500 0.062500 0.119444
2 0.385547 0.318750 0.050781 0.112500
2 0.404297 0.534028 0.044531 0.101389
2 0.453125 0.498611 0.040625 0.097222
2 0.529687 0.053472 0.059375 0.087500
2 0.571875 0.151389 0.043750 0.105556
2 0.622656 0.386111 0.060937 0.119444
2 0.637500 0.112500 0.068750 0.119444
2 0.716406 0.362500 0.067187 0.113889
2 0.766406 0.175000 0.068750 0.111111
3 0.326562 0.251389 0.054688 0.116667
3 0.357031 0.143750 0.046875 0.109722
3 0.512500 0.202778 0.067187 0.113889
3 0.525391 0.615278 0.066406 0.119444
3 0.548438 0.300000 0.064062 0.119444
3 0.592187 0.538889 0.062500 0.088889
3 0.681250 0.218056 0.062500 0.086111