0 0.176563 0.412500 0.070312 0.108333
0 0.243359 0.481250 0.069531 0.118056
0 0.265625 0.308333 0.059375 0.077778
0 0.302344 0.418750 0.057813 0.076389
0 0.303516 0.523611 0.044531 0.105556
0 0.327344 0.770139 0.057813 0.073611
0 0.362109 0.297222 0.058594 0.080556
0 0.360938 0.527083 0.053125 0.112500
0 0.387500 0.673611 0.059375 0.080556
0 0.387109 0.395139 0.050781 0.112500
0 0.388281 0.800000 0.046875 0.105556
0 0.401172 0.556250 0.044531 0.104167
0 0.425000 0.250000 0.053125 0.116667
0 0.449609 0.473611 0.041406 0.102778
0 0.453906 0.652778 0.040625 0.100000
0 0.481641 0.348611 0.064844 0.119444
0 0.497266 0.483333 0.044531 0.102778
0 0.503516 0.663889 0.044531 0.108333
0 0.529687 0.798611 0.045312 0.105556
0 0.543359 0.398611 0.061719 0.116667
0 0.537500 0.550000 0.050000 0.108333
0 0.560547 0.315278 0.066406 0.116667
0 0.565625 0.661111 0.065625 0.116667
0 0.590625 0.491667 0.046875 0.105556
0 0.596875 0.868750 0.046875 0.106944
0 0.614062 0.729861 0.046875 0.106944
0 0.622656 0.612500 0.062500 0.094444
0 0.631250 0.338889 0.045312 0.105556
0 0.646094 0.485417 0.040625 0.101389
1 0.176563 0.412500 0.070312 0.108333
1 0.243359 0.481250 0.069531 0.118056
1 0.265625 0.308333 0.059375 0.077778
1 0.303516 0.523611 0.044531 0.105556
1 0.327344 0.770139 0.057813 0.073611
1 0.362109 0.297222 0.058594 0.080556
1 0.360938 0.527083 0.053125 0.112500
1 0.387500 0.673611 0.059375 0.080556
1 0.387109 0.395139 0.050781 0.112500
1 0.388281 0.800000 0.046875 0.105556
1 0.401172 0.556250 0.044531 0.104167
1 0.425000 0.250000 0.053125 0.116667
1 0.449609 0.473611 0.041406 0.102778
1 0.453906 0.652778 0.040625 0.100000
1 0.481641 0.348611 0.064844 0.119444
1 0.497266 0.483333 0.044531 0.102778
1 0.503516 0.663889 0.044531 0.108333
1 0.529687 0.798611 0.045312 0.105556
1 0.543359 0.398611 0.061719 0.116667
1 0.537500 0.550000 0.050000 0.108333
1 0.560547 0.315278 0.066406 0.116667
1 0.565625 0.661111 0.065625 0.116667
1 0.590625 0.491667 0.046875 0.105556
1 0.596875 0.868750 0.046875 0.106944
1 0.614062 0.729861 0.046875 0.106944
1 0.622656 0.612500 0.062500 0.094444
1 0.631250 0.338889 0.045312 0.105556
1 0.646094 0.485417 0.040625 0.101389
2 0.302344 0.418750 0.057813 0.076389
4 0.243359 0.481250 0.069531 0.118056
4 0.449609 0.473611 0.041406 0.102778
4 0.503516 0.663889 0.044531 0.108333
4 0.529687 0.798611 0.045312 0.105556
4 0.537500 0.550000 0.050000 0.108333
4 0.560547 0.315278 0.066406 0.116667
4 0.596875 0.868750 0.046875 0.106944
5 0.303516 0.523611 0.044531 0.105556
5 0.387500 0.673611 0.059375 0.080556
5 0.387109 0.395139 0.050781 0.112500
5 0.453906 0.652778 0.040625 0.100000
5 0.481641 0.348611 0.064844 0.119444
5 0.497266 0.483333 0.044531 0.102778
5 0.622656 0.612500 0.062500 0.094444
5 0.646094 0.485417 0.040625 0.101389
6 0.265625 0.308333 0.059375 0.077778
6 0.327344 0.770139 0.057813 0.073611
6 0.362109 0.297222 0.058594 0.080556
6 0.565625 0.661111 0.065625 0.116667
6 0.631250 0.338889 0.045312 0.105556
7 0.176563 0.412500 0.070312 0.108333
7 0.360938 0.527083 0.053125 0.112500
7 0.388281 0.800000 0.046875 0.105556
7 0.401172 0.556250 0.044531 0.104167
7 0.425000 0.250000 0.053125 0.116667
7 0.543359 0.398611 0.061719 0.116667
7 0.590625 0.491667 0.046875 0.105556
7 0.614062 0.729861 0.046875 0.106944
8 0.590625 0.491667 0.046875 0.105556
8 0.596875 0.868750 0.046875 0.106944
9 0.303516 0.523611 0.044531 0.105556
9 0.425000 0.250000 0.053125 0.116667
10 0.176563 0.412500 0.070312 0.108333
10 0.537500 0.550000 0.050000 0.108333
10 0.646094 0.485417 0.040625 0.101389
11 0.453906 0.652778 0.040625 0.100000
11 0.503516 0.663889 0.044531 0.108333
11 0.614062 0.729861 0.046875 0.106944
12 0.565625 0.661111 0.065625 0.116667
13 0.360938 0.527083 0.053125 0.112500
13 0.449609 0.473611 0.041406 0.102778
14 0.327344 0.770139 0.057813 0.073611
14 0.401172 0.556250 0.044531 0.104167
15 0.387109 0.395139 0.050781 0.112500
15 0.543359 0.398611 0.061719 0.116667
16 0.265625 0.308333 0.059375 0.077778
16 0.387500 0.673611 0.059375 0.080556
17 0.243359 0.481250 0.069531 0.118056
17 0.497266 0.483333 0.044531 0.102778
17 0.631250 0.338889 0.045312 0.105556
18 0.388281 0.800000 0.046875 0.105556
18 0.622656 0.612500 0.062500 0.094444
19 0.362109 0.297222 0.058594 0.080556
19 0.529687 0.798611 0.045312 0.105556
20 0.481641 0.348611 0.064844 0.119444
20 0.560547 0.315278 0.066406 0.116667