0 0.184375 0.459028 0.045312 0.101389
0 0.206250 0.298611 0.043750 0.108333
0 0.247266 0.538889 0.044531 0.102778
0 0.259375 0.719444 0.065625 0.122222
0 0.287500 0.309722 0.046875 0.111111
0 0.301563 0.626389 0.045312 0.102778
0 0.346875 0.308333 0.045312 0.108333
0 0.359766 0.695139 0.042969 0.101389
0 0.393750 0.834722 0.046875 0.105556
0 0.396875 0.490278 0.042188 0.102778
0 0.408203 0.305556 0.042969 0.105556
0 0.440625 0.762500 0.040625 0.102778
0 0.483984 0.290972 0.041406 0.101389
0 0.486719 0.679167 0.042188 0.102778
0 0.537891 0.627778 0.044531 0.102778
0 0.544141 0.293750 0.042969 0.101389
0 0.584375 0.562500 0.040625 0.102778
0 0.625391 0.320833 0.042969 0.105556
0 0.628516 0.486111 0.047656 0.108333
1 0.396875 0.490278 0.042188 0.102778
2 0.184375 0.459028 0.045312 0.101389
2 0.206250 0.298611 0.043750 0.108333
2 0.287500 0.309722 0.046875 0.111111
2 0.301563 0.626389 0.045312 0.102778
2 0.346875 0.308333 0.045312 0.108333
2 0.359766 0.695139 0.042969 0.101389
2 0.393750 0.834722 0.046875 0.105556
2 0.483984 0.290972 0.041406 0.101389
2 0.486719 0.679167 0.042188 0.102778
2 0.537891 0.627778 0.044531 0.102778
2 0.544141 0.293750 0.042969 0.101389
3 0.247266 0.538889 0.044531 0.102778
3 0.259375 0.719444 0.065625 0.122222
3 0.408203 0.305556 0.042969 0.105556
3 0.440625 0.762500 0.040625 0.102778
3 0.584375 0.562500 0.040625 0.102778
3 0.625391 0.320833 0.042969 0.105556
3 0.628516 0.486111 0.047656 0.108333
7 0.396875 0.490278 0.042188 0.102778
8 0.396875 0.490278 0.042188 0.102778