0 0.188281 0.438889 0.067187 0.119444
0 0.200391 0.309028 0.064844 0.093056
0 0.257422 0.559722 0.067969 0.122222
0 0.260937 0.722222 0.067187 0.122222
0 0.279297 0.303472 0.058594 0.076389
0 0.307812 0.643750 0.062500 0.115278
0 0.351172 0.738889 0.066406 0.119444
0 0.353906 0.302778 0.057813 0.077778
0 0.393750 0.827778 0.064062 0.108333
0 0.393750 0.504861 0.059375 0.118056
0 0.418750 0.304167 0.056250 0.077778
0 0.446484 0.759722 0.066406 0.119444
0 0.485156 0.676389 0.067187 0.119444
0 0.487109 0.301389 0.060156 0.091667
0 0.542578 0.608333 0.061719 0.113889
0 0.560547 0.281250 0.055469 0.087500
0 0.590625 0.520833 0.062500 0.116667
0 0.630859 0.288889 0.053906 0.075000
0 0.637891 0.404861 0.058594 0.115278
1 0.393750 0.504861 0.059375 0.118056
2 0.188281 0.438889 0.067187 0.119444
2 0.200391 0.309028 0.064844 0.093056
2 0.279297 0.303472 0.058594 0.076389
2 0.307812 0.643750 0.062500 0.115278
2 0.351172 0.738889 0.066406 0.119444
2 0.353906 0.302778 0.057813 0.077778
2 0.393750 0.827778 0.064062 0.108333
2 0.485156 0.676389 0.067187 0.119444
2 0.487109 0.301389 0.060156 0.091667
2 0.542578 0.608333 0.061719 0.113889
2 0.560547 0.281250 0.055469 0.087500
3 0.257422 0.559722 0.067969 0.122222
3 0.260937 0.722222 0.067187 0.122222
3 0.418750 0.304167 0.056250 0.077778
3 0.446484 0.759722 0.066406 0.119444
3 0.590625 0.520833 0.062500 0.116667
3 0.630859 0.288889 0.053906 0.075000
3 0.637891 0.404861 0.058594 0.115278
5 0.393750 0.504861 0.059375 0.118056
20 0.393750 0.504861 0.059375 0.118056