0 0.116016 0.679861 0.069531 0.120833
0 0.200000 0.753472 0.071875 0.120833
0 0.204297 0.511111 0.060156 0.119444
0 0.266016 0.508333 0.061719 0.116667
0 0.284375 0.631250 0.071875 0.120833
0 0.325000 0.761111 0.068750 0.116667
0 0.354297 0.486111 0.067969 0.111111
0 0.365625 0.665278 0.065625 0.122222
0 0.394141 0.331250 0.067969 0.120833
0 0.435937 0.865972 0.064062 0.120833
0 0.443750 0.671528 0.059375 0.118056
0 0.457031 0.513889 0.067187 0.111111
0 0.505469 0.309028 0.043750 0.101389
0 0.519531 0.818056 0.059375 0.083333
0 0.515625 0.672917 0.050000 0.109722
0 0.531250 0.445139 0.065625 0.118056
0 0.567969 0.600000 0.060937 0.116667
0 0.587500 0.750000 0.062500 0.116667
0 0.589063 0.334028 0.048438 0.106944
1 0.354297 0.486111 0.067969 0.111111
1 0.394141 0.331250 0.067969 0.120833
1 0.457031 0.513889 0.067187 0.111111
2 0.116016 0.679861 0.069531 0.120833
2 0.200000 0.753472 0.071875 0.120833
2 0.204297 0.511111 0.060156 0.119444
2 0.266016 0.508333 0.061719 0.116667
2 0.284375 0.631250 0.071875 0.120833
2 0.325000 0.761111 0.068750 0.116667
2 0.365625 0.665278 0.065625 0.122222
2 0.505469 0.309028 0.043750 0.101389
2 0.531250 0.445139 0.065625 0.118056
2 0.589063 0.334028 0.048438 0.106944
3 0.435937 0.865972 0.064062 0.120833
3 0.443750 0.671528 0.059375 0.118056
3 0.519531 0.818056 0.059375 0.083333
3 0.515625 0.672917 0.050000 0.109722
3 0.567969 0.600000 0.060937 0.116667
3 0.587500 0.750000 0.062500 0.116667
4 0.394141 0.331250 0.067969 0.120833
4 0.457031 0.513889 0.067187 0.111111
7 0.354297 0.486111 0.067969 0.111111
15 0.457031 0.513889 0.067187 0.111111
16 0.354297 0.486111 0.067969 0.111111
19 0.394141 0.331250 0.067969 0.120833