0 0.294531 0.414583 0.045312 0.101389
0 0.332422 0.563889 0.058594 0.097222
0 0.338281 0.765972 0.060937 0.093056
0 0.375781 0.673611 0.062500 0.094444
0 0.471484 0.768056 0.052344 0.116667
0 0.522656 0.715278 0.056250 0.119444
0 0.562500 0.645833 0.042188 0.097222
0 0.671875 0.868750 0.057813 0.120833
2 0.294531 0.414583 0.045312 0.101389
2 0.332422 0.563889 0.058594 0.097222
2 0.471484 0.768056 0.052344 0.116667
2 0.522656 0.715278 0.056250 0.119444
2 0.562500 0.645833 0.042188 0.097222
2 0.671875 0.868750 0.057813 0.120833
3 0.338281 0.765972 0.060937 0.093056
3 0.375781 0.673611 0.062500 0.094444