0 0.110937 0.586111 0.055469 0.116667
0 0.173437 0.481944 0.057031 0.116667
0 0.175000 0.612500 0.059375 0.119444
0 0.203125 0.400000 0.057813 0.118056
0 0.256250 0.625000 0.068750 0.123611
0 0.257812 0.423611 0.057813 0.118056
0 0.310937 0.684722 0.061719 0.120833
0 0.328125 0.868056 0.051562 0.113889
0 0.335156 0.186111 0.058594 0.075000
0 0.335156 0.445833 0.058594 0.120833
0 0.369531 0.822222 0.047656 0.109722
0 0.382031 0.643056 0.063281 0.120833
0 0.389062 0.440278 0.060937 0.119444
0 0.393750 0.156944 0.057031 0.076389
0 0.428125 0.586111 0.067187 0.112500
0 0.453906 0.163889 0.055469 0.073611
0 0.465625 0.531944 0.067187 0.109722
0 0.528125 0.384722 0.058594 0.080556
0 0.541406 0.513889 0.056250 0.111111
0 0.586719 0.504167 0.056250 0.113889
0 0.621094 0.470833 0.056250 0.111111
0 0.660937 0.452778 0.057813 0.113889
0 0.699219 0.427778 0.057813 0.111111
1 0.110937 0.586111 0.055469 0.116667
1 0.175000 0.612500 0.059375 0.119444
1 0.256250 0.625000 0.068750 0.123611
1 0.310937 0.684722 0.061719 0.120833
2 0.335156 0.186111 0.058594 0.075000
2 0.382031 0.643056 0.063281 0.120833
2 0.393750 0.156944 0.057031 0.076389
2 0.428125 0.586111 0.067187 0.112500
2 0.453906 0.163889 0.055469 0.073611
2 0.465625 0.531944 0.067187 0.109722
2 0.541406 0.513889 0.056250 0.111111
2 0.586719 0.504167 0.056250 0.113889
2 0.621094 0.470833 0.056250 0.111111
2 0.660937 0.452778 0.057813 0.113889
2 0.699219 0.427778 0.057813 0.111111
3 0.173437 0.481944 0.057031 0.116667
3 0.203125 0.400000 0.057813 0.118056
3 0.257812 0.423611 0.057813 0.118056
3 0.328125 0.868056 0.051562 0.113889
3 0.335156 0.445833 0.058594 0.120833
3 0.369531 0.822222 0.047656 0.109722
3 0.389062 0.440278 0.060937 0.119444
3 0.528125 0.384722 0.058594 0.080556
4 0.256250 0.625000 0.068750 0.123611
5 0.110937 0.586111 0.055469 0.116667
5 0.175000 0.612500 0.059375 0.119444
7 0.310937 0.684722 0.061719 0.120833
9 0.256250 0.625000 0.068750 0.123611
10 0.110937 0.586111 0.055469 0.116667
19 0.175000 0.612500 0.059375 0.119444
19 0.310937 0.684722 0.061719 0.120833