0 0.221094 0.443750 0.043750 0.104167
0 0.258594 0.307639 0.064062 0.098611
0 0.278516 0.611111 0.057031 0.080556
0 0.280469 0.475000 0.057813 0.083333
0 0.318750 0.318056 0.051562 0.113889
0 0.341406 0.627778 0.048438 0.108333
0 0.345703 0.461111 0.050781 0.111111
0 0.369531 0.358333 0.062500 0.094444
0 0.394141 0.527083 0.060156 0.087500
0 0.398438 0.656250 0.060937 0.090278
0 0.496875 0.731944 0.057813 0.077778
0 0.512891 0.473611 0.058594 0.088889
0 0.557813 0.742361 0.050000 0.109722
0 0.575000 0.221528 0.056250 0.079167
0 0.586719 0.504861 0.059375 0.087500
0 0.637500 0.732639 0.046875 0.106944
0 0.666016 0.514583 0.055469 0.076389
0 0.678906 0.229861 0.057813 0.079167
0 0.697656 0.727778 0.060937 0.083333
2 0.258594 0.307639 0.064062 0.098611
2 0.278516 0.611111 0.057031 0.080556
2 0.318750 0.318056 0.051562 0.113889
2 0.341406 0.627778 0.048438 0.108333
2 0.369531 0.358333 0.062500 0.094444
2 0.398438 0.656250 0.060937 0.090278
2 0.512891 0.473611 0.058594 0.088889
2 0.575000 0.221528 0.056250 0.079167
2 0.586719 0.504861 0.059375 0.087500
2 0.666016 0.514583 0.055469 0.076389
2 0.678906 0.229861 0.057813 0.079167
3 0.221094 0.443750 0.043750 0.104167
3 0.280469 0.475000 0.057813 0.083333
3 0.345703 0.461111 0.050781 0.111111
3 0.394141 0.527083 0.060156 0.087500
3 0.496875 0.731944 0.057813 0.077778
3 0.557813 0.742361 0.050000 0.109722
3 0.637500 0.732639 0.046875 0.106944
3 0.697656 0.727778 0.060937 0.083333