0 0.433203 0.150694 0.064844 0.123611
0 0.464844 0.435417 0.067187 0.118056
0 0.482812 0.243750 0.065625 0.098611
0 0.491797 0.129861 0.046094 0.104167
0 0.538672 0.444444 0.061719 0.094444
0 0.551953 0.238194 0.064844 0.123611
0 0.573438 0.345139 0.053125 0.076389
0 0.579688 0.533333 0.057813 0.086111
0 0.590625 0.093750 0.059375 0.090278
0 0.635938 0.431944 0.065625 0.111111
0 0.646484 0.265972 0.058594 0.118056
0 0.662891 0.157639 0.064844 0.129167
0 0.665234 0.544444 0.060156 0.113889
0 0.707422 0.343056 0.044531 0.108333
0 0.732031 0.159722 0.057813 0.077778
1 0.551953 0.238194 0.064844 0.123611
2 0.464844 0.435417 0.067187 0.118056
2 0.491797 0.129861 0.046094 0.104167
2 0.538672 0.444444 0.061719 0.094444
2 0.573438 0.345139 0.053125 0.076389
2 0.579688 0.533333 0.057813 0.086111
2 0.590625 0.093750 0.059375 0.090278
2 0.635938 0.431944 0.065625 0.111111
2 0.646484 0.265972 0.058594 0.118056
2 0.665234 0.544444 0.060156 0.113889
2 0.707422 0.343056 0.044531 0.108333
2 0.732031 0.159722 0.057813 0.077778
3 0.433203 0.150694 0.064844 0.123611
3 0.482812 0.243750 0.065625 0.098611
3 0.662891 0.157639 0.064844 0.129167
7 0.551953 0.238194 0.064844 0.123611
10 0.551953 0.238194 0.064844 0.123611