0 0.335156 0.606021 0.045312 0.106486
0 0.345574 0.300931 0.063023 0.116667
0 0.349219 0.451854 0.039062 0.096292
0 0.368488 0.173611 0.063023 0.117583
0 0.406512 0.318521 0.049477 0.109264
0 0.411980 0.618979 0.045836 0.104625
0 0.422656 0.458792 0.064062 0.102778
0 0.447137 0.140743 0.063023 0.118514
0 0.458074 0.267132 0.065102 0.104625
0 0.499219 0.470375 0.060937 0.116667
0 0.504687 0.612958 0.039578 0.100000
0 0.524738 0.799076 0.059898 0.118514
0 0.572918 0.513889 0.060414 0.116667
0 0.578125 0.143979 0.057297 0.073153
0 0.581508 0.355090 0.060937 0.117597
0 0.604688 0.657868 0.045828 0.106486
0 0.638281 0.564347 0.064062 0.119444
0 0.638281 0.564347 0.064062 0.119444
0 0.645574 0.292590 0.066148 0.101847
0 0.653125 0.778708 0.050000 0.111111
0 0.695055 0.218979 0.060937 0.117597
0 0.716926 0.411111 0.059898 0.075917
0 0.711199 0.571292 0.047398 0.105556
0 0.774477 0.268979 0.050000 0.110181
1 0.335156 0.606021 0.045312 0.106486
1 0.345574 0.300931 0.063023 0.116667
1 0.406512 0.318521 0.049477 0.109264
1 0.411980 0.618979 0.045836 0.104625
1 0.422656 0.458792 0.064062 0.102778
1 0.447137 0.140743 0.063023 0.118514
1 0.458074 0.267132 0.065102 0.104625
1 0.499219 0.470375 0.060937 0.116667
1 0.504687 0.612958 0.039578 0.100000
1 0.524738 0.799076 0.059898 0.118514
1 0.578125 0.143979 0.057297 0.073153
1 0.581508 0.355090 0.060937 0.117597
1 0.604688 0.657868 0.045828 0.106486
1 0.638281 0.564347 0.064062 0.119444
1 0.638281 0.564347 0.064062 0.119444
1 0.645574 0.292590 0.066148 0.101847
1 0.653125 0.778708 0.050000 0.111111
1 0.695055 0.218979 0.060937 0.117597
1 0.716926 0.411111 0.059898 0.075917
1 0.774477 0.268979 0.050000 0.110181
2 0.368488 0.173611 0.063023 0.117583
2 0.711199 0.571292 0.047398 0.105556
3 0.349219 0.451854 0.039062 0.096292
3 0.572918 0.513889 0.060414 0.116667
4 0.411980 0.618979 0.045836 0.104625
4 0.422656 0.458792 0.064062 0.102778
4 0.581508 0.355090 0.060937 0.117597
4 0.604688 0.657868 0.045828 0.106486
4 0.645574 0.292590 0.066148 0.101847
5 0.335156 0.606021 0.045312 0.106486
5 0.499219 0.470375 0.060937 0.116667
5 0.695055 0.218979 0.060937 0.117597
5 0.774477 0.268979 0.050000 0.110181
6 0.406512 0.318521 0.049477 0.109264
6 0.447137 0.140743 0.063023 0.118514
6 0.504687 0.612958 0.039578 0.100000
6 0.524738 0.799076 0.059898 0.118514
6 0.578125 0.143979 0.057297 0.073153
6 0.638281 0.564347 0.064062 0.119444
6 0.638281 0.564347 0.064062 0.119444
6 0.653125 0.778708 0.050000 0.111111
6 0.716926 0.411111 0.059898 0.075917
7 0.345574 0.300931 0.063023 0.116667
7 0.458074 0.267132 0.065102 0.104625
8 0.716926 0.411111 0.059898 0.075917
8 0.774477 0.268979 0.050000 0.110181
9 0.406512 0.318521 0.049477 0.109264
9 0.604688 0.657868 0.045828 0.106486
10 0.653125 0.778708 0.050000 0.111111
11 0.504687 0.612958 0.039578 0.100000
12 0.335156 0.606021 0.045312 0.106486
12 0.458074 0.267132 0.065102 0.104625
12 0.581508 0.355090 0.060937 0.117597
14 0.645574 0.292590 0.066148 0.101847
14 0.695055 0.218979 0.060937 0.117597
15 0.411980 0.618979 0.045836 0.104625
15 0.447137 0.140743 0.063023 0.118514
16 0.345574 0.300931 0.063023 0.116667
16 0.422656 0.458792 0.064062 0.102778
18 0.578125 0.143979 0.057297 0.073153
19 0.499219 0.470375 0.060937 0.116667
20 0.524738 0.799076 0.059898 0.118514