0 0.176563 0.413194 0.070312 0.112500
0 0.189062 0.697917 0.053125 0.109722
0 0.237891 0.471528 0.064844 0.101389
0 0.235937 0.602083 0.042188 0.101389
0 0.265625 0.308333 0.059375 0.077778
0 0.284375 0.762500 0.043750 0.102778
0 0.300781 0.451389 0.053125 0.113889
0 0.312109 0.581250 0.067969 0.115278
0 0.347266 0.410417 0.064844 0.118056
0 0.358984 0.773611 0.064844 0.116667
0 0.362109 0.296528 0.058594 0.079167
0 0.379688 0.571528 0.043750 0.098611
0 0.427734 0.462500 0.063281 0.119444
0 0.425000 0.250000 0.053125 0.116667
0 0.431250 0.661806 0.050000 0.109722
0 0.467187 0.372222 0.059375 0.086111
0 0.470313 0.833333 0.051562 0.111111
0 0.484375 0.486111 0.043750 0.102778
0 0.501953 0.681250 0.053906 0.115278
0 0.536719 0.550000 0.050000 0.108333
0 0.551172 0.332639 0.061719 0.120833
0 0.542188 0.782639 0.039062 0.098611
0 0.565625 0.661111 0.065625 0.116667
0 0.590625 0.492361 0.046875 0.106944
0 0.614062 0.729167 0.046875 0.105556
0 0.619531 0.857639 0.050000 0.109722
0 0.631250 0.338889 0.043750 0.105556
0 0.661719 0.538889 0.042188 0.100000
1 0.176563 0.413194 0.070312 0.112500
1 0.237891 0.471528 0.064844 0.101389
1 0.265625 0.308333 0.059375 0.077778
1 0.312109 0.581250 0.067969 0.115278
1 0.358984 0.773611 0.064844 0.116667
1 0.362109 0.296528 0.058594 0.079167
1 0.427734 0.462500 0.063281 0.119444
1 0.425000 0.250000 0.053125 0.116667
1 0.467187 0.372222 0.059375 0.086111
1 0.470313 0.833333 0.051562 0.111111
1 0.484375 0.486111 0.043750 0.102778
1 0.536719 0.550000 0.050000 0.108333
1 0.551172 0.332639 0.061719 0.120833
1 0.542188 0.782639 0.039062 0.098611
1 0.565625 0.661111 0.065625 0.116667
1 0.590625 0.492361 0.046875 0.106944
1 0.614062 0.729167 0.046875 0.105556
1 0.619531 0.857639 0.050000 0.109722
1 0.631250 0.338889 0.043750 0.105556
1 0.661719 0.538889 0.042188 0.100000
2 0.431250 0.661806 0.050000 0.109722
3 0.189062 0.697917 0.053125 0.109722
3 0.235937 0.602083 0.042188 0.101389
3 0.284375 0.762500 0.043750 0.102778
3 0.300781 0.451389 0.053125 0.113889
3 0.347266 0.410417 0.064844 0.118056
3 0.379688 0.571528 0.043750 0.098611
3 0.501953 0.681250 0.053906 0.115278
4 0.237891 0.471528 0.064844 0.101389
4 0.467187 0.372222 0.059375 0.086111
4 0.484375 0.486111 0.043750 0.102778
4 0.536719 0.550000 0.050000 0.108333
4 0.551172 0.332639 0.061719 0.120833
5 0.427734 0.462500 0.063281 0.119444
5 0.470313 0.833333 0.051562 0.111111
5 0.542188 0.782639 0.039062 0.098611
5 0.619531 0.857639 0.050000 0.109722
5 0.661719 0.538889 0.042188 0.100000
6 0.265625 0.308333 0.059375 0.077778
6 0.312109 0.581250 0.067969 0.115278
6 0.362109 0.296528 0.058594 0.079167
6 0.565625 0.661111 0.065625 0.116667
6 0.631250 0.338889 0.043750 0.105556
7 0.176563 0.413194 0.070312 0.112500
7 0.358984 0.773611 0.064844 0.116667
7 0.425000 0.250000 0.053125 0.116667
7 0.590625 0.492361 0.046875 0.106944
7 0.614062 0.729167 0.046875 0.105556
8 0.467187 0.372222 0.059375 0.086111
8 0.590625 0.492361 0.046875 0.106944
9 0.425000 0.250000 0.053125 0.116667
9 0.619531 0.857639 0.050000 0.109722
10 0.176563 0.413194 0.070312 0.112500
10 0.536719 0.550000 0.050000 0.108333
10 0.542188 0.782639 0.039062 0.098611
11 0.470313 0.833333 0.051562 0.111111
11 0.614062 0.729167 0.046875 0.105556
12 0.565625 0.661111 0.065625 0.116667
13 0.358984 0.773611 0.064844 0.116667
13 0.484375 0.486111 0.043750 0.102778
14 0.312109 0.581250 0.067969 0.115278
15 0.427734 0.462500 0.063281 0.119444
16 0.265625 0.308333 0.059375 0.077778
17 0.237891 0.471528 0.064844 0.101389
17 0.631250 0.338889 0.043750 0.105556
19 0.362109 0.296528 0.058594 0.079167
20 0.551172 0.332639 0.061719 0.120833
20 0.661719 0.538889 0.042188 0.100000