0 0.069922 0.550000 0.049219 0.108333
0 0.113281 0.405556 0.068750 0.102778
0 0.135547 0.579861 0.063281 0.087500
0 0.135156 0.725000 0.062500 0.083333
0 0.178516 0.415278 0.055469 0.116667
0 0.196484 0.287500 0.058594 0.077778
0 0.203125 0.738889 0.053125 0.113889
0 0.208594 0.563889 0.054688 0.116667
0 0.234375 0.456250 0.067187 0.095833
0 0.260937 0.630556 0.062500 0.086111
0 0.263672 0.766667 0.064844 0.091667
0 0.275000 0.345833 0.056250 0.077778
0 0.290234 0.197917 0.058594 0.073611
0 0.303516 0.484722 0.058594 0.119444
0 0.321875 0.606250 0.059375 0.118056
0 0.340625 0.727778 0.059375 0.122222
0 0.358203 0.197222 0.057031 0.077778
0 0.360156 0.345139 0.060937 0.087500
0 0.362500 0.476389 0.054688 0.116667
0 0.368750 0.837500 0.059375 0.080556
0 0.385937 0.592361 0.057813 0.118056
0 0.395703 0.718750 0.057031 0.120833
0 0.417187 0.458333 0.054688 0.116667
0 0.421875 0.200000 0.054688 0.077778
0 0.430859 0.843750 0.050781 0.112500
0 0.441016 0.582639 0.060156 0.120833
0 0.442969 0.719444 0.059375 0.119444
0 0.475000 0.448611 0.056250 0.119444
0 0.492188 0.711111 0.057813 0.119444
0 0.493359 0.572222 0.057031 0.116667
0 0.511328 0.829861 0.046094 0.106944
0 0.568750 0.819444 0.059375 0.080556
1 0.303516 0.484722 0.058594 0.119444
1 0.321875 0.606250 0.059375 0.118056
1 0.340625 0.727778 0.059375 0.122222
1 0.360156 0.345139 0.060937 0.087500
1 0.362500 0.476389 0.054688 0.116667
1 0.385937 0.592361 0.057813 0.118056
1 0.395703 0.718750 0.057031 0.120833
1 0.417187 0.458333 0.054688 0.116667
1 0.441016 0.582639 0.060156 0.120833
1 0.442969 0.719444 0.059375 0.119444
1 0.475000 0.448611 0.056250 0.119444
1 0.492188 0.711111 0.057813 0.119444
1 0.493359 0.572222 0.057031 0.116667
2 0.113281 0.405556 0.068750 0.102778
2 0.135156 0.725000 0.062500 0.083333
2 0.178516 0.415278 0.055469 0.116667
2 0.196484 0.287500 0.058594 0.077778
2 0.203125 0.738889 0.053125 0.113889
2 0.234375 0.456250 0.067187 0.095833
2 0.263672 0.766667 0.064844 0.091667
2 0.275000 0.345833 0.056250 0.077778
2 0.290234 0.197917 0.058594 0.073611
2 0.358203 0.197222 0.057031 0.077778
2 0.421875 0.200000 0.054688 0.077778
3 0.069922 0.550000 0.049219 0.108333
3 0.135547 0.579861 0.063281 0.087500
3 0.208594 0.563889 0.054688 0.116667
3 0.260937 0.630556 0.062500 0.086111
3 0.368750 0.837500 0.059375 0.080556
3 0.430859 0.843750 0.050781 0.112500
3 0.511328 0.829861 0.046094 0.106944
3 0.568750 0.819444 0.059375 0.080556
6 0.303516 0.484722 0.058594 0.119444
6 0.321875 0.606250 0.059375 0.118056
6 0.340625 0.727778 0.059375 0.122222
6 0.360156 0.345139 0.060937 0.087500
6 0.362500 0.476389 0.054688 0.116667
6 0.385937 0.592361 0.057813 0.118056
6 0.395703 0.718750 0.057031 0.120833
6 0.417187 0.458333 0.054688 0.116667
6 0.441016 0.582639 0.060156 0.120833
6 0.442969 0.719444 0.059375 0.119444
6 0.475000 0.448611 0.056250 0.119444
6 0.492188 0.711111 0.057813 0.119444
6 0.493359 0.572222 0.057031 0.116667
8 0.492188 0.711111 0.057813 0.119444
9 0.442969 0.719444 0.059375 0.119444
10 0.395703 0.718750 0.057031 0.120833
11 0.340625 0.727778 0.059375 0.122222
12 0.493359 0.572222 0.057031 0.116667
13 0.441016 0.582639 0.060156 0.120833
14 0.385937 0.592361 0.057813 0.118056
15 0.321875 0.606250 0.059375 0.118056
16 0.475000 0.448611 0.056250 0.119444
17 0.417187 0.458333 0.054688 0.116667
18 0.362500 0.476389 0.054688 0.116667
19 0.303516 0.484722 0.058594 0.119444
20 0.360156 0.345139 0.060937 0.087500