0 0.113672 0.642361 0.063281 0.118056
0 0.164844 0.830556 0.054688 0.116667
0 0.172266 0.554167 0.067969 0.116667
0 0.175391 0.413889 0.069531 0.113889
0 0.187500 0.683333 0.056250 0.116667
0 0.235156 0.794444 0.046875 0.105556
0 0.242969 0.601389 0.050000 0.113889
0 0.262500 0.456250 0.059375 0.120833
0 0.264062 0.308333 0.059375 0.077778
0 0.284766 0.694444 0.057031 0.077778
0 0.312500 0.790972 0.057813 0.073611
0 0.320312 0.563889 0.067187 0.119444
0 0.335938 0.443056 0.060937 0.122222
0 0.341406 0.693056 0.042188 0.100000
0 0.359766 0.296528 0.058594 0.079167
0 0.389062 0.576389 0.048438 0.108333
0 0.402734 0.700000 0.060156 0.083333
0 0.408984 0.440972 0.053906 0.115278
0 0.444531 0.613889 0.046875 0.105556
0 0.465625 0.341667 0.065625 0.116667
0 0.483594 0.525000 0.050000 0.108333
0 0.494141 0.686111 0.057031 0.116667
0 0.528125 0.401389 0.062500 0.119444
0 0.546875 0.558333 0.057813 0.116667
0 0.558203 0.711111 0.055469 0.113889
0 0.595703 0.572917 0.057031 0.115278
0 0.612500 0.778472 0.062500 0.118056
1 0.164844 0.830556 0.054688 0.116667
1 0.175391 0.413889 0.069531 0.113889
1 0.187500 0.683333 0.056250 0.116667
1 0.242969 0.601389 0.050000 0.113889
1 0.262500 0.456250 0.059375 0.120833
1 0.264062 0.308333 0.059375 0.077778
1 0.312500 0.790972 0.057813 0.073611
1 0.320312 0.563889 0.067187 0.119444
1 0.335938 0.443056 0.060937 0.122222
1 0.341406 0.693056 0.042188 0.100000
1 0.359766 0.296528 0.058594 0.079167
1 0.389062 0.576389 0.048438 0.108333
1 0.402734 0.700000 0.060156 0.083333
1 0.408984 0.440972 0.053906 0.115278
1 0.465625 0.341667 0.065625 0.116667
1 0.494141 0.686111 0.057031 0.116667
1 0.528125 0.401389 0.062500 0.119444
1 0.546875 0.558333 0.057813 0.116667
1 0.612500 0.778472 0.062500 0.118056
2 0.284766 0.694444 0.057031 0.077778
3 0.113672 0.642361 0.063281 0.118056
3 0.172266 0.554167 0.067969 0.116667
3 0.235156 0.794444 0.046875 0.105556
3 0.444531 0.613889 0.046875 0.105556
3 0.483594 0.525000 0.050000 0.108333
3 0.558203 0.711111 0.055469 0.113889
3 0.595703 0.572917 0.057031 0.115278
4 0.341406 0.693056 0.042188 0.100000
4 0.465625 0.341667 0.065625 0.116667
4 0.612500 0.778472 0.062500 0.118056
5 0.187500 0.683333 0.056250 0.116667
5 0.242969 0.601389 0.050000 0.113889
5 0.262500 0.456250 0.059375 0.120833
5 0.320312 0.563889 0.067187 0.119444
5 0.494141 0.686111 0.057031 0.116667
5 0.528125 0.401389 0.062500 0.119444
5 0.546875 0.558333 0.057813 0.116667
6 0.264062 0.308333 0.059375 0.077778
6 0.335938 0.443056 0.060937 0.122222
6 0.359766 0.296528 0.058594 0.079167
6 0.408984 0.440972 0.053906 0.115278
7 0.164844 0.830556 0.054688 0.116667
7 0.175391 0.413889 0.069531 0.113889
7 0.312500 0.790972 0.057813 0.073611
7 0.389062 0.576389 0.048438 0.108333
7 0.402734 0.700000 0.060156 0.083333
8 0.341406 0.693056 0.042188 0.100000
9 0.402734 0.700000 0.060156 0.083333
10 0.175391 0.413889 0.069531 0.113889
10 0.494141 0.686111 0.057031 0.116667
11 0.312500 0.790972 0.057813 0.073611
11 0.528125 0.401389 0.062500 0.119444
12 0.335938 0.443056 0.060937 0.122222
13 0.242969 0.601389 0.050000 0.113889
13 0.389062 0.576389 0.048438 0.108333
15 0.262500 0.456250 0.059375 0.120833
16 0.264062 0.308333 0.059375 0.077778
17 0.320312 0.563889 0.067187 0.119444
17 0.408984 0.440972 0.053906 0.115278
17 0.612500 0.778472 0.062500 0.118056
18 0.164844 0.830556 0.054688 0.116667
18 0.187500 0.683333 0.056250 0.116667
19 0.359766 0.296528 0.058594 0.079167
20 0.465625 0.341667 0.065625 0.116667
20 0.546875 0.558333 0.057813 0.116667