0 0.157031 0.642361 0.057813 0.118056
0 0.200000 0.752778 0.071875 0.113889
0 0.202344 0.556944 0.065625 0.125000
0 0.246875 0.480556 0.071875 0.125000
0 0.278125 0.711111 0.065625 0.097222
0 0.342187 0.747917 0.064062 0.123611
0 0.353516 0.475000 0.067969 0.108333
0 0.380469 0.608333 0.065625 0.097222
0 0.387891 0.147222 0.046094 0.108333
0 0.430078 0.759028 0.058594 0.076389
0 0.434375 0.436111 0.057813 0.077778
0 0.489844 0.165972 0.056250 0.120833
0 0.494531 0.628472 0.059375 0.087500
0 0.507422 0.742361 0.066406 0.104167
0 0.509766 0.462500 0.066406 0.105556
0 0.536719 0.181944 0.053125 0.116667
0 0.569531 0.777083 0.068750 0.112500
0 0.568750 0.610417 0.053125 0.073611
0 0.596094 0.491667 0.056250 0.077778
0 0.634766 0.618750 0.057031 0.081944
0 0.646875 0.772222 0.065625 0.113889
0 0.671484 0.493750 0.063281 0.101389
1 0.387891 0.147222 0.046094 0.108333
1 0.489844 0.165972 0.056250 0.120833
1 0.536719 0.181944 0.053125 0.116667
2 0.157031 0.642361 0.057813 0.118056
2 0.200000 0.752778 0.071875 0.113889
2 0.202344 0.556944 0.065625 0.125000
2 0.246875 0.480556 0.071875 0.125000
2 0.278125 0.711111 0.065625 0.097222
2 0.342187 0.747917 0.064062 0.123611
2 0.494531 0.628472 0.059375 0.087500
2 0.568750 0.610417 0.053125 0.073611
2 0.596094 0.491667 0.056250 0.077778
2 0.634766 0.618750 0.057031 0.081944
2 0.671484 0.493750 0.063281 0.101389
3 0.353516 0.475000 0.067969 0.108333
3 0.380469 0.608333 0.065625 0.097222
3 0.430078 0.759028 0.058594 0.076389
3 0.434375 0.436111 0.057813 0.077778
3 0.507422 0.742361 0.066406 0.104167
3 0.509766 0.462500 0.066406 0.105556
3 0.569531 0.777083 0.068750 0.112500
3 0.646875 0.772222 0.065625 0.113889
5 0.387891 0.147222 0.046094 0.108333
6 0.489844 0.165972 0.056250 0.120833
7 0.536719 0.181944 0.053125 0.116667
14 0.387891 0.147222 0.046094 0.108333
14 0.489844 0.165972 0.056250 0.120833
14 0.536719 0.181944 0.053125 0.116667