0 0.315234 0.580556 0.066406 0.125000
0 0.341406 0.468750 0.070312 0.118056
0 0.364844 0.362500 0.067187 0.122222
0 0.376953 0.251389 0.061719 0.086111
0 0.385547 0.618750 0.053906 0.112500
0 0.410156 0.512500 0.057813 0.116667
0 0.430078 0.413889 0.057031 0.116667
0 0.453906 0.314583 0.053125 0.109722
0 0.479687 0.200000 0.057813 0.080556
0 0.480859 0.695139 0.041406 0.101389
0 0.503906 0.584722 0.057813 0.077778
0 0.507812 0.312500 0.043750 0.105556
0 0.524609 0.689583 0.041406 0.101389
0 0.558984 0.202778 0.055469 0.075000
0 0.568359 0.306250 0.053906 0.112500
0 0.583594 0.415972 0.051562 0.106944
0 0.593750 0.527083 0.054688 0.115278
0 0.597266 0.643750 0.058594 0.118056
0 0.658984 0.327778 0.057031 0.077778
1 0.315234 0.580556 0.066406 0.125000
1 0.341406 0.468750 0.070312 0.118056
1 0.364844 0.362500 0.067187 0.122222
1 0.376953 0.251389 0.061719 0.086111
2 0.385547 0.618750 0.053906 0.112500
2 0.410156 0.512500 0.057813 0.116667
2 0.430078 0.413889 0.057031 0.116667
2 0.453906 0.314583 0.053125 0.109722
2 0.480859 0.695139 0.041406 0.101389
2 0.507812 0.312500 0.043750 0.105556
2 0.524609 0.689583 0.041406 0.101389
2 0.568359 0.306250 0.053906 0.112500
2 0.583594 0.415972 0.051562 0.106944
2 0.593750 0.527083 0.054688 0.115278
2 0.597266 0.643750 0.058594 0.118056
3 0.479687 0.200000 0.057813 0.080556
3 0.503906 0.584722 0.057813 0.077778
3 0.558984 0.202778 0.055469 0.075000
3 0.658984 0.327778 0.057031 0.077778
4 0.364844 0.362500 0.067187 0.122222
5 0.341406 0.468750 0.070312 0.118056
6 0.315234 0.580556 0.066406 0.125000
7 0.376953 0.251389 0.061719 0.086111
9 0.364844 0.362500 0.067187 0.122222
11 0.315234 0.580556 0.066406 0.125000
12 0.376953 0.251389 0.061719 0.086111
20 0.341406 0.468750 0.070312 0.118056