0 0.324609 0.742361 0.044531 0.104167
0 0.382422 0.856250 0.046094 0.106944
0 0.382031 0.744444 0.043750 0.102778
0 0.425000 0.832639 0.040625 0.098611
0 0.523438 0.801389 0.045312 0.105556
0 0.529297 0.688194 0.047656 0.106944
0 0.567969 0.789583 0.039062 0.098611
0 0.589063 0.663889 0.059375 0.116667
1 0.324609 0.742361 0.044531 0.104167
1 0.382422 0.856250 0.046094 0.106944
1 0.382031 0.744444 0.043750 0.102778
1 0.425000 0.832639 0.040625 0.098611
1 0.523438 0.801389 0.045312 0.105556
1 0.529297 0.688194 0.047656 0.106944
1 0.567969 0.789583 0.039062 0.098611
1 0.589063 0.663889 0.059375 0.116667
4 0.567969 0.789583 0.039062 0.098611
4 0.589063 0.663889 0.059375 0.116667
5 0.382422 0.856250 0.046094 0.106944
5 0.382031 0.744444 0.043750 0.102778
6 0.324609 0.742361 0.044531 0.104167
6 0.523438 0.801389 0.045312 0.105556
7 0.425000 0.832639 0.040625 0.098611
7 0.529297 0.688194 0.047656 0.106944
8 0.382031 0.744444 0.043750 0.102778
12 0.382422 0.856250 0.046094 0.106944
12 0.529297 0.688194 0.047656 0.106944
12 0.589063 0.663889 0.059375 0.116667
14 0.567969 0.789583 0.039062 0.098611
16 0.425000 0.832639 0.040625 0.098611
18 0.324609 0.742361 0.044531 0.104167
20 0.523438 0.801389 0.045312 0.105556