0 0.477344 0.515278 0.057813 0.113889
0 0.539062 0.415278 0.067969 0.115278
0 0.556250 0.231944 0.057031 0.120833
0 0.579688 0.637500 0.058594 0.086111
0 0.620313 0.309722 0.065625 0.102778
0 0.624219 0.454167 0.044531 0.105556
0 0.649219 0.640278 0.060937 0.112500
0 0.660937 0.194444 0.059375 0.079167
0 0.688281 0.483333 0.065625 0.097222
0 0.702344 0.373611 0.064844 0.098611
0 0.717969 0.600000 0.063281 0.113889
0 0.734375 0.241667 0.067969 0.112500
0 0.771875 0.326389 0.064844 0.122222
0 0.792969 0.568056 0.062500 0.097222
1 0.620313 0.309722 0.065625 0.102778
2 0.477344 0.515278 0.057813 0.113889
2 0.539062 0.415278 0.067969 0.115278
2 0.579688 0.637500 0.058594 0.086111
2 0.624219 0.454167 0.044531 0.105556
2 0.649219 0.640278 0.060937 0.112500
2 0.660937 0.194444 0.059375 0.079167
2 0.688281 0.483333 0.065625 0.097222
2 0.702344 0.373611 0.064844 0.098611
2 0.717969 0.600000 0.063281 0.113889
2 0.792969 0.568056 0.062500 0.097222
3 0.556250 0.231944 0.057031 0.120833
3 0.734375 0.241667 0.067969 0.112500
3 0.771875 0.326389 0.064844 0.122222
7 0.620313 0.309722 0.065625 0.102778
11 0.620313 0.309722 0.065625 0.102778