0 0.057031 0.463889 0.055469 0.116667
0 0.102344 0.291667 0.056250 0.116667
0 0.114844 0.425000 0.055469 0.116667
0 0.125000 0.545833 0.052344 0.115278
0 0.132812 0.676389 0.049219 0.111111
0 0.165625 0.286111 0.049219 0.111111
0 0.168750 0.412500 0.050781 0.112500
0 0.180469 0.534722 0.046875 0.108333
0 0.189844 0.666667 0.046094 0.108333
0 0.226562 0.415278 0.044531 0.105556
0 0.228125 0.281944 0.046094 0.108333
0 0.233594 0.529167 0.040625 0.098611
0 0.239844 0.655556 0.045312 0.105556
0 0.281250 0.418056 0.045312 0.105556
0 0.284375 0.537500 0.042969 0.102778
0 0.287500 0.301389 0.048438 0.111111
0 0.289844 0.654167 0.041406 0.101389
0 0.333594 0.659722 0.037500 0.098611
0 0.335938 0.531944 0.039844 0.101389
0 0.339062 0.415278 0.041406 0.102778
0 0.339844 0.309722 0.039844 0.098611
0 0.379688 0.654167 0.039844 0.101389
0 0.385156 0.536111 0.039844 0.100000
0 0.392188 0.430556 0.040625 0.104167
0 0.400781 0.304167 0.042188 0.104167
1 0.057031 0.463889 0.055469 0.116667
1 0.102344 0.291667 0.056250 0.116667
1 0.114844 0.425000 0.055469 0.116667
1 0.125000 0.545833 0.052344 0.115278
1 0.132812 0.676389 0.049219 0.111111
1 0.165625 0.286111 0.049219 0.111111
1 0.168750 0.412500 0.050781 0.112500
1 0.189844 0.666667 0.046094 0.108333
1 0.226562 0.415278 0.044531 0.105556
1 0.228125 0.281944 0.046094 0.108333
1 0.287500 0.301389 0.048438 0.111111
1 0.379688 0.654167 0.039844 0.101389
1 0.392188 0.430556 0.040625 0.104167
1 0.400781 0.304167 0.042188 0.104167
2 0.180469 0.534722 0.046875 0.108333
2 0.233594 0.529167 0.040625 0.098611
2 0.239844 0.655556 0.045312 0.105556
2 0.281250 0.418056 0.045312 0.105556
2 0.284375 0.537500 0.042969 0.102778
2 0.289844 0.654167 0.041406 0.101389
2 0.333594 0.659722 0.037500 0.098611
2 0.335938 0.531944 0.039844 0.101389
2 0.339062 0.415278 0.041406 0.102778
2 0.339844 0.309722 0.039844 0.098611
2 0.385156 0.536111 0.039844 0.100000
4 0.102344 0.291667 0.056250 0.116667
4 0.125000 0.545833 0.052344 0.115278
4 0.189844 0.666667 0.046094 0.108333
4 0.379688 0.654167 0.039844 0.101389
5 0.114844 0.425000 0.055469 0.116667
5 0.132812 0.676389 0.049219 0.111111
5 0.287500 0.301389 0.048438 0.111111
6 0.165625 0.286111 0.049219 0.111111
7 0.057031 0.463889 0.055469 0.116667
7 0.168750 0.412500 0.050781 0.112500
7 0.226562 0.415278 0.044531 0.105556
7 0.228125 0.281944 0.046094 0.108333
7 0.392188 0.430556 0.040625 0.104167
7 0.400781 0.304167 0.042188 0.104167
9 0.228125 0.281944 0.046094 0.108333
10 0.379688 0.654167 0.039844 0.101389
12 0.392188 0.430556 0.040625 0.104167
13 0.226562 0.415278 0.044531 0.105556
14 0.057031 0.463889 0.055469 0.116667
15 0.400781 0.304167 0.042188 0.104167
16 0.189844 0.666667 0.046094 0.108333
16 0.287500 0.301389 0.048438 0.111111
17 0.114844 0.425000 0.055469 0.116667
17 0.165625 0.286111 0.049219 0.111111
19 0.125000 0.545833 0.052344 0.115278
19 0.132812 0.676389 0.049219 0.111111
19 0.168750 0.412500 0.050781 0.112500
20 0.102344 0.291667 0.056250 0.116667