0 0.220312 0.859722 0.061719 0.123611
0 0.258594 0.608333 0.071094 0.115278
0 0.309375 0.694444 0.059375 0.079167
0 0.317969 0.822222 0.069531 0.112500
0 0.386719 0.422222 0.067187 0.113889
0 0.457813 0.427778 0.053906 0.115278
0 0.550781 0.443056 0.062500 0.113889
0 0.624219 0.520833 0.061719 0.102778
0 0.671875 0.590278 0.053125 0.109722
2 0.220312 0.859722 0.061719 0.123611
2 0.258594 0.608333 0.071094 0.115278
2 0.309375 0.694444 0.059375 0.079167
2 0.317969 0.822222 0.069531 0.112500
2 0.386719 0.422222 0.067187 0.113889
2 0.457813 0.427778 0.053906 0.115278
2 0.550781 0.443056 0.062500 0.113889
2 0.624219 0.520833 0.061719 0.102778
2 0.671875 0.590278 0.053125 0.109722