0 0.337109 0.456250 0.064844 0.115278
0 0.341797 0.338889 0.061719 0.119444
0 0.406641 0.245833 0.061719 0.105556
0 0.418359 0.540972 0.038281 0.098611
0 0.497656 0.357639 0.048438 0.109722
0 0.506250 0.175000 0.062500 0.119444
0 0.665625 0.720833 0.062500 0.088889
0 0.727734 0.278472 0.041406 0.098611
1 0.341797 0.338889 0.061719 0.119444
2 0.406641 0.245833 0.061719 0.105556
2 0.497656 0.357639 0.048438 0.109722
2 0.506250 0.175000 0.062500 0.119444
2 0.727734 0.278472 0.041406 0.098611
3 0.337109 0.456250 0.064844 0.115278
3 0.418359 0.540972 0.038281 0.098611
3 0.665625 0.720833 0.062500 0.088889
4 0.341797 0.338889 0.061719 0.119444
13 0.341797 0.338889 0.061719 0.119444