0 0.495312 0.643056 0.058594 0.112500
0 0.499219 0.394444 0.045312 0.104167
0 0.559375 0.520833 0.050781 0.112500
0 0.579688 0.401389 0.060937 0.113889
0 0.600781 0.713889 0.059375 0.118056
0 0.625000 0.544444 0.067187 0.116667
0 0.649219 0.423611 0.067187 0.113889
0 0.684375 0.665278 0.065625 0.098611
0 0.731250 0.554167 0.063281 0.094444
0 0.743750 0.454167 0.055469 0.075000
0 0.793750 0.291667 0.069531 0.120833
0 0.899219 0.461111 0.068750 0.118056
1 0.899219 0.461111 0.068750 0.118056
2 0.495312 0.643056 0.058594 0.112500
2 0.499219 0.394444 0.045312 0.104167
2 0.559375 0.520833 0.050781 0.112500
2 0.579688 0.401389 0.060937 0.113889
2 0.600781 0.713889 0.059375 0.118056
2 0.625000 0.544444 0.067187 0.116667
2 0.649219 0.423611 0.067187 0.113889
2 0.731250 0.554167 0.063281 0.094444
2 0.743750 0.454167 0.055469 0.075000
2 0.793750 0.291667 0.069531 0.120833
3 0.684375 0.665278 0.065625 0.098611
5 0.899219 0.461111 0.068750 0.118056
19 0.899219 0.461111 0.068750 0.118056