0 0.469922 0.311806 0.041406 0.101389
0 0.572656 0.338889 0.062500 0.116667
0 0.593359 0.198611 0.039844 0.100000
0 0.643359 0.566667 0.055469 0.116667
0 0.702344 0.525694 0.067187 0.106944
0 0.767188 0.167361 0.060937 0.076389
0 0.791016 0.458333 0.047656 0.108333
0 0.814063 0.597917 0.064062 0.123611
0 0.824219 0.745139 0.059375 0.118056
1 0.469922 0.311806 0.041406 0.101389
1 0.572656 0.338889 0.062500 0.116667
1 0.593359 0.198611 0.039844 0.100000
1 0.643359 0.566667 0.055469 0.116667
1 0.702344 0.525694 0.067187 0.106944
1 0.767188 0.167361 0.060937 0.076389
1 0.824219 0.745139 0.059375 0.118056
3 0.791016 0.458333 0.047656 0.108333
3 0.814063 0.597917 0.064062 0.123611
4 0.469922 0.311806 0.041406 0.101389
4 0.593359 0.198611 0.039844 0.100000
5 0.572656 0.338889 0.062500 0.116667
5 0.643359 0.566667 0.055469 0.116667
5 0.767188 0.167361 0.060937 0.076389
5 0.824219 0.745139 0.059375 0.118056
6 0.702344 0.525694 0.067187 0.106944
11 0.572656 0.338889 0.062500 0.116667
11 0.593359 0.198611 0.039844 0.100000
13 0.702344 0.525694 0.067187 0.106944
16 0.767188 0.167361 0.060937 0.076389
17 0.824219 0.745139 0.059375 0.118056
18 0.643359 0.566667 0.055469 0.116667
20 0.469922 0.311806 0.041406 0.101389