0 0.202344 0.472222 0.050000 0.111111
0 0.250391 0.668750 0.067969 0.123611
0 0.278125 0.430556 0.060937 0.116667
0 0.300781 0.569444 0.068750 0.111111
0 0.332031 0.808333 0.067187 0.097222
0 0.340625 0.366667 0.046875 0.105556
0 0.350781 0.677778 0.064062 0.094444
0 0.369531 0.531250 0.054688 0.118056
0 0.394531 0.365278 0.042188 0.105556
0 0.425781 0.667361 0.054688 0.115278
0 0.437891 0.806250 0.061719 0.090278
0 0.443750 0.493056 0.045312 0.105556
0 0.455859 0.352778 0.064844 0.119444
0 0.475781 0.243056 0.060937 0.097222
0 0.502344 0.592361 0.062500 0.101389
0 0.527734 0.740972 0.064844 0.106944
0 0.555078 0.240972 0.055469 0.115278
0 0.547266 0.448611 0.039844 0.097222
0 0.587109 0.350000 0.060156 0.119444
0 0.606250 0.593750 0.062500 0.101389
0 0.611719 0.743750 0.053125 0.115278
0 0.633984 0.452778 0.064844 0.105556
0 0.689453 0.568750 0.061719 0.118056
1 0.202344 0.472222 0.050000 0.111111
1 0.443750 0.493056 0.045312 0.105556
1 0.611719 0.743750 0.053125 0.115278
1 0.689453 0.568750 0.061719 0.118056
2 0.278125 0.430556 0.060937 0.116667
2 0.300781 0.569444 0.068750 0.111111
2 0.340625 0.366667 0.046875 0.105556
2 0.350781 0.677778 0.064062 0.094444
2 0.369531 0.531250 0.054688 0.118056
2 0.394531 0.365278 0.042188 0.105556
2 0.425781 0.667361 0.054688 0.115278
2 0.455859 0.352778 0.064844 0.119444
2 0.475781 0.243056 0.060937 0.097222
2 0.502344 0.592361 0.062500 0.101389
2 0.547266 0.448611 0.039844 0.097222
3 0.250391 0.668750 0.067969 0.123611
3 0.332031 0.808333 0.067187 0.097222
3 0.437891 0.806250 0.061719 0.090278
3 0.527734 0.740972 0.064844 0.106944
3 0.555078 0.240972 0.055469 0.115278
3 0.587109 0.350000 0.060156 0.119444
3 0.606250 0.593750 0.062500 0.101389
3 0.633984 0.452778 0.064844 0.105556
4 0.443750 0.493056 0.045312 0.105556
6 0.202344 0.472222 0.050000 0.111111
6 0.611719 0.743750 0.053125 0.115278
7 0.689453 0.568750 0.061719 0.118056
10 0.443750 0.493056 0.045312 0.105556
10 0.611719 0.743750 0.053125 0.115278
11 0.689453 0.568750 0.061719 0.118056
18 0.202344 0.472222 0.050000 0.111111