0 0.221094 0.512500 0.053125 0.111111
0 0.229687 0.287500 0.065625 0.094444
0 0.231250 0.762500 0.043750 0.102778
0 0.272656 0.593056 0.045312 0.108333
0 0.337500 0.634722 0.059375 0.119444
0 0.337500 0.145139 0.057813 0.118056
0 0.344531 0.793750 0.043750 0.104167
0 0.371875 0.520833 0.062500 0.116667
0 0.412891 0.852083 0.064844 0.101389
0 0.434766 0.507639 0.060156 0.084722
0 0.437500 0.738889 0.065625 0.108333
0 0.450781 0.311111 0.053125 0.113889
0 0.470703 0.603472 0.057031 0.115278
0 0.477734 0.084028 0.063281 0.093056
0 0.501563 0.867361 0.065625 0.118056
0 0.507422 0.717361 0.064844 0.115278
0 0.522656 0.346528 0.065625 0.104167
0 0.528906 0.476389 0.057813 0.080556
0 0.548828 0.604167 0.046094 0.105556
0 0.594531 0.215972 0.048438 0.109722
0 0.610156 0.628472 0.064062 0.101389
0 0.665625 0.665972 0.065625 0.118056
0 0.714453 0.320833 0.064844 0.100000
0 0.720703 0.481944 0.046094 0.105556
0 0.762109 0.568750 0.061719 0.101389
0 0.765234 0.767361 0.064844 0.109722
0 0.860156 0.506250 0.045312 0.104167
0 0.950781 0.528472 0.039062 0.098611
1 0.272656 0.593056 0.045312 0.108333
1 0.337500 0.634722 0.059375 0.119444
1 0.337500 0.145139 0.057813 0.118056
1 0.344531 0.793750 0.043750 0.104167
1 0.371875 0.520833 0.062500 0.116667
1 0.412891 0.852083 0.064844 0.101389
1 0.434766 0.507639 0.060156 0.084722
1 0.437500 0.738889 0.065625 0.108333
1 0.477734 0.084028 0.063281 0.093056
1 0.528906 0.476389 0.057813 0.080556
1 0.594531 0.215972 0.048438 0.109722
1 0.610156 0.628472 0.064062 0.101389
1 0.665625 0.665972 0.065625 0.118056
1 0.860156 0.506250 0.045312 0.104167
1 0.950781 0.528472 0.039062 0.098611
2 0.450781 0.311111 0.053125 0.113889
2 0.762109 0.568750 0.061719 0.101389
3 0.221094 0.512500 0.053125 0.111111
3 0.229687 0.287500 0.065625 0.094444
3 0.231250 0.762500 0.043750 0.102778
3 0.470703 0.603472 0.057031 0.115278
3 0.501563 0.867361 0.065625 0.118056
3 0.507422 0.717361 0.064844 0.115278
3 0.522656 0.346528 0.065625 0.104167
3 0.548828 0.604167 0.046094 0.105556
3 0.714453 0.320833 0.064844 0.100000
3 0.720703 0.481944 0.046094 0.105556
3 0.765234 0.767361 0.064844 0.109722
4 0.437500 0.738889 0.065625 0.108333
4 0.528906 0.476389 0.057813 0.080556
4 0.860156 0.506250 0.045312 0.104167
5 0.337500 0.145139 0.057813 0.118056
5 0.477734 0.084028 0.063281 0.093056
5 0.610156 0.628472 0.064062 0.101389
5 0.665625 0.665972 0.065625 0.118056
5 0.950781 0.528472 0.039062 0.098611
6 0.272656 0.593056 0.045312 0.108333
6 0.337500 0.634722 0.059375 0.119444
6 0.344531 0.793750 0.043750 0.104167
6 0.412891 0.852083 0.064844 0.101389
7 0.371875 0.520833 0.062500 0.116667
7 0.434766 0.507639 0.060156 0.084722
7 0.594531 0.215972 0.048438 0.109722
8 0.272656 0.593056 0.045312 0.108333
8 0.665625 0.665972 0.065625 0.118056
9 0.477734 0.084028 0.063281 0.093056
10 0.344531 0.793750 0.043750 0.104167
11 0.412891 0.852083 0.064844 0.101389
12 0.950781 0.528472 0.039062 0.098611
13 0.337500 0.145139 0.057813 0.118056
13 0.594531 0.215972 0.048438 0.109722
15 0.434766 0.507639 0.060156 0.084722
15 0.610156 0.628472 0.064062 0.101389
16 0.371875 0.520833 0.062500 0.116667
17 0.528906 0.476389 0.057813 0.080556
18 0.337500 0.634722 0.059375 0.119444
19 0.860156 0.506250 0.045312 0.104167
20 0.437500 0.738889 0.065625 0.108333