0 0.136719 0.319444 0.051562 0.112500
0 0.167969 0.075000 0.063281 0.087500
0 0.185938 0.358333 0.043750 0.104167
0 0.218750 0.523611 0.062500 0.119444
0 0.228906 0.051389 0.063281 0.087500
0 0.264062 0.426389 0.049219 0.108333
0 0.289062 0.045833 0.061719 0.086111
0 0.294531 0.595833 0.059375 0.119444
0 0.350781 0.044444 0.059375 0.083333
0 0.368750 0.436111 0.066406 0.120833
0 0.364844 0.600000 0.042188 0.102778
0 0.438281 0.565278 0.050781 0.112500
0 0.454688 0.348611 0.046875 0.109722
0 0.483594 0.205556 0.064844 0.097222
0 0.476562 0.659722 0.043750 0.105556
0 0.523438 0.126389 0.064844 0.098611
0 0.518750 0.381944 0.053906 0.116667
0 0.537500 0.638889 0.064062 0.106944
0 0.552344 0.270833 0.067969 0.115278
0 0.596875 0.643056 0.060156 0.115278
0 0.595313 0.436111 0.040625 0.097222
0 0.650781 0.680556 0.059375 0.113889
0 0.666406 0.462500 0.067187 0.112500
1 0.167969 0.075000 0.063281 0.087500
1 0.228906 0.051389 0.063281 0.087500
1 0.289062 0.045833 0.061719 0.086111
1 0.350781 0.044444 0.059375 0.083333
2 0.136719 0.319444 0.051562 0.112500
2 0.185938 0.358333 0.043750 0.104167
2 0.368750 0.436111 0.066406 0.120833
2 0.454688 0.348611 0.046875 0.109722
2 0.518750 0.381944 0.053906 0.116667
2 0.537500 0.638889 0.064062 0.106944
2 0.552344 0.270833 0.067969 0.115278
2 0.596875 0.643056 0.060156 0.115278
2 0.595313 0.436111 0.040625 0.097222
2 0.650781 0.680556 0.059375 0.113889
2 0.666406 0.462500 0.067187 0.112500
3 0.218750 0.523611 0.062500 0.119444
3 0.264062 0.426389 0.049219 0.108333
3 0.294531 0.595833 0.059375 0.119444
3 0.364844 0.600000 0.042188 0.102778
3 0.438281 0.565278 0.050781 0.112500
3 0.483594 0.205556 0.064844 0.097222
3 0.476562 0.659722 0.043750 0.105556
3 0.523438 0.126389 0.064844 0.098611
5 0.350781 0.044444 0.059375 0.083333
7 0.167969 0.075000 0.063281 0.087500
7 0.228906 0.051389 0.063281 0.087500
7 0.289062 0.045833 0.061719 0.086111
8 0.167969 0.075000 0.063281 0.087500
10 0.228906 0.051389 0.063281 0.087500
17 0.289062 0.045833 0.061719 0.086111
17 0.350781 0.044444 0.059375 0.083333