0 0.152734 0.436111 0.046094 0.105556
0 0.190234 0.293750 0.066406 0.101389
0 0.215234 0.463889 0.060156 0.083333
0 0.215234 0.604167 0.058594 0.080556
0 0.253125 0.303472 0.051562 0.115278
0 0.279297 0.618750 0.049219 0.109722
0 0.282813 0.447917 0.051562 0.112500
0 0.306250 0.343750 0.064062 0.095833
0 0.334375 0.513889 0.060937 0.086111
0 0.337891 0.645833 0.061719 0.088889
0 0.438281 0.717361 0.057813 0.079167
0 0.439063 0.512500 0.048438 0.108333
0 0.478516 0.266667 0.050781 0.111111
0 0.499219 0.725000 0.051562 0.108333
0 0.508984 0.505556 0.053906 0.111111
0 0.555078 0.276389 0.052344 0.111111
0 0.579688 0.713889 0.045312 0.102778
0 0.587109 0.522222 0.052344 0.111111
0 0.636719 0.704167 0.059375 0.080556
2 0.190234 0.293750 0.066406 0.101389
2 0.215234 0.604167 0.058594 0.080556
2 0.253125 0.303472 0.051562 0.115278
2 0.279297 0.618750 0.049219 0.109722
2 0.306250 0.343750 0.064062 0.095833
2 0.337891 0.645833 0.061719 0.088889
2 0.439063 0.512500 0.048438 0.108333
2 0.478516 0.266667 0.050781 0.111111
2 0.508984 0.505556 0.053906 0.111111
2 0.555078 0.276389 0.052344 0.111111
2 0.587109 0.522222 0.052344 0.111111
3 0.152734 0.436111 0.046094 0.105556
3 0.215234 0.463889 0.060156 0.083333
3 0.282813 0.447917 0.051562 0.112500
3 0.334375 0.513889 0.060937 0.086111
3 0.438281 0.717361 0.057813 0.079167
3 0.499219 0.725000 0.051562 0.108333
3 0.579688 0.713889 0.045312 0.102778
3 0.636719 0.704167 0.059375 0.080556