0 0.461328 0.450000 0.067969 0.119444
0 0.462109 0.329861 0.064844 0.098611
0 0.466797 0.209722 0.063281 0.100000
0 0.512891 0.093056 0.066406 0.127778
0 0.538672 0.404167 0.067969 0.119444
0 0.544922 0.260417 0.047656 0.104167
0 0.576953 0.531944 0.066406 0.119444
0 0.600000 0.342361 0.062500 0.123611
0 0.612891 0.122222 0.047656 0.116667
0 0.660547 0.517361 0.049219 0.109722
0 0.664062 0.250000 0.042188 0.105556
0 0.689063 0.379861 0.064062 0.104167
0 0.683984 0.107639 0.046094 0.112500
0 0.759766 0.351389 0.064844 0.113889
1 0.664062 0.250000 0.042188 0.105556
2 0.461328 0.450000 0.067969 0.119444
2 0.462109 0.329861 0.064844 0.098611
2 0.466797 0.209722 0.063281 0.100000
2 0.512891 0.093056 0.066406 0.127778
2 0.538672 0.404167 0.067969 0.119444
2 0.544922 0.260417 0.047656 0.104167
2 0.600000 0.342361 0.062500 0.123611
2 0.612891 0.122222 0.047656 0.116667
2 0.660547 0.517361 0.049219 0.109722
2 0.689063 0.379861 0.064062 0.104167
2 0.759766 0.351389 0.064844 0.113889
3 0.576953 0.531944 0.066406 0.119444
3 0.683984 0.107639 0.046094 0.112500
7 0.664062 0.250000 0.042188 0.105556
11 0.664062 0.250000 0.042188 0.105556