0 0.443359 0.293056 0.053906 0.072222
0 0.500391 0.614583 0.064844 0.101389
0 0.512891 0.507639 0.063281 0.118056
0 0.528516 0.267361 0.058594 0.090278
0 0.546484 0.387500 0.066406 0.119444
0 0.593750 0.648611 0.059375 0.091667
0 0.600391 0.512500 0.066406 0.108333
0 0.596875 0.231250 0.046875 0.112500
0 0.614844 0.393750 0.064062 0.112500
0 0.651563 0.243056 0.060937 0.094444
0 0.666016 0.581250 0.064844 0.118056
0 0.691016 0.410417 0.064844 0.123611
0 0.737891 0.563889 0.066406 0.119444
0 0.740625 0.357639 0.065625 0.093056
2 0.443359 0.293056 0.053906 0.072222
2 0.528516 0.267361 0.058594 0.090278
2 0.546484 0.387500 0.066406 0.119444
2 0.593750 0.648611 0.059375 0.091667
2 0.596875 0.231250 0.046875 0.112500
2 0.614844 0.393750 0.064062 0.112500
2 0.651563 0.243056 0.060937 0.094444
2 0.666016 0.581250 0.064844 0.118056
2 0.691016 0.410417 0.064844 0.123611
2 0.740625 0.357639 0.065625 0.093056
3 0.500391 0.614583 0.064844 0.101389
3 0.512891 0.507639 0.063281 0.118056
3 0.600391 0.512500 0.066406 0.108333
3 0.737891 0.563889 0.066406 0.119444