0 0.264062 0.631944 0.058594 0.112500
0 0.260937 0.486111 0.042188 0.098611
0 0.303906 0.505556 0.039844 0.097222
0 0.326562 0.670833 0.050781 0.108333
0 0.357031 0.488889 0.050000 0.106944
0 0.404687 0.190278 0.057031 0.073611
0 0.446875 0.538889 0.058594 0.116667
0 0.461719 0.184722 0.057031 0.075000
0 0.478906 0.395833 0.066406 0.119444
0 0.504687 0.868056 0.062500 0.122222
0 0.521875 0.602778 0.064062 0.120833
0 0.519531 0.177778 0.056250 0.073611
0 0.567187 0.472222 0.064844 0.118056
0 0.576562 0.847222 0.057813 0.120833
0 0.576562 0.173611 0.057031 0.073611
0 0.599219 0.643056 0.050781 0.111111
0 0.625781 0.522222 0.057813 0.116667
0 0.646094 0.362500 0.051562 0.111111
0 0.660937 0.709722 0.058594 0.118056
0 0.693750 0.581944 0.069531 0.122222
0 0.737500 0.722222 0.071094 0.119444
1 0.404687 0.190278 0.057031 0.073611
1 0.461719 0.184722 0.057031 0.075000
1 0.519531 0.177778 0.056250 0.073611
1 0.576562 0.173611 0.057031 0.073611
2 0.264062 0.631944 0.058594 0.112500
2 0.260937 0.486111 0.042188 0.098611
2 0.303906 0.505556 0.039844 0.097222
2 0.326562 0.670833 0.050781 0.108333
2 0.357031 0.488889 0.050000 0.106944
2 0.446875 0.538889 0.058594 0.116667
2 0.478906 0.395833 0.066406 0.119444
2 0.567187 0.472222 0.064844 0.118056
2 0.625781 0.522222 0.057813 0.116667
2 0.693750 0.581944 0.069531 0.122222
3 0.504687 0.868056 0.062500 0.122222
3 0.521875 0.602778 0.064062 0.120833
3 0.576562 0.847222 0.057813 0.120833
3 0.599219 0.643056 0.050781 0.111111
3 0.646094 0.362500 0.051562 0.111111
3 0.660937 0.709722 0.058594 0.118056
3 0.737500 0.722222 0.071094 0.119444
6 0.404687 0.190278 0.057031 0.073611
6 0.461719 0.184722 0.057031 0.075000
6 0.519531 0.177778 0.056250 0.073611
6 0.576562 0.173611 0.057031 0.073611
10 0.576562 0.173611 0.057031 0.073611
11 0.519531 0.177778 0.056250 0.073611
16 0.404687 0.190278 0.057031 0.073611
19 0.461719 0.184722 0.057031 0.075000