0 0.258594 0.523611 0.068750 0.116667
0 0.310156 0.481944 0.068750 0.116667
0 0.315625 0.779861 0.065625 0.093056
0 0.328906 0.675000 0.053125 0.113889
0 0.415234 0.079861 0.057031 0.115278
0 0.462500 0.237500 0.065625 0.119444
0 0.489063 0.802778 0.068750 0.113889
0 0.534766 0.343750 0.050781 0.112500
0 0.537500 0.215278 0.046875 0.108333
0 0.625391 0.686111 0.064844 0.116667
0 0.646875 0.866667 0.057813 0.088889
0 0.651563 0.281944 0.065625 0.113889
0 0.668750 0.627083 0.053125 0.115278
0 0.708594 0.440972 0.064062 0.101389
0 0.718750 0.795139 0.037500 0.098611
0 0.733984 0.552778 0.038281 0.097222
0 0.769141 0.660417 0.041406 0.101389
1 0.258594 0.523611 0.068750 0.116667
1 0.310156 0.481944 0.068750 0.116667
1 0.315625 0.779861 0.065625 0.093056
1 0.328906 0.675000 0.053125 0.113889
1 0.415234 0.079861 0.057031 0.115278
1 0.462500 0.237500 0.065625 0.119444
1 0.489063 0.802778 0.068750 0.113889
1 0.534766 0.343750 0.050781 0.112500
1 0.537500 0.215278 0.046875 0.108333
1 0.625391 0.686111 0.064844 0.116667
1 0.646875 0.866667 0.057813 0.088889
1 0.651563 0.281944 0.065625 0.113889
1 0.668750 0.627083 0.053125 0.115278
1 0.708594 0.440972 0.064062 0.101389
1 0.718750 0.795139 0.037500 0.098611
1 0.733984 0.552778 0.038281 0.097222
1 0.769141 0.660417 0.041406 0.101389
4 0.258594 0.523611 0.068750 0.116667
4 0.415234 0.079861 0.057031 0.115278
4 0.651563 0.281944 0.065625 0.113889
4 0.708594 0.440972 0.064062 0.101389
4 0.769141 0.660417 0.041406 0.101389
5 0.315625 0.779861 0.065625 0.093056
5 0.462500 0.237500 0.065625 0.119444
5 0.646875 0.866667 0.057813 0.088889
5 0.733984 0.552778 0.038281 0.097222
6 0.328906 0.675000 0.053125 0.113889
6 0.489063 0.802778 0.068750 0.113889
6 0.537500 0.215278 0.046875 0.108333
6 0.668750 0.627083 0.053125 0.115278
6 0.718750 0.795139 0.037500 0.098611
7 0.310156 0.481944 0.068750 0.116667
7 0.534766 0.343750 0.050781 0.112500
7 0.625391 0.686111 0.064844 0.116667
9 0.462500 0.237500 0.065625 0.119444
9 0.625391 0.686111 0.064844 0.116667
9 0.668750 0.627083 0.053125 0.115278
10 0.534766 0.343750 0.050781 0.112500
11 0.315625 0.779861 0.065625 0.093056
12 0.415234 0.079861 0.057031 0.115278
14 0.537500 0.215278 0.046875 0.108333
14 0.733984 0.552778 0.038281 0.097222
15 0.258594 0.523611 0.068750 0.116667
15 0.328906 0.675000 0.053125 0.113889
15 0.646875 0.866667 0.057813 0.088889
16 0.310156 0.481944 0.068750 0.116667
16 0.718750 0.795139 0.037500 0.098611
16 0.769141 0.660417 0.041406 0.101389
17 0.489063 0.802778 0.068750 0.113889
19 0.708594 0.440972 0.064062 0.101389
20 0.651563 0.281944 0.065625 0.113889