0 0.148438 0.531250 0.064062 0.081944
0 0.156250 0.296528 0.068750 0.123611
0 0.215234 0.651389 0.071094 0.122222
0 0.243750 0.381250 0.064062 0.093056
0 0.257812 0.755556 0.068750 0.122222
0 0.292969 0.475000 0.068750 0.122222
0 0.288672 0.219444 0.057031 0.119444
0 0.305469 0.646528 0.065625 0.095833
0 0.338672 0.346528 0.067969 0.106944
0 0.339844 0.346528 0.067187 0.106944
0 0.358594 0.568056 0.067187 0.119444
0 0.372266 0.737500 0.064844 0.113889
0 0.391406 0.234722 0.057813 0.086111
0 0.426953 0.448611 0.058594 0.077778
0 0.427734 0.356250 0.058594 0.084722
0 0.443750 0.786111 0.068750 0.116667
0 0.489844 0.620139 0.062500 0.112500
0 0.498437 0.309028 0.064062 0.109722
0 0.507031 0.459722 0.065625 0.119444
0 0.556250 0.407639 0.065625 0.112500
1 0.215234 0.651389 0.071094 0.122222
1 0.292969 0.475000 0.068750 0.122222
1 0.426953 0.448611 0.058594 0.077778
1 0.443750 0.786111 0.068750 0.116667
2 0.156250 0.296528 0.068750 0.123611
2 0.243750 0.381250 0.064062 0.093056
2 0.288672 0.219444 0.057031 0.119444
2 0.338672 0.346528 0.067969 0.106944
2 0.339844 0.346528 0.067187 0.106944
2 0.358594 0.568056 0.067187 0.119444
2 0.372266 0.737500 0.064844 0.113889
2 0.391406 0.234722 0.057813 0.086111
2 0.427734 0.356250 0.058594 0.084722
2 0.489844 0.620139 0.062500 0.112500
2 0.498437 0.309028 0.064062 0.109722
2 0.507031 0.459722 0.065625 0.119444
3 0.148438 0.531250 0.064062 0.081944
3 0.257812 0.755556 0.068750 0.122222
3 0.305469 0.646528 0.065625 0.095833
3 0.556250 0.407639 0.065625 0.112500
5 0.292969 0.475000 0.068750 0.122222
5 0.426953 0.448611 0.058594 0.077778
6 0.443750 0.786111 0.068750 0.116667
7 0.215234 0.651389 0.071094 0.122222
13 0.426953 0.448611 0.058594 0.077778
17 0.215234 0.651389 0.071094 0.122222
17 0.292969 0.475000 0.068750 0.122222
19 0.443750 0.786111 0.068750 0.116667