0 0.075391 0.589583 0.049219 0.109722
0 0.112891 0.220139 0.063281 0.084722
0 0.121484 0.453472 0.072656 0.120833
0 0.136719 0.756944 0.068750 0.100000
0 0.148828 0.581250 0.066406 0.093056
0 0.178906 0.226389 0.060937 0.080556
0 0.184375 0.454861 0.056250 0.118056
0 0.210156 0.779861 0.056250 0.118056
0 0.212500 0.603472 0.053125 0.115278
0 0.242188 0.227778 0.060937 0.083333
0 0.245312 0.494444 0.067187 0.100000
0 0.267969 0.803472 0.060937 0.123611
0 0.273828 0.638889 0.069531 0.119444
0 0.306250 0.236111 0.059375 0.080556
0 0.329688 0.459722 0.056250 0.116667
0 0.350391 0.598611 0.058594 0.119444
0 0.372266 0.876389 0.058594 0.080556
0 0.377734 0.239583 0.060156 0.073611
0 0.387500 0.462500 0.053125 0.116667
0 0.416406 0.590278 0.046875 0.108333
0 0.434766 0.884722 0.052344 0.116667
0 0.453516 0.447917 0.050781 0.112500
0 0.471875 0.595139 0.043750 0.104167
0 0.515234 0.462500 0.049219 0.108333
0 0.516406 0.869444 0.046875 0.108333
0 0.532813 0.590278 0.042188 0.102778
0 0.566016 0.384028 0.061719 0.115278
0 0.574609 0.857639 0.058594 0.081944
0 0.600000 0.462500 0.065625 0.108333
0 0.631250 0.556250 0.056250 0.112500
0 0.646484 0.668056 0.052344 0.111111
0 0.650000 0.789583 0.042188 0.098611
1 0.112891 0.220139 0.063281 0.084722
1 0.178906 0.226389 0.060937 0.080556
1 0.242188 0.227778 0.060937 0.083333
1 0.306250 0.236111 0.059375 0.080556
1 0.329688 0.459722 0.056250 0.116667
1 0.350391 0.598611 0.058594 0.119444
1 0.377734 0.239583 0.060156 0.073611
1 0.387500 0.462500 0.053125 0.116667
1 0.416406 0.590278 0.046875 0.108333
1 0.453516 0.447917 0.050781 0.112500
1 0.471875 0.595139 0.043750 0.104167
1 0.515234 0.462500 0.049219 0.108333
1 0.532813 0.590278 0.042188 0.102778
2 0.121484 0.453472 0.072656 0.120833
2 0.136719 0.756944 0.068750 0.100000
2 0.184375 0.454861 0.056250 0.118056
2 0.210156 0.779861 0.056250 0.118056
2 0.245312 0.494444 0.067187 0.100000
2 0.267969 0.803472 0.060937 0.123611
2 0.566016 0.384028 0.061719 0.115278
2 0.600000 0.462500 0.065625 0.108333
2 0.631250 0.556250 0.056250 0.112500
2 0.646484 0.668056 0.052344 0.111111
2 0.650000 0.789583 0.042188 0.098611
3 0.075391 0.589583 0.049219 0.109722
3 0.148828 0.581250 0.066406 0.093056
3 0.212500 0.603472 0.053125 0.115278
3 0.273828 0.638889 0.069531 0.119444
3 0.372266 0.876389 0.058594 0.080556
3 0.434766 0.884722 0.052344 0.116667
3 0.516406 0.869444 0.046875 0.108333
3 0.574609 0.857639 0.058594 0.081944
4 0.112891 0.220139 0.063281 0.084722
4 0.178906 0.226389 0.060937 0.080556
4 0.242188 0.227778 0.060937 0.083333
4 0.306250 0.236111 0.059375 0.080556
4 0.329688 0.459722 0.056250 0.116667
4 0.350391 0.598611 0.058594 0.119444
4 0.377734 0.239583 0.060156 0.073611
4 0.387500 0.462500 0.053125 0.116667
4 0.416406 0.590278 0.046875 0.108333
4 0.453516 0.447917 0.050781 0.112500
4 0.471875 0.595139 0.043750 0.104167
4 0.515234 0.462500 0.049219 0.108333
4 0.532813 0.590278 0.042188 0.102778
8 0.112891 0.220139 0.063281 0.084722
9 0.178906 0.226389 0.060937 0.080556
10 0.242188 0.227778 0.060937 0.083333
11 0.306250 0.236111 0.059375 0.080556
12 0.377734 0.239583 0.060156 0.073611
13 0.350391 0.598611 0.058594 0.119444
14 0.416406 0.590278 0.046875 0.108333
15 0.471875 0.595139 0.043750 0.104167
16 0.532813 0.590278 0.042188 0.102778
17 0.329688 0.459722 0.056250 0.116667
18 0.387500 0.462500 0.053125 0.116667
19 0.453516 0.447917 0.050781 0.112500
20 0.515234 0.462500 0.049219 0.108333