0 0.077344 0.594444 0.050000 0.109722
0 0.120313 0.450000 0.068750 0.102778
0 0.140625 0.769444 0.062500 0.084722
0 0.142969 0.623611 0.063281 0.086111
0 0.185156 0.458333 0.054688 0.118056
0 0.209375 0.781944 0.053125 0.115278
0 0.213281 0.606944 0.055469 0.113889
0 0.239844 0.498611 0.065625 0.097222
0 0.266406 0.672222 0.061719 0.086111
0 0.270313 0.808333 0.064844 0.093056
0 0.374219 0.879167 0.058594 0.081944
0 0.381250 0.609722 0.064844 0.106944
0 0.413281 0.411111 0.064062 0.118056
0 0.437500 0.884722 0.051562 0.113889
0 0.468750 0.737500 0.042188 0.098611
0 0.517969 0.868056 0.046094 0.109722
0 0.550781 0.440278 0.064062 0.113889
0 0.556250 0.651389 0.064844 0.108333
0 0.576562 0.856944 0.057813 0.081944
2 0.120313 0.450000 0.068750 0.102778
2 0.140625 0.769444 0.062500 0.084722
2 0.185156 0.458333 0.054688 0.118056
2 0.209375 0.781944 0.053125 0.115278
2 0.239844 0.498611 0.065625 0.097222
2 0.270313 0.808333 0.064844 0.093056
2 0.381250 0.609722 0.064844 0.106944
2 0.413281 0.411111 0.064062 0.118056
2 0.468750 0.737500 0.042188 0.098611
2 0.550781 0.440278 0.064062 0.113889
2 0.556250 0.651389 0.064844 0.108333
3 0.077344 0.594444 0.050000 0.109722
3 0.142969 0.623611 0.063281 0.086111
3 0.213281 0.606944 0.055469 0.113889
3 0.266406 0.672222 0.061719 0.086111
3 0.374219 0.879167 0.058594 0.081944
3 0.437500 0.884722 0.051562 0.113889
3 0.517969 0.868056 0.046094 0.109722
3 0.576562 0.856944 0.057813 0.081944