0 0.227734 0.337500 0.041406 0.102778
0 0.262891 0.445833 0.039844 0.100000
0 0.288281 0.556944 0.062500 0.100000
0 0.278906 0.204861 0.039062 0.098611
0 0.315234 0.477778 0.064844 0.105556
0 0.328906 0.373611 0.053125 0.111111
0 0.346484 0.717361 0.064844 0.112500
0 0.351172 0.132639 0.060156 0.084722
0 0.372656 0.312500 0.065625 0.116667
0 0.391016 0.217361 0.057031 0.076389
0 0.446094 0.397222 0.056250 0.116667
0 0.462500 0.656944 0.051562 0.111111
0 0.459766 0.783333 0.046094 0.108333
0 0.471875 0.291667 0.059375 0.116667
0 0.508984 0.195139 0.064844 0.109722
0 0.535937 0.761111 0.067187 0.116667
0 0.582422 0.919444 0.057031 0.116667
0 0.738672 0.479167 0.069531 0.111111
0 0.810547 0.281250 0.064844 0.120833
1 0.227734 0.337500 0.041406 0.102778
1 0.262891 0.445833 0.039844 0.100000
1 0.288281 0.556944 0.062500 0.100000
1 0.278906 0.204861 0.039062 0.098611
1 0.315234 0.477778 0.064844 0.105556
1 0.328906 0.373611 0.053125 0.111111
1 0.346484 0.717361 0.064844 0.112500
1 0.351172 0.132639 0.060156 0.084722
1 0.372656 0.312500 0.065625 0.116667
1 0.391016 0.217361 0.057031 0.076389
1 0.462500 0.656944 0.051562 0.111111
1 0.459766 0.783333 0.046094 0.108333
1 0.471875 0.291667 0.059375 0.116667
1 0.508984 0.195139 0.064844 0.109722
1 0.535937 0.761111 0.067187 0.116667
1 0.582422 0.919444 0.057031 0.116667
1 0.738672 0.479167 0.069531 0.111111
1 0.810547 0.281250 0.064844 0.120833
2 0.446094 0.397222 0.056250 0.116667
4 0.227734 0.337500 0.041406 0.102778
4 0.288281 0.556944 0.062500 0.100000
4 0.346484 0.717361 0.064844 0.112500
4 0.391016 0.217361 0.057031 0.076389
4 0.582422 0.919444 0.057031 0.116667
4 0.738672 0.479167 0.069531 0.111111
5 0.262891 0.445833 0.039844 0.100000
5 0.315234 0.477778 0.064844 0.105556
5 0.351172 0.132639 0.060156 0.084722
5 0.471875 0.291667 0.059375 0.116667
5 0.535937 0.761111 0.067187 0.116667
6 0.278906 0.204861 0.039062 0.098611
6 0.328906 0.373611 0.053125 0.111111
6 0.459766 0.783333 0.046094 0.108333
6 0.508984 0.195139 0.064844 0.109722
6 0.810547 0.281250 0.064844 0.120833
7 0.372656 0.312500 0.065625 0.116667
7 0.462500 0.656944 0.051562 0.111111
9 0.328906 0.373611 0.053125 0.111111
9 0.372656 0.312500 0.065625 0.116667
9 0.535937 0.761111 0.067187 0.116667
10 0.462500 0.656944 0.051562 0.111111
11 0.810547 0.281250 0.064844 0.120833
12 0.471875 0.291667 0.059375 0.116667
12 0.582422 0.919444 0.057031 0.116667
14 0.262891 0.445833 0.039844 0.100000
14 0.459766 0.783333 0.046094 0.108333
15 0.351172 0.132639 0.060156 0.084722
15 0.738672 0.479167 0.069531 0.111111
16 0.227734 0.337500 0.041406 0.102778
16 0.278906 0.204861 0.039062 0.098611
17 0.391016 0.217361 0.057031 0.076389
17 0.508984 0.195139 0.064844 0.109722
18 0.315234 0.477778 0.064844 0.105556
19 0.288281 0.556944 0.062500 0.100000
20 0.346484 0.717361 0.064844 0.112500