0 0.165625 0.532639 0.056250 0.118056
0 0.175391 0.412500 0.069531 0.108333
0 0.187500 0.700000 0.053125 0.111111
0 0.237500 0.620833 0.065625 0.119444
0 0.251953 0.779167 0.064844 0.094444
0 0.265234 0.306250 0.058594 0.076389
0 0.361328 0.297222 0.058594 0.080556
0 0.378906 0.575000 0.042188 0.100000
0 0.400781 0.456944 0.068750 0.108333
0 0.424609 0.250000 0.053906 0.116667
0 0.430469 0.664583 0.050000 0.112500
0 0.467187 0.370139 0.059375 0.084722
0 0.469531 0.832639 0.051562 0.109722
0 0.484375 0.525000 0.048438 0.108333
0 0.500781 0.681944 0.053125 0.113889
0 0.548828 0.401389 0.066406 0.119444
0 0.547656 0.556944 0.059375 0.116667
0 0.541406 0.782639 0.039062 0.098611
0 0.596875 0.573611 0.056250 0.116667
0 0.607422 0.438889 0.053906 0.113889
0 0.614453 0.727083 0.046094 0.104167
0 0.662500 0.662500 0.065625 0.113889
1 0.165625 0.532639 0.056250 0.118056
1 0.175391 0.412500 0.069531 0.108333
1 0.237500 0.620833 0.065625 0.119444
1 0.251953 0.779167 0.064844 0.094444
1 0.265234 0.306250 0.058594 0.076389
1 0.361328 0.297222 0.058594 0.080556
1 0.400781 0.456944 0.068750 0.108333
1 0.424609 0.250000 0.053906 0.116667
1 0.467187 0.370139 0.059375 0.084722
1 0.469531 0.832639 0.051562 0.109722
1 0.548828 0.401389 0.066406 0.119444
1 0.547656 0.556944 0.059375 0.116667
1 0.541406 0.782639 0.039062 0.098611
1 0.607422 0.438889 0.053906 0.113889
1 0.614453 0.727083 0.046094 0.104167
1 0.662500 0.662500 0.065625 0.113889
2 0.430469 0.664583 0.050000 0.112500
3 0.187500 0.700000 0.053125 0.111111
3 0.378906 0.575000 0.042188 0.100000
3 0.484375 0.525000 0.048438 0.108333
3 0.500781 0.681944 0.053125 0.113889
3 0.596875 0.573611 0.056250 0.116667
4 0.165625 0.532639 0.056250 0.118056
4 0.237500 0.620833 0.065625 0.119444
4 0.467187 0.370139 0.059375 0.084722
4 0.548828 0.401389 0.066406 0.119444
5 0.400781 0.456944 0.068750 0.108333
5 0.469531 0.832639 0.051562 0.109722
5 0.547656 0.556944 0.059375 0.116667
5 0.541406 0.782639 0.039062 0.098611
6 0.251953 0.779167 0.064844 0.094444
6 0.265234 0.306250 0.058594 0.076389
6 0.361328 0.297222 0.058594 0.080556
6 0.607422 0.438889 0.053906 0.113889
7 0.175391 0.412500 0.069531 0.108333
7 0.424609 0.250000 0.053906 0.116667
7 0.614453 0.727083 0.046094 0.104167
7 0.662500 0.662500 0.065625 0.113889
8 0.467187 0.370139 0.059375 0.084722
9 0.424609 0.250000 0.053906 0.116667
10 0.165625 0.532639 0.056250 0.118056
10 0.175391 0.412500 0.069531 0.108333
10 0.541406 0.782639 0.039062 0.098611
11 0.469531 0.832639 0.051562 0.109722
11 0.614453 0.727083 0.046094 0.104167
14 0.251953 0.779167 0.064844 0.094444
15 0.400781 0.456944 0.068750 0.108333
15 0.662500 0.662500 0.065625 0.113889
16 0.265234 0.306250 0.058594 0.076389
17 0.237500 0.620833 0.065625 0.119444
17 0.607422 0.438889 0.053906 0.113889
19 0.361328 0.297222 0.058594 0.080556
20 0.548828 0.401389 0.066406 0.119444
20 0.547656 0.556944 0.059375 0.116667