0 0.165625 0.527778 0.065625 0.097222
0 0.168750 0.276389 0.048438 0.108333
0 0.180859 0.412500 0.067969 0.122222
0 0.192188 0.716667 0.067187 0.125000
0 0.225000 0.593056 0.059375 0.119444
0 0.261719 0.761111 0.068750 0.105556
0 0.269141 0.518750 0.058594 0.118056
0 0.265625 0.337500 0.050000 0.108333
0 0.287891 0.132639 0.069531 0.115278
0 0.318750 0.479861 0.068750 0.118056
0 0.323047 0.230556 0.067969 0.113889
0 0.330078 0.593056 0.066406 0.116667
0 0.325000 0.714583 0.050000 0.109722
0 0.349219 0.850694 0.062500 0.090278
0 0.349609 0.327778 0.053906 0.116667
0 0.369922 0.093750 0.052344 0.115278
0 0.381250 0.721528 0.065625 0.112500
0 0.395313 0.467361 0.064062 0.120833
0 0.392969 0.200000 0.054688 0.116667
0 0.432422 0.819444 0.060156 0.088889
0 0.426953 0.328472 0.041406 0.104167
0 0.453125 0.726389 0.065625 0.105556
0 0.449609 0.146528 0.041406 0.104167
0 0.471875 0.537500 0.065625 0.116667
0 0.484375 0.369444 0.065625 0.113889
0 0.512500 0.193056 0.048438 0.111111
0 0.522656 0.652778 0.057813 0.119444
0 0.526172 0.793056 0.042969 0.102778
0 0.537891 0.075694 0.058594 0.115278
0 0.553906 0.471528 0.060937 0.118056
0 0.555078 0.318056 0.044531 0.105556
0 0.569141 0.633333 0.050781 0.108333
0 0.577734 0.868056 0.058594 0.086111
0 0.584375 0.746528 0.065625 0.109722
0 0.595703 0.251389 0.060156 0.116667
0 0.621094 0.581250 0.064062 0.101389
0 0.626563 0.443750 0.053125 0.112500
0 0.651563 0.321528 0.064062 0.118056
0 0.651563 0.100000 0.060937 0.116667
0 0.673828 0.746528 0.064844 0.115278
0 0.685937 0.612500 0.050000 0.111111
0 0.689063 0.472222 0.042188 0.102778
0 0.707031 0.265278 0.056250 0.119444
0 0.725000 0.750000 0.059375 0.119444
0 0.738672 0.371528 0.063281 0.109722
0 0.741406 0.481250 0.050000 0.106944
0 0.750000 0.614583 0.051562 0.112500
0 0.781641 0.813889 0.061719 0.116667
0 0.801172 0.687500 0.052344 0.113889
0 0.804688 0.481250 0.054688 0.115278
0 0.841016 0.604167 0.063281 0.116667
1 0.165625 0.527778 0.065625 0.097222
1 0.180859 0.412500 0.067969 0.122222
1 0.192188 0.716667 0.067187 0.125000
1 0.225000 0.593056 0.059375 0.119444
1 0.261719 0.761111 0.068750 0.105556
1 0.269141 0.518750 0.058594 0.118056
1 0.265625 0.337500 0.050000 0.108333
1 0.287891 0.132639 0.069531 0.115278
1 0.318750 0.479861 0.068750 0.118056
1 0.323047 0.230556 0.067969 0.113889
1 0.330078 0.593056 0.066406 0.116667
1 0.325000 0.714583 0.050000 0.109722
1 0.349219 0.850694 0.062500 0.090278
1 0.349609 0.327778 0.053906 0.116667
1 0.369922 0.093750 0.052344 0.115278
1 0.381250 0.721528 0.065625 0.112500
1 0.395313 0.467361 0.064062 0.120833
1 0.392969 0.200000 0.054688 0.116667
1 0.432422 0.819444 0.060156 0.088889
1 0.426953 0.328472 0.041406 0.104167
1 0.453125 0.726389 0.065625 0.105556
1 0.449609 0.146528 0.041406 0.104167
1 0.471875 0.537500 0.065625 0.116667
1 0.484375 0.369444 0.065625 0.113889
1 0.512500 0.193056 0.048438 0.111111
1 0.522656 0.652778 0.057813 0.119444
1 0.526172 0.793056 0.042969 0.102778
1 0.537891 0.075694 0.058594 0.115278
1 0.553906 0.471528 0.060937 0.118056
1 0.555078 0.318056 0.044531 0.105556
1 0.577734 0.868056 0.058594 0.086111
1 0.584375 0.746528 0.065625 0.109722
1 0.595703 0.251389 0.060156 0.116667
1 0.621094 0.581250 0.064062 0.101389
1 0.626563 0.443750 0.053125 0.112500
1 0.651563 0.321528 0.064062 0.118056
1 0.651563 0.100000 0.060937 0.116667
1 0.673828 0.746528 0.064844 0.115278
1 0.685937 0.612500 0.050000 0.111111
1 0.689063 0.472222 0.042188 0.102778
1 0.707031 0.265278 0.056250 0.119444
1 0.725000 0.750000 0.059375 0.119444
1 0.738672 0.371528 0.063281 0.109722
1 0.741406 0.481250 0.050000 0.106944
1 0.750000 0.614583 0.051562 0.112500
1 0.781641 0.813889 0.061719 0.116667
1 0.801172 0.687500 0.052344 0.113889
1 0.804688 0.481250 0.054688 0.115278
1 0.841016 0.604167 0.063281 0.116667
2 0.168750 0.276389 0.048438 0.108333
2 0.569141 0.633333 0.050781 0.108333
4 0.261719 0.761111 0.068750 0.105556
4 0.269141 0.518750 0.058594 0.118056
4 0.369922 0.093750 0.052344 0.115278
4 0.553906 0.471528 0.060937 0.118056
4 0.577734 0.868056 0.058594 0.086111
4 0.584375 0.746528 0.065625 0.109722
4 0.626563 0.443750 0.053125 0.112500
4 0.651563 0.100000 0.060937 0.116667
4 0.673828 0.746528 0.064844 0.115278
4 0.689063 0.472222 0.042188 0.102778
4 0.738672 0.371528 0.063281 0.109722
5 0.165625 0.527778 0.065625 0.097222
5 0.225000 0.593056 0.059375 0.119444
5 0.318750 0.479861 0.068750 0.118056
5 0.330078 0.593056 0.066406 0.116667
5 0.325000 0.714583 0.050000 0.109722
5 0.381250 0.721528 0.065625 0.112500
5 0.395313 0.467361 0.064062 0.120833
5 0.392969 0.200000 0.054688 0.116667
5 0.526172 0.793056 0.042969 0.102778
5 0.725000 0.750000 0.059375 0.119444
5 0.750000 0.614583 0.051562 0.112500
6 0.265625 0.337500 0.050000 0.108333
6 0.287891 0.132639 0.069531 0.115278
6 0.323047 0.230556 0.067969 0.113889
6 0.349609 0.327778 0.053906 0.116667
6 0.426953 0.328472 0.041406 0.104167
6 0.453125 0.726389 0.065625 0.105556
6 0.449609 0.146528 0.041406 0.104167
6 0.471875 0.537500 0.065625 0.116667
6 0.537891 0.075694 0.058594 0.115278
6 0.595703 0.251389 0.060156 0.116667
6 0.651563 0.321528 0.064062 0.118056
6 0.685937 0.612500 0.050000 0.111111
6 0.707031 0.265278 0.056250 0.119444
6 0.841016 0.604167 0.063281 0.116667
7 0.180859 0.412500 0.067969 0.122222
7 0.192188 0.716667 0.067187 0.125000
7 0.349219 0.850694 0.062500 0.090278
7 0.432422 0.819444 0.060156 0.088889
7 0.484375 0.369444 0.065625 0.113889
7 0.512500 0.193056 0.048438 0.111111
7 0.522656 0.652778 0.057813 0.119444
7 0.555078 0.318056 0.044531 0.105556
7 0.621094 0.581250 0.064062 0.101389
7 0.741406 0.481250 0.050000 0.106944
7 0.781641 0.813889 0.061719 0.116667
7 0.801172 0.687500 0.052344 0.113889
7 0.804688 0.481250 0.054688 0.115278
8 0.225000 0.593056 0.059375 0.119444
8 0.323047 0.230556 0.067969 0.113889
8 0.484375 0.369444 0.065625 0.113889
8 0.673828 0.746528 0.064844 0.115278
9 0.392969 0.200000 0.054688 0.116667
9 0.537891 0.075694 0.058594 0.115278
9 0.801172 0.687500 0.052344 0.113889
10 0.287891 0.132639 0.069531 0.115278
10 0.512500 0.193056 0.048438 0.111111
10 0.584375 0.746528 0.065625 0.109722
10 0.707031 0.265278 0.056250 0.119444
11 0.555078 0.318056 0.044531 0.105556
11 0.626563 0.443750 0.053125 0.112500
11 0.651563 0.321528 0.064062 0.118056
11 0.750000 0.614583 0.051562 0.112500
12 0.369922 0.093750 0.052344 0.115278
12 0.526172 0.793056 0.042969 0.102778
12 0.685937 0.612500 0.050000 0.111111
13 0.318750 0.479861 0.068750 0.118056
13 0.349219 0.850694 0.062500 0.090278
13 0.841016 0.604167 0.063281 0.116667
14 0.381250 0.721528 0.065625 0.112500
14 0.449609 0.146528 0.041406 0.104167
14 0.522656 0.652778 0.057813 0.119444
14 0.651563 0.100000 0.060937 0.116667
15 0.260937 0.761111 0.068750 0.105556
15 0.330078 0.593056 0.066406 0.116667
15 0.453125 0.726389 0.065625 0.105556
15 0.741406 0.481250 0.050000 0.106944
16 0.325000 0.714583 0.050000 0.109722
16 0.471875 0.537500 0.065625 0.116667
16 0.553906 0.471528 0.060937 0.118056
16 0.621094 0.581250 0.064062 0.101389
17 0.165625 0.527778 0.065625 0.097222
17 0.577734 0.868056 0.058594 0.086111
17 0.595703 0.251389 0.060156 0.116667
17 0.804688 0.481250 0.054688 0.115278
18 0.180859 0.412500 0.067969 0.122222
18 0.265625 0.337500 0.050000 0.108333
18 0.395313 0.467361 0.064062 0.120833
18 0.738672 0.371528 0.063281 0.109722
19 0.426953 0.328472 0.041406 0.104167
19 0.689063 0.472222 0.042188 0.102778
19 0.781641 0.813889 0.061719 0.116667
20 0.269141 0.518750 0.058594 0.118056
20 0.349609 0.327778 0.053906 0.116667
20 0.432422 0.819444 0.060156 0.088889
20 0.725000 0.750000 0.059375 0.119444