0 0.362500 0.798611 0.048438 0.108333
0 0.370703 0.674306 0.050781 0.109722
0 0.371094 0.920833 0.043750 0.102778
0 0.410547 0.522917 0.063281 0.115278
0 0.416016 0.424306 0.063281 0.090278
0 0.426563 0.693750 0.042188 0.101389
0 0.439844 0.844444 0.065625 0.116667
0 0.449219 0.326389 0.065625 0.108333
0 0.486328 0.492361 0.046094 0.104167
0 0.509375 0.863889 0.065625 0.111111
0 0.533984 0.582639 0.060156 0.115278
0 0.582422 0.906250 0.064844 0.112500
0 0.592578 0.525000 0.050781 0.111111
0 0.598047 0.771528 0.061719 0.118056
0 0.644141 0.586111 0.061719 0.116667
0 0.642188 0.918056 0.042188 0.102778
0 0.655469 0.400694 0.051562 0.112500
0 0.684766 0.827778 0.046094 0.105556
0 0.718359 0.718056 0.057031 0.116667
0 0.726562 0.352778 0.053125 0.113889
1 0.362500 0.798611 0.048438 0.108333
1 0.371094 0.920833 0.043750 0.102778
1 0.416016 0.424306 0.063281 0.090278
1 0.426563 0.693750 0.042188 0.101389
1 0.439844 0.844444 0.065625 0.116667
1 0.533984 0.582639 0.060156 0.115278
1 0.592578 0.525000 0.050781 0.111111
1 0.598047 0.771528 0.061719 0.118056
1 0.644141 0.586111 0.061719 0.116667
1 0.655469 0.400694 0.051562 0.112500
1 0.718359 0.718056 0.057031 0.116667
1 0.726562 0.352778 0.053125 0.113889
2 0.449219 0.326389 0.065625 0.108333
3 0.370703 0.674306 0.050781 0.109722
3 0.410547 0.522917 0.063281 0.115278
3 0.486328 0.492361 0.046094 0.104167
3 0.509375 0.863889 0.065625 0.111111
3 0.582422 0.906250 0.064844 0.112500
3 0.642188 0.918056 0.042188 0.102778
3 0.684766 0.827778 0.046094 0.105556
4 0.362500 0.798611 0.048438 0.108333
4 0.426563 0.693750 0.042188 0.101389
4 0.533984 0.582639 0.060156 0.115278
4 0.592578 0.525000 0.050781 0.111111
4 0.598047 0.771528 0.061719 0.118056
5 0.655469 0.400694 0.051562 0.112500
5 0.718359 0.718056 0.057031 0.116667
6 0.644141 0.586111 0.061719 0.116667
7 0.371094 0.920833 0.043750 0.102778
7 0.416016 0.424306 0.063281 0.090278
7 0.439844 0.844444 0.065625 0.116667
7 0.726562 0.352778 0.053125 0.113889
8 0.598047 0.771528 0.061719 0.118056
8 0.644141 0.586111 0.061719 0.116667
9 0.416016 0.424306 0.063281 0.090278
10 0.362500 0.798611 0.048438 0.108333
10 0.726562 0.352778 0.053125 0.113889
12 0.426563 0.693750 0.042188 0.101389
12 0.439844 0.844444 0.065625 0.116667
14 0.655469 0.400694 0.051562 0.112500
16 0.371094 0.920833 0.043750 0.102778
18 0.592578 0.525000 0.050781 0.111111
19 0.533984 0.582639 0.060156 0.115278
20 0.718359 0.718056 0.057031 0.116667