0 0.084375 0.543056 0.048438 0.109722
0 0.125000 0.398611 0.067969 0.100000
0 0.150000 0.570833 0.062500 0.086111
0 0.149219 0.715278 0.060937 0.081944
0 0.190625 0.405556 0.053125 0.115278
0 0.217188 0.727778 0.050781 0.112500
0 0.220312 0.554167 0.053906 0.112500
0 0.224219 0.145833 0.059375 0.081944
0 0.245312 0.445833 0.064844 0.094444
0 0.274219 0.619444 0.062500 0.086111
0 0.278125 0.754167 0.063281 0.090278
0 0.285938 0.334722 0.057031 0.079167
0 0.287500 0.095833 0.056250 0.079167
0 0.314844 0.472222 0.058594 0.118056
0 0.333594 0.594444 0.058594 0.118056
0 0.353125 0.713889 0.059375 0.120833
0 0.357812 0.183333 0.056250 0.080556
0 0.369531 0.334722 0.061719 0.086111
0 0.373437 0.463889 0.055469 0.116667
0 0.382031 0.823611 0.059375 0.080556
0 0.396875 0.579167 0.058594 0.119444
0 0.407813 0.705556 0.057813 0.119444
0 0.427344 0.443056 0.054688 0.118056
0 0.443750 0.829167 0.050781 0.111111
0 0.452344 0.569444 0.057813 0.120833
0 0.454688 0.704167 0.058594 0.122222
0 0.476562 0.258333 0.053125 0.111111
0 0.485156 0.433333 0.057031 0.118056
0 0.503906 0.694444 0.060156 0.120833
0 0.503906 0.555556 0.056250 0.118056
0 0.524219 0.812500 0.046875 0.109722
0 0.582031 0.801389 0.057813 0.079167
1 0.314844 0.472222 0.058594 0.118056
1 0.333594 0.594444 0.058594 0.118056
1 0.353125 0.713889 0.059375 0.120833
1 0.369531 0.334722 0.061719 0.086111
1 0.373437 0.463889 0.055469 0.116667
1 0.396875 0.579167 0.058594 0.119444
1 0.407813 0.705556 0.057813 0.119444
1 0.427344 0.443056 0.054688 0.118056
1 0.452344 0.569444 0.057813 0.120833
1 0.454688 0.704167 0.058594 0.122222
1 0.485156 0.433333 0.057031 0.118056
1 0.503906 0.694444 0.060156 0.120833
1 0.503906 0.555556 0.056250 0.118056
2 0.125000 0.398611 0.067969 0.100000
2 0.149219 0.715278 0.060937 0.081944
2 0.190625 0.405556 0.053125 0.115278
2 0.217188 0.727778 0.050781 0.112500
2 0.224219 0.145833 0.059375 0.081944
2 0.245312 0.445833 0.064844 0.094444
2 0.278125 0.754167 0.063281 0.090278
2 0.285938 0.334722 0.057031 0.079167
2 0.287500 0.095833 0.056250 0.079167
2 0.357812 0.183333 0.056250 0.080556
2 0.476562 0.258333 0.053125 0.111111
3 0.084375 0.543056 0.048438 0.109722
3 0.150000 0.570833 0.062500 0.086111
3 0.220312 0.554167 0.053906 0.112500
3 0.274219 0.619444 0.062500 0.086111
3 0.382031 0.823611 0.059375 0.080556
3 0.443750 0.829167 0.050781 0.111111
3 0.524219 0.812500 0.046875 0.109722
3 0.582031 0.801389 0.057813 0.079167
6 0.314844 0.472222 0.058594 0.118056
6 0.333594 0.594444 0.058594 0.118056
6 0.353125 0.713889 0.059375 0.120833
6 0.369531 0.334722 0.061719 0.086111
6 0.373437 0.463889 0.055469 0.116667
6 0.396875 0.579167 0.058594 0.119444
6 0.407813 0.705556 0.057813 0.119444
6 0.427344 0.443056 0.054688 0.118056
6 0.452344 0.569444 0.057813 0.120833
6 0.454688 0.704167 0.058594 0.122222
6 0.485156 0.433333 0.057031 0.118056
6 0.503906 0.694444 0.060156 0.120833
6 0.503906 0.555556 0.056250 0.118056
8 0.503906 0.694444 0.060156 0.120833
9 0.454688 0.704167 0.058594 0.122222
10 0.407813 0.705556 0.057813 0.119444
11 0.353125 0.713889 0.059375 0.120833
12 0.503906 0.555556 0.056250 0.118056
13 0.452344 0.569444 0.057813 0.120833
14 0.396875 0.579167 0.058594 0.119444
15 0.333594 0.594444 0.058594 0.118056
16 0.485156 0.433333 0.057031 0.118056
17 0.427344 0.443056 0.054688 0.118056
18 0.373437 0.463889 0.055469 0.116667
19 0.314844 0.472222 0.058594 0.118056
20 0.369531 0.334722 0.061719 0.086111