0 0.162500 0.602778 0.056250 0.116667
0 0.206250 0.687500 0.067187 0.119444
0 0.241406 0.505556 0.046875 0.105556
0 0.262891 0.802778 0.049219 0.111111
0 0.297266 0.427778 0.046094 0.105556
0 0.314844 0.592361 0.059375 0.076389
0 0.328125 0.857639 0.053125 0.112500
0 0.324609 0.712500 0.041406 0.102778
0 0.362891 0.275000 0.055469 0.116667
0 0.380469 0.704861 0.046875 0.106944
0 0.387109 0.410417 0.049219 0.109722
0 0.400391 0.828472 0.066406 0.109722
0 0.415625 0.571528 0.056250 0.076389
0 0.437891 0.704167 0.042969 0.102778
0 0.492188 0.663889 0.064062 0.119444
0 0.498047 0.808333 0.049219 0.111111
0 0.537500 0.500000 0.065625 0.116667
0 0.541797 0.625694 0.049219 0.106944
0 0.559766 0.800000 0.057031 0.116667
0 0.620703 0.790278 0.055469 0.116667
1 0.162500 0.602778 0.056250 0.116667
1 0.206250 0.687500 0.067187 0.119444
1 0.241406 0.505556 0.046875 0.105556
1 0.297266 0.427778 0.046094 0.105556
1 0.328125 0.857639 0.053125 0.112500
1 0.324609 0.712500 0.041406 0.102778
1 0.362891 0.275000 0.055469 0.116667
1 0.380469 0.704861 0.046875 0.106944
1 0.387109 0.410417 0.049219 0.109722
1 0.400391 0.828472 0.066406 0.109722
1 0.415625 0.571528 0.056250 0.076389
1 0.437891 0.704167 0.042969 0.102778
1 0.492188 0.663889 0.064062 0.119444
1 0.498047 0.808333 0.049219 0.111111
1 0.537500 0.500000 0.065625 0.116667
1 0.541797 0.625694 0.049219 0.106944
1 0.559766 0.800000 0.057031 0.116667
1 0.620703 0.790278 0.055469 0.116667
2 0.262891 0.802778 0.049219 0.111111
2 0.314844 0.592361 0.059375 0.076389
4 0.162500 0.602778 0.056250 0.116667
4 0.206250 0.687500 0.067187 0.119444
4 0.380469 0.704861 0.046875 0.106944
4 0.559766 0.800000 0.057031 0.116667
5 0.324609 0.712500 0.041406 0.102778
5 0.415625 0.571528 0.056250 0.076389
5 0.492188 0.663889 0.064062 0.119444
6 0.387109 0.410417 0.049219 0.109722
6 0.400391 0.828472 0.066406 0.109722
6 0.437891 0.704167 0.042969 0.102778
7 0.241406 0.505556 0.046875 0.105556
7 0.297266 0.427778 0.046094 0.105556
7 0.328125 0.857639 0.053125 0.112500
7 0.362891 0.275000 0.055469 0.116667
7 0.498047 0.808333 0.049219 0.111111
7 0.537500 0.500000 0.065625 0.116667
7 0.541797 0.625694 0.049219 0.106944
7 0.620703 0.790278 0.055469 0.116667
8 0.162500 0.602778 0.056250 0.116667
8 0.297266 0.427778 0.046094 0.105556
8 0.415625 0.571528 0.056250 0.076389
9 0.241406 0.505556 0.046875 0.105556
10 0.387109 0.410417 0.049219 0.109722
10 0.541797 0.625694 0.049219 0.106944
12 0.620703 0.790278 0.055469 0.116667
13 0.206250 0.687500 0.067187 0.119444
13 0.437891 0.704167 0.042969 0.102778
14 0.400391 0.828472 0.066406 0.109722
15 0.380469 0.704861 0.046875 0.106944
16 0.492188 0.663889 0.064062 0.119444
16 0.498047 0.808333 0.049219 0.111111
17 0.537500 0.500000 0.065625 0.116667
18 0.328125 0.857639 0.053125 0.112500
18 0.324609 0.712500 0.041406 0.102778
19 0.559766 0.800000 0.057031 0.116667
20 0.362891 0.275000 0.055469 0.116667