0 0.310547 0.552778 0.060156 0.116667
0 0.331250 0.444444 0.064062 0.094444
0 0.376953 0.533333 0.067969 0.108333
0 0.390234 0.353472 0.064844 0.115278
0 0.414062 0.645139 0.056250 0.073611
0 0.431250 0.477083 0.065625 0.104167
0 0.485547 0.598611 0.060156 0.086111
0 0.578906 0.527083 0.054688 0.070833
1 0.331250 0.444444 0.064062 0.094444
1 0.376953 0.533333 0.067969 0.108333
1 0.390234 0.353472 0.064844 0.115278
1 0.414062 0.645139 0.056250 0.073611
1 0.431250 0.477083 0.065625 0.104167
1 0.578906 0.527083 0.054688 0.070833
2 0.485547 0.598611 0.060156 0.086111
3 0.310547 0.552778 0.060156 0.116667
4 0.390234 0.353472 0.064844 0.115278
5 0.578906 0.527083 0.054688 0.070833
6 0.414062 0.645139 0.056250 0.073611
6 0.431250 0.477083 0.065625 0.104167
7 0.331250 0.444444 0.064062 0.094444
7 0.376953 0.533333 0.067969 0.108333
11 0.376953 0.533333 0.067969 0.108333
12 0.414062 0.645139 0.056250 0.073611
13 0.331250 0.444444 0.064062 0.094444
13 0.431250 0.477083 0.065625 0.104167
15 0.390234 0.353472 0.064844 0.115278
17 0.578906 0.527083 0.054688 0.070833