0 0.421875 0.615278 0.052344 0.115278
0 0.441406 0.405556 0.063281 0.119444
0 0.446875 0.822222 0.063281 0.123611
0 0.500781 0.477778 0.043750 0.104167
0 0.514062 0.854167 0.060156 0.088889
0 0.522656 0.743056 0.064062 0.101389
0 0.539062 0.372222 0.053125 0.112500
0 0.587500 0.827778 0.059375 0.086111
0 0.590625 0.550000 0.060156 0.118056
0 0.599219 0.372222 0.062500 0.104167
0 0.614062 0.697222 0.060937 0.090278
0 0.684375 0.605556 0.068750 0.108333
0 0.682031 0.262500 0.057031 0.115278
0 0.690625 0.443056 0.057813 0.116667
0 0.748437 0.273611 0.069531 0.119444
0 0.757812 0.794444 0.071875 0.119444
0 0.756250 0.506944 0.067969 0.119444
0 0.810156 0.397222 0.067187 0.097222
0 0.819531 0.855556 0.066406 0.112500
0 0.847656 0.469444 0.068750 0.105556
0 0.849219 0.611111 0.064844 0.118056
0 0.932031 0.541667 0.050000 0.112500
1 0.748437 0.273611 0.069531 0.119444
1 0.757812 0.794444 0.071875 0.119444
1 0.810156 0.397222 0.067187 0.097222
1 0.847656 0.469444 0.068750 0.105556
2 0.421875 0.615278 0.052344 0.115278
2 0.441406 0.405556 0.063281 0.119444
2 0.446875 0.822222 0.063281 0.123611
2 0.539062 0.372222 0.053125 0.112500
2 0.599219 0.372222 0.062500 0.104167
2 0.614062 0.697222 0.060937 0.090278
2 0.682031 0.262500 0.057031 0.115278
2 0.690625 0.443056 0.057813 0.116667
2 0.849219 0.611111 0.064844 0.118056
2 0.932031 0.541667 0.050000 0.112500
3 0.500781 0.477778 0.043750 0.104167
3 0.514062 0.854167 0.060156 0.088889
3 0.522656 0.743056 0.064062 0.101389
3 0.587500 0.827778 0.059375 0.086111
3 0.590625 0.550000 0.060156 0.118056
3 0.684375 0.605556 0.068750 0.108333
3 0.756250 0.506944 0.067969 0.119444
3 0.819531 0.855556 0.066406 0.112500
5 0.748437 0.273611 0.069531 0.119444
6 0.810156 0.397222 0.067187 0.097222
6 0.847656 0.469444 0.068750 0.105556
7 0.757812 0.794444 0.071875 0.119444
8 0.847656 0.469444 0.068750 0.105556
12 0.810156 0.397222 0.067187 0.097222
13 0.748437 0.273611 0.069531 0.119444
15 0.757812 0.794444 0.071875 0.119444