0 0.265625 0.488889 0.053125 0.113889
0 0.290625 0.656944 0.053125 0.113889
0 0.293750 0.409028 0.054688 0.115278
0 0.332031 0.614583 0.051562 0.109722
0 0.345703 0.431944 0.055469 0.116667
0 0.344141 0.231250 0.042969 0.095833
0 0.375781 0.620139 0.051562 0.112500
0 0.385547 0.227083 0.041406 0.098611
0 0.414844 0.868750 0.050000 0.112500
0 0.419922 0.452778 0.057031 0.119444
0 0.426563 0.215278 0.039062 0.094444
0 0.455859 0.823611 0.046094 0.108333
0 0.461719 0.636111 0.046875 0.105556
0 0.472266 0.443750 0.060156 0.118056
0 0.467969 0.206250 0.040625 0.093056
0 0.504297 0.653472 0.044531 0.104167
0 0.508594 0.201389 0.040625 0.094444
0 0.546875 0.626389 0.045312 0.105556
0 0.611328 0.388889 0.060156 0.077778
0 0.616016 0.661111 0.064844 0.094444
0 0.612500 0.759722 0.053125 0.113889
0 0.650000 0.843750 0.067187 0.098611
0 0.668750 0.650000 0.053125 0.116667
1 0.616016 0.661111 0.064844 0.094444
1 0.612500 0.759722 0.053125 0.113889
1 0.650000 0.843750 0.067187 0.098611
1 0.668750 0.650000 0.053125 0.116667
2 0.290625 0.656944 0.053125 0.113889
2 0.332031 0.614583 0.051562 0.109722
2 0.344141 0.231250 0.042969 0.095833
2 0.375781 0.620139 0.051562 0.112500
2 0.385547 0.227083 0.041406 0.098611
2 0.426563 0.215278 0.039062 0.094444
2 0.461719 0.636111 0.046875 0.105556
2 0.467969 0.206250 0.040625 0.093056
2 0.504297 0.653472 0.044531 0.104167
2 0.508594 0.201389 0.040625 0.094444
2 0.546875 0.626389 0.045312 0.105556
3 0.265625 0.488889 0.053125 0.113889
3 0.293750 0.409028 0.054688 0.115278
3 0.345703 0.431944 0.055469 0.116667
3 0.414844 0.868750 0.050000 0.112500
3 0.419922 0.452778 0.057031 0.119444
3 0.455859 0.823611 0.046094 0.108333
3 0.472266 0.443750 0.060156 0.118056
3 0.611328 0.388889 0.060156 0.077778
4 0.612500 0.759722 0.053125 0.113889
4 0.668750 0.650000 0.053125 0.116667
7 0.616016 0.661111 0.064844 0.094444
7 0.650000 0.843750 0.067187 0.098611
8 0.612500 0.759722 0.053125 0.113889
13 0.650000 0.843750 0.067187 0.098611
16 0.668750 0.650000 0.053125 0.116667
18 0.616016 0.661111 0.064844 0.094444