0 0.476172 0.252083 0.060156 0.093056
0 0.479297 0.373611 0.049219 0.111111
0 0.508984 0.115972 0.047656 0.109722
0 0.537891 0.368056 0.060156 0.088889
0 0.539844 0.478472 0.062500 0.098611
0 0.560547 0.214583 0.057031 0.118056
0 0.575391 0.075000 0.061719 0.086111
0 0.592969 0.345139 0.051562 0.109722
0 0.626563 0.505556 0.067187 0.113889
0 0.638672 0.181944 0.052344 0.113889
0 0.655859 0.388889 0.063281 0.088889
0 0.691406 0.275000 0.048438 0.113889
0 0.753516 0.388889 0.067969 0.100000
0 0.755469 0.238889 0.043750 0.102778
1 0.537891 0.368056 0.060156 0.088889
2 0.476172 0.252083 0.060156 0.093056
2 0.508984 0.115972 0.047656 0.109722
2 0.539844 0.478472 0.062500 0.098611
2 0.560547 0.214583 0.057031 0.118056
2 0.575391 0.075000 0.061719 0.086111
2 0.592969 0.345139 0.051562 0.109722
2 0.626563 0.505556 0.067187 0.113889
2 0.638672 0.181944 0.052344 0.113889
2 0.691406 0.275000 0.048438 0.113889
2 0.753516 0.388889 0.067969 0.100000
2 0.755469 0.238889 0.043750 0.102778
3 0.479297 0.373611 0.049219 0.111111
3 0.655859 0.388889 0.063281 0.088889
5 0.537891 0.368056 0.060156 0.088889
20 0.537891 0.368056 0.060156 0.088889