0 0.302734 0.425000 0.052344 0.116667
0 0.333984 0.556250 0.061719 0.101389
0 0.374609 0.652778 0.066406 0.113889
0 0.383984 0.368750 0.063281 0.090278
0 0.402734 0.246528 0.058594 0.087500
0 0.408984 0.465278 0.063281 0.105556
0 0.457031 0.556250 0.060937 0.081944
0 0.448437 0.686111 0.042188 0.105556
0 0.472656 0.215972 0.056250 0.079167
0 0.477344 0.403472 0.057813 0.090278
0 0.489844 0.301389 0.056250 0.077778
0 0.521484 0.620139 0.057031 0.112500
0 0.535547 0.487500 0.061719 0.086111
0 0.550781 0.193056 0.060937 0.086111
0 0.581250 0.351389 0.064062 0.097222
0 0.610156 0.517361 0.062500 0.090278
0 0.611719 0.693750 0.062500 0.093056
0 0.637891 0.247222 0.060156 0.080556
0 0.637500 0.354167 0.040625 0.097222
0 0.707031 0.694444 0.067187 0.102778
0 0.706641 0.476389 0.061719 0.119444
0 0.740625 0.615278 0.065625 0.097222
0 0.818750 0.343750 0.071875 0.115278
1 0.302734 0.425000 0.052344 0.116667
1 0.383984 0.368750 0.063281 0.090278
1 0.489844 0.301389 0.056250 0.077778
1 0.637891 0.247222 0.060156 0.080556
2 0.333984 0.556250 0.061719 0.101389
2 0.374609 0.652778 0.066406 0.113889
2 0.402734 0.246528 0.058594 0.087500
2 0.408984 0.465278 0.063281 0.105556
2 0.448437 0.686111 0.042188 0.105556
2 0.472656 0.215972 0.056250 0.079167
2 0.477344 0.403472 0.057813 0.090278
2 0.521484 0.620139 0.057031 0.112500
2 0.550781 0.193056 0.060937 0.086111
2 0.637500 0.354167 0.040625 0.097222
2 0.818750 0.343750 0.071875 0.115278
3 0.457031 0.556250 0.060937 0.081944
3 0.535547 0.487500 0.061719 0.086111
3 0.581250 0.351389 0.064062 0.097222
3 0.610156 0.517361 0.062500 0.090278
3 0.611719 0.693750 0.062500 0.093056
3 0.707031 0.694444 0.067187 0.102778
3 0.706641 0.476389 0.061719 0.119444
3 0.740625 0.615278 0.065625 0.097222
4 0.302734 0.425000 0.052344 0.116667
4 0.383984 0.368750 0.063281 0.090278
4 0.489844 0.301389 0.056250 0.077778
4 0.637891 0.247222 0.060156 0.080556
10 0.637891 0.247222 0.060156 0.080556
12 0.383984 0.368750 0.063281 0.090278
13 0.489844 0.301389 0.056250 0.077778
20 0.302734 0.425000 0.052344 0.116667