0 0.172656 0.455556 0.044531 0.104167
0 0.192188 0.579167 0.066406 0.125000
0 0.221094 0.347222 0.066406 0.105556
0 0.261719 0.443056 0.062500 0.080556
0 0.265625 0.579167 0.061719 0.119444
0 0.307812 0.343056 0.068750 0.118056
0 0.316406 0.550000 0.063281 0.123611
0 0.360156 0.243056 0.064844 0.119444
0 0.380469 0.412500 0.063281 0.112500
0 0.396875 0.531944 0.067187 0.101389
0 0.428125 0.313889 0.057813 0.113889
0 0.464844 0.400000 0.058594 0.116667
0 0.470313 0.218056 0.060937 0.118056
0 0.474219 0.595833 0.057813 0.077778
0 0.513281 0.330556 0.047656 0.106944
0 0.520312 0.461111 0.051562 0.109722
0 0.557813 0.215278 0.064062 0.102778
0 0.570312 0.372222 0.048438 0.108333
0 0.579688 0.538889 0.058594 0.079167
0 0.628125 0.340278 0.056250 0.076389
1 0.261719 0.443056 0.062500 0.080556
1 0.396875 0.531944 0.067187 0.101389
1 0.513281 0.330556 0.047656 0.106944
1 0.579688 0.538889 0.058594 0.079167
2 0.172656 0.455556 0.044531 0.104167
2 0.192188 0.579167 0.066406 0.125000
2 0.221094 0.347222 0.066406 0.105556
2 0.265625 0.579167 0.061719 0.119444
2 0.307812 0.343056 0.068750 0.118056
2 0.316406 0.550000 0.063281 0.123611
2 0.380469 0.412500 0.063281 0.112500
2 0.428125 0.313889 0.057813 0.113889
2 0.464844 0.400000 0.058594 0.116667
2 0.520312 0.461111 0.051562 0.109722
2 0.570312 0.372222 0.048438 0.108333
3 0.360156 0.243056 0.064844 0.119444
3 0.470313 0.218056 0.060937 0.118056
3 0.474219 0.595833 0.057813 0.077778
3 0.557813 0.215278 0.064062 0.102778
3 0.628125 0.340278 0.056250 0.076389
5 0.579688 0.538889 0.058594 0.079167
6 0.396875 0.531944 0.067187 0.101389
6 0.513281 0.330556 0.047656 0.106944
7 0.261719 0.443056 0.062500 0.080556
13 0.513281 0.330556 0.047656 0.106944
15 0.261719 0.443056 0.062500 0.080556
17 0.579688 0.538889 0.058594 0.079167
20 0.396875 0.531944 0.067187 0.101389