0 0.396875 0.772917 0.050000 0.112500
0 0.435156 0.527778 0.045312 0.105556
0 0.472266 0.717361 0.060156 0.120833
0 0.475391 0.384722 0.055469 0.116667
0 0.496875 0.906944 0.068750 0.116667
0 0.540234 0.787500 0.060156 0.083333
0 0.540625 0.634028 0.059375 0.084722
0 0.544141 0.514583 0.060156 0.087500
0 0.545312 0.381250 0.048438 0.106944
0 0.612891 0.415278 0.060156 0.083333
0 0.629297 0.718750 0.064844 0.123611
0 0.633984 0.825694 0.063281 0.095833
0 0.628125 0.553472 0.040625 0.101389
0 0.662109 0.358333 0.047656 0.105556
0 0.731641 0.403472 0.061719 0.095833
0 0.794141 0.479861 0.057031 0.076389
0 0.817969 0.863889 0.068750 0.116667
0 0.848437 0.615278 0.064062 0.119444
0 0.931250 0.547917 0.050000 0.112500
2 0.396875 0.772917 0.050000 0.112500
2 0.435156 0.527778 0.045312 0.105556
2 0.475391 0.384722 0.055469 0.116667
2 0.496875 0.906944 0.068750 0.116667
2 0.540625 0.634028 0.059375 0.084722
2 0.545312 0.381250 0.048438 0.106944
2 0.662109 0.358333 0.047656 0.105556
2 0.731641 0.403472 0.061719 0.095833
2 0.794141 0.479861 0.057031 0.076389
2 0.848437 0.615278 0.064062 0.119444
2 0.931250 0.547917 0.050000 0.112500
3 0.472266 0.717361 0.060156 0.120833
3 0.540234 0.787500 0.060156 0.083333
3 0.544141 0.514583 0.060156 0.087500
3 0.612891 0.415278 0.060156 0.083333
3 0.629297 0.718750 0.064844 0.123611
3 0.633984 0.825694 0.063281 0.095833
3 0.628125 0.553472 0.040625 0.101389
3 0.817969 0.863889 0.068750 0.116667