0 0.231250 0.865278 0.060937 0.123611
0 0.268750 0.612500 0.071875 0.116667
0 0.314844 0.493056 0.068750 0.106944
0 0.318750 0.697222 0.059375 0.081944
0 0.328125 0.826389 0.068750 0.112500
0 0.389844 0.466667 0.066406 0.120833
0 0.403906 0.609722 0.059375 0.086111
0 0.423438 0.743056 0.064844 0.119444
0 0.439063 0.383333 0.044531 0.101389
0 0.492969 0.688889 0.057813 0.084722
0 0.498437 0.569444 0.054688 0.075000
0 0.494531 0.436111 0.046094 0.104167
0 0.522656 0.801389 0.067187 0.116667
0 0.557813 0.443056 0.061719 0.112500
0 0.567969 0.579167 0.045312 0.104167
0 0.592187 0.688889 0.065625 0.101389
0 0.627344 0.765278 0.064844 0.112500
0 0.633594 0.520833 0.061719 0.102778
0 0.680469 0.590278 0.053125 0.109722
2 0.231250 0.865278 0.060937 0.123611
2 0.268750 0.612500 0.071875 0.116667
2 0.314844 0.493056 0.068750 0.106944
2 0.318750 0.697222 0.059375 0.081944
2 0.328125 0.826389 0.068750 0.112500
2 0.389844 0.466667 0.066406 0.120833
2 0.439063 0.383333 0.044531 0.101389
2 0.494531 0.436111 0.046094 0.104167
2 0.557813 0.443056 0.061719 0.112500
2 0.633594 0.520833 0.061719 0.102778
2 0.680469 0.590278 0.053125 0.109722
3 0.403906 0.609722 0.059375 0.086111
3 0.423438 0.743056 0.064844 0.119444
3 0.492969 0.688889 0.057813 0.084722
3 0.498437 0.569444 0.054688 0.075000
3 0.522656 0.801389 0.067187 0.116667
3 0.567969 0.579167 0.045312 0.104167
3 0.592187 0.688889 0.065625 0.101389
3 0.627344 0.765278 0.064844 0.112500