0 0.083984 0.362500 0.074219 0.119444
0 0.107031 0.527778 0.062500 0.125000
0 0.138281 0.650000 0.067187 0.127778
0 0.148438 0.233333 0.071875 0.125000
0 0.174219 0.386111 0.070312 0.125000
0 0.213281 0.503472 0.064062 0.118056
0 0.211328 0.675000 0.050781 0.108333
0 0.224219 0.220833 0.068750 0.125000
0 0.242578 0.352778 0.071094 0.119444
0 0.250000 0.098611 0.054688 0.113889
0 0.292187 0.537500 0.068750 0.116667
0 0.300391 0.284028 0.069531 0.120833
0 0.294922 0.662500 0.053906 0.075000
0 0.322656 0.437500 0.065625 0.102778
0 0.340625 0.172917 0.065625 0.123611
0 0.352344 0.581250 0.065625 0.120833
0 0.358594 0.747917 0.064062 0.115278
0 0.377344 0.278472 0.064062 0.112500
0 0.406250 0.351389 0.065625 0.119444
0 0.404297 0.106250 0.044531 0.104167
0 0.414062 0.473611 0.056250 0.116667
0 0.412109 0.643750 0.049219 0.109722
0 0.446094 0.225000 0.067187 0.119444
0 0.467187 0.388889 0.067187 0.119444
0 0.475000 0.604167 0.062500 0.119444
0 0.493359 0.490972 0.063281 0.095833
0 0.556250 0.355556 0.065625 0.105556
1 0.083984 0.362500 0.074219 0.119444
1 0.138281 0.650000 0.067187 0.127778
1 0.148438 0.233333 0.071875 0.125000
1 0.174219 0.386111 0.070312 0.125000
1 0.224219 0.220833 0.068750 0.125000
1 0.242578 0.352778 0.071094 0.119444
1 0.300391 0.284028 0.069531 0.120833
1 0.340625 0.172917 0.065625 0.123611
1 0.406250 0.351389 0.065625 0.119444
1 0.446094 0.225000 0.067187 0.119444
1 0.467187 0.388889 0.067187 0.119444
1 0.475000 0.604167 0.062500 0.119444
1 0.493359 0.490972 0.063281 0.095833
2 0.107031 0.527778 0.062500 0.125000
2 0.213281 0.503472 0.064062 0.118056
2 0.211328 0.675000 0.050781 0.108333
2 0.292187 0.537500 0.068750 0.116667
2 0.294922 0.662500 0.053906 0.075000
2 0.322656 0.437500 0.065625 0.102778
2 0.352344 0.581250 0.065625 0.120833
2 0.358594 0.747917 0.064062 0.115278
2 0.377344 0.278472 0.064062 0.112500
2 0.414062 0.473611 0.056250 0.116667
2 0.412109 0.643750 0.049219 0.109722
3 0.250000 0.098611 0.054688 0.113889
3 0.404297 0.106250 0.044531 0.104167
3 0.556250 0.355556 0.065625 0.105556
4 0.224219 0.220833 0.068750 0.125000
4 0.406250 0.351389 0.065625 0.119444
4 0.475000 0.604167 0.062500 0.119444
5 0.148438 0.233333 0.071875 0.125000
5 0.242578 0.352778 0.071094 0.119444
5 0.300391 0.284028 0.069531 0.120833
5 0.340625 0.172917 0.065625 0.123611
5 0.493359 0.490972 0.063281 0.095833
6 0.083984 0.362500 0.074219 0.119444
6 0.467187 0.388889 0.067187 0.119444
7 0.138281 0.650000 0.067187 0.127778
7 0.174219 0.386111 0.070312 0.125000
7 0.446094 0.225000 0.067187 0.119444
8 0.467187 0.388889 0.067187 0.119444
10 0.138281 0.650000 0.067187 0.127778
10 0.340625 0.172917 0.065625 0.123611
10 0.475000 0.604167 0.062500 0.119444
12 0.300391 0.284028 0.069531 0.120833
13 0.224219 0.220833 0.068750 0.125000
13 0.493359 0.490972 0.063281 0.095833
16 0.148438 0.233333 0.071875 0.125000
16 0.406250 0.351389 0.065625 0.119444
17 0.242578 0.352778 0.071094 0.119444
17 0.446094 0.225000 0.067187 0.119444
18 0.083984 0.362500 0.074219 0.119444
20 0.174219 0.386111 0.070312 0.125000