0 0.225781 0.772222 0.067187 0.127778
0 0.239063 0.586111 0.043750 0.105556
0 0.282031 0.463889 0.062500 0.125000
0 0.298828 0.693750 0.058594 0.081944
0 0.313281 0.792361 0.067187 0.101389
0 0.357422 0.534028 0.049219 0.109722
0 0.403906 0.673611 0.054688 0.116667
0 0.419531 0.356250 0.062500 0.095833
0 0.424219 0.537500 0.065625 0.122222
0 0.471094 0.687500 0.065625 0.119444
0 0.491406 0.570139 0.067187 0.112500
0 0.496484 0.425000 0.039844 0.100000
0 0.557031 0.379167 0.064062 0.111111
0 0.674219 0.465278 0.056250 0.086111
0 0.674609 0.587500 0.052344 0.111111
1 0.403906 0.673611 0.054688 0.116667
1 0.424219 0.537500 0.065625 0.122222
1 0.471094 0.687500 0.065625 0.119444
1 0.491406 0.570139 0.067187 0.112500
2 0.225781 0.772222 0.067187 0.127778
2 0.239063 0.586111 0.043750 0.105556
2 0.282031 0.463889 0.062500 0.125000
2 0.298828 0.693750 0.058594 0.081944
2 0.313281 0.792361 0.067187 0.101389
2 0.357422 0.534028 0.049219 0.109722
2 0.419531 0.356250 0.062500 0.095833
2 0.496484 0.425000 0.039844 0.100000
2 0.557031 0.379167 0.064062 0.111111
2 0.674219 0.465278 0.056250 0.086111
2 0.674609 0.587500 0.052344 0.111111
4 0.403906 0.673611 0.054688 0.116667
4 0.491406 0.570139 0.067187 0.112500
5 0.424219 0.537500 0.065625 0.122222
5 0.471094 0.687500 0.065625 0.119444
11 0.491406 0.570139 0.067187 0.112500
14 0.471094 0.687500 0.065625 0.119444
16 0.403906 0.673611 0.054688 0.116667
20 0.424219 0.537500 0.065625 0.122222