0 0.321875 0.252778 0.056250 0.116667
0 0.329688 0.498611 0.064062 0.105556
0 0.332813 0.388889 0.064062 0.116667
0 0.352734 0.145833 0.047656 0.111111
0 0.381641 0.318056 0.052344 0.111111
0 0.401562 0.536111 0.045312 0.100000
0 0.450000 0.498611 0.040625 0.097222
0 0.475391 0.281250 0.067969 0.115278
0 0.522266 0.615278 0.066406 0.116667
0 0.525391 0.154167 0.057031 0.077778
0 0.546094 0.329167 0.064062 0.119444
0 0.587891 0.538889 0.063281 0.088889
0 0.598437 0.240278 0.054688 0.119444
0 0.619531 0.386111 0.060937 0.116667
0 0.712500 0.361111 0.067187 0.116667
0 0.761719 0.172917 0.068750 0.112500
2 0.329688 0.498611 0.064062 0.105556
2 0.332813 0.388889 0.064062 0.116667
2 0.381641 0.318056 0.052344 0.111111
2 0.401562 0.536111 0.045312 0.100000
2 0.450000 0.498611 0.040625 0.097222
2 0.525391 0.154167 0.057031 0.077778
2 0.598437 0.240278 0.054688 0.119444
2 0.619531 0.386111 0.060937 0.116667
2 0.712500 0.361111 0.067187 0.116667
2 0.761719 0.172917 0.068750 0.112500
3 0.321875 0.252778 0.056250 0.116667
3 0.352734 0.145833 0.047656 0.111111
3 0.475391 0.281250 0.067969 0.115278
3 0.522266 0.615278 0.066406 0.116667
3 0.546094 0.329167 0.064062 0.119444
3 0.587891 0.538889 0.063281 0.088889