0 0.403125 0.622222 0.053125 0.111111
0 0.425781 0.516667 0.057031 0.116667
0 0.446094 0.418056 0.056250 0.111111
0 0.471094 0.318056 0.053125 0.109722
0 0.500781 0.580556 0.058594 0.079167
0 0.503125 0.500000 0.057031 0.077778
0 0.496094 0.694444 0.039844 0.097222
0 0.514844 0.415278 0.058594 0.076389
0 0.525000 0.316667 0.045312 0.105556
0 0.540625 0.691667 0.040625 0.101389
0 0.584375 0.309722 0.053125 0.111111
0 0.600000 0.418056 0.052344 0.106944
0 0.610156 0.530556 0.055469 0.113889
0 0.614062 0.647222 0.060156 0.116667
0 0.676562 0.408333 0.060937 0.084722
1 0.500781 0.580556 0.058594 0.079167
1 0.503125 0.500000 0.057031 0.077778
1 0.514844 0.415278 0.058594 0.076389
1 0.676562 0.408333 0.060937 0.084722
2 0.403125 0.622222 0.053125 0.111111
2 0.425781 0.516667 0.057031 0.116667
2 0.446094 0.418056 0.056250 0.111111
2 0.471094 0.318056 0.053125 0.109722
2 0.496094 0.694444 0.039844 0.097222
2 0.525000 0.316667 0.045312 0.105556
2 0.540625 0.691667 0.040625 0.101389
2 0.584375 0.309722 0.053125 0.111111
2 0.600000 0.418056 0.052344 0.106944
2 0.610156 0.530556 0.055469 0.113889
2 0.614062 0.647222 0.060156 0.116667
4 0.500781 0.580556 0.058594 0.079167
5 0.676562 0.408333 0.060937 0.084722
6 0.503125 0.500000 0.057031 0.077778
7 0.514844 0.415278 0.058594 0.076389
12 0.500781 0.580556 0.058594 0.079167
13 0.514844 0.415278 0.058594 0.076389
16 0.676562 0.408333 0.060937 0.084722
17 0.503125 0.500000 0.057031 0.077778