0 0.289844 0.450694 0.051562 0.109722
0 0.348828 0.350694 0.063281 0.093056
0 0.346875 0.593056 0.050000 0.111111
0 0.394531 0.206250 0.064062 0.115278
0 0.414844 0.691667 0.054688 0.108333
0 0.420703 0.525694 0.061719 0.118056
0 0.459375 0.278472 0.064062 0.115278
0 0.471484 0.628472 0.058594 0.115278
0 0.500000 0.416667 0.048438 0.108333
0 0.509375 0.152083 0.064062 0.115278
0 0.517188 0.519444 0.062500 0.111111
0 0.538281 0.326389 0.045312 0.105556
0 0.553125 0.645833 0.043750 0.105556
1 0.420703 0.525694 0.061719 0.118056
1 0.471484 0.628472 0.058594 0.115278
2 0.509375 0.152083 0.064062 0.115278
3 0.289844 0.450694 0.051562 0.109722
3 0.348828 0.350694 0.063281 0.093056
3 0.346875 0.593056 0.050000 0.111111
3 0.394531 0.206250 0.064062 0.115278
3 0.414844 0.691667 0.054688 0.108333
3 0.459375 0.278472 0.064062 0.115278
3 0.500000 0.416667 0.048438 0.108333
3 0.517188 0.519444 0.062500 0.111111
3 0.538281 0.326389 0.045312 0.105556
3 0.553125 0.645833 0.043750 0.105556
6 0.471484 0.628472 0.058594 0.115278
7 0.420703 0.525694 0.061719 0.118056
15 0.420703 0.525694 0.061719 0.118056
15 0.471484 0.628472 0.058594 0.115278