0 0.214062 0.344444 0.050000 0.111111
0 0.232813 0.109028 0.060937 0.120833
0 0.263281 0.393056 0.065625 0.119444
0 0.311328 0.532639 0.046094 0.106944
0 0.366406 0.515972 0.054688 0.118056
0 0.409375 0.176389 0.068750 0.119444
0 0.408984 0.462500 0.067969 0.116667
0 0.434375 0.381250 0.065625 0.101389
0 0.434766 0.084028 0.061719 0.093056
0 0.436719 0.627778 0.051562 0.111111
0 0.486719 0.673611 0.065625 0.116667
0 0.511328 0.518056 0.064844 0.100000
0 0.514062 0.765278 0.059375 0.080556
0 0.528516 0.206250 0.066406 0.123611
0 0.550000 0.337500 0.050000 0.113889
0 0.605469 0.233333 0.067187 0.108333
0 0.603906 0.641667 0.064062 0.116667
0 0.636328 0.709722 0.064844 0.100000
0 0.639062 0.559028 0.064062 0.115278
0 0.684766 0.665972 0.064844 0.101389
0 0.684375 0.360417 0.056250 0.073611
1 0.311328 0.532639 0.046094 0.106944
1 0.366406 0.515972 0.054688 0.118056
1 0.408984 0.462500 0.067969 0.116667
1 0.434375 0.381250 0.065625 0.101389
2 0.409375 0.176389 0.068750 0.119444
2 0.434766 0.084028 0.061719 0.093056
2 0.528516 0.206250 0.066406 0.123611
2 0.550000 0.337500 0.050000 0.113889
2 0.605469 0.233333 0.067187 0.108333
2 0.603906 0.641667 0.064062 0.116667
2 0.636328 0.709722 0.064844 0.100000
2 0.639062 0.559028 0.064062 0.115278
2 0.684766 0.665972 0.064844 0.101389
2 0.684375 0.360417 0.056250 0.073611
3 0.214062 0.344444 0.050000 0.111111
3 0.232813 0.109028 0.060937 0.120833
3 0.263281 0.393056 0.065625 0.119444
3 0.436719 0.627778 0.051562 0.111111
3 0.486719 0.673611 0.065625 0.116667
3 0.511328 0.518056 0.064844 0.100000
3 0.514062 0.765278 0.059375 0.080556
5 0.366406 0.515972 0.054688 0.118056
5 0.434375 0.381250 0.065625 0.101389
6 0.311328 0.532639 0.046094 0.106944
6 0.408984 0.462500 0.067969 0.116667
8 0.311328 0.532639 0.046094 0.106944
8 0.366406 0.515972 0.054688 0.118056
12 0.408984 0.462500 0.067969 0.116667
12 0.434375 0.381250 0.065625 0.101389