0 0.097266 0.633333 0.050781 0.111111
0 0.128516 0.494444 0.060156 0.122222
0 0.148438 0.795833 0.062500 0.122222
0 0.159375 0.258333 0.062500 0.080556
0 0.157031 0.650000 0.048438 0.111111
0 0.193750 0.472222 0.062500 0.122222
0 0.212891 0.629167 0.053906 0.116667
0 0.218359 0.788889 0.061719 0.122222
0 0.223828 0.263194 0.061719 0.076389
0 0.247656 0.490278 0.059375 0.119444
0 0.265234 0.659722 0.061719 0.122222
0 0.268359 0.801389 0.060156 0.119444
0 0.289062 0.262500 0.059375 0.080556
0 0.324609 0.763889 0.046094 0.108333
0 0.369141 0.262500 0.057031 0.075000
0 0.374219 0.767361 0.043750 0.106944
0 0.384766 0.931250 0.060156 0.123611
0 0.380859 0.645833 0.044531 0.108333
0 0.389844 0.407639 0.060937 0.081944
0 0.422266 0.768056 0.042969 0.105556
0 0.426953 0.642361 0.046094 0.109722
0 0.440234 0.914583 0.055469 0.120833
0 0.471875 0.763889 0.043750 0.105556
0 0.475781 0.643750 0.043750 0.106944
0 0.510156 0.897222 0.059375 0.122222
0 0.554688 0.762500 0.064062 0.105556
0 0.560156 0.676389 0.064062 0.100000
0 0.561719 0.587500 0.064062 0.097222
0 0.559766 0.884028 0.060156 0.120833
0 0.562500 0.501389 0.062500 0.094444
0 0.565625 0.412500 0.065625 0.105556
1 0.159375 0.258333 0.062500 0.080556
1 0.223828 0.263194 0.061719 0.076389
1 0.289062 0.262500 0.059375 0.080556
1 0.324609 0.763889 0.046094 0.108333
1 0.369141 0.262500 0.057031 0.075000
1 0.374219 0.767361 0.043750 0.106944
1 0.380859 0.645833 0.044531 0.108333
1 0.389844 0.407639 0.060937 0.081944
1 0.422266 0.768056 0.042969 0.105556
1 0.426953 0.642361 0.046094 0.109722
1 0.471875 0.763889 0.043750 0.105556
1 0.475781 0.643750 0.043750 0.106944
2 0.128516 0.494444 0.060156 0.122222
2 0.148438 0.795833 0.062500 0.122222
2 0.193750 0.472222 0.062500 0.122222
2 0.218359 0.788889 0.061719 0.122222
2 0.247656 0.490278 0.059375 0.119444
2 0.268359 0.801389 0.060156 0.119444
2 0.554688 0.762500 0.064062 0.105556
2 0.560156 0.676389 0.064062 0.100000
2 0.561719 0.587500 0.064062 0.097222
2 0.562500 0.501389 0.062500 0.094444
2 0.565625 0.412500 0.065625 0.105556
3 0.097266 0.633333 0.050781 0.111111
3 0.157031 0.650000 0.048438 0.111111
3 0.212891 0.629167 0.053906 0.116667
3 0.265234 0.659722 0.061719 0.122222
3 0.384766 0.931250 0.060156 0.123611
3 0.440234 0.914583 0.055469 0.120833
3 0.510156 0.897222 0.059375 0.122222
3 0.559766 0.884028 0.060156 0.120833
7 0.159375 0.258333 0.062500 0.080556
7 0.223828 0.263194 0.061719 0.076389
7 0.289062 0.262500 0.059375 0.080556
7 0.324609 0.763889 0.046094 0.108333
7 0.369141 0.262500 0.057031 0.075000
7 0.374219 0.767361 0.043750 0.106944
7 0.380859 0.645833 0.044531 0.108333
7 0.389844 0.407639 0.060937 0.081944
7 0.422266 0.768056 0.042969 0.105556
7 0.426953 0.642361 0.046094 0.109722
7 0.471875 0.763889 0.043750 0.105556
7 0.475781 0.643750 0.043750 0.106944
8 0.471875 0.763889 0.043750 0.105556
9 0.422266 0.768056 0.042969 0.105556
10 0.374219 0.767361 0.043750 0.106944
11 0.324609 0.763889 0.046094 0.108333
12 0.475781 0.643750 0.043750 0.106944
13 0.426953 0.642361 0.046094 0.109722
14 0.380859 0.645833 0.044531 0.108333
16 0.159375 0.258333 0.062500 0.080556
17 0.223828 0.263194 0.061719 0.076389
18 0.289062 0.262500 0.059375 0.080556
19 0.369141 0.262500 0.057031 0.075000
20 0.389844 0.407639 0.060937 0.081944