0 0.165625 0.526389 0.065625 0.094444
0 0.168750 0.276389 0.050000 0.108333
0 0.181250 0.412500 0.068750 0.122222
0 0.192188 0.713889 0.067187 0.119444
0 0.225781 0.593056 0.057813 0.119444
0 0.262109 0.761806 0.069531 0.106944
0 0.265625 0.337500 0.050000 0.108333
0 0.270313 0.518750 0.057813 0.118056
0 0.287891 0.132639 0.069531 0.115278
0 0.318750 0.479861 0.068750 0.118056
0 0.324219 0.229861 0.068750 0.112500
0 0.330469 0.593056 0.067187 0.116667
0 0.325000 0.714583 0.050000 0.109722
0 0.349219 0.852083 0.064062 0.090278
0 0.350000 0.327778 0.054688 0.116667
0 0.369922 0.093750 0.052344 0.115278
0 0.382031 0.721528 0.065625 0.112500
0 0.395703 0.467361 0.063281 0.120833
0 0.392969 0.200000 0.054688 0.116667
0 0.433594 0.819444 0.060937 0.088889
0 0.426953 0.327778 0.041406 0.102778
0 0.453125 0.726389 0.065625 0.105556
0 0.450000 0.148611 0.040625 0.105556
0 0.472656 0.537500 0.065625 0.116667
0 0.484375 0.368750 0.065625 0.115278
0 0.513281 0.190972 0.050000 0.112500
0 0.522266 0.652778 0.058594 0.119444
0 0.523047 0.654167 0.057031 0.113889
0 0.525781 0.790972 0.043750 0.104167
0 0.538281 0.076389 0.057813 0.116667
0 0.553906 0.471528 0.060937 0.118056
0 0.555078 0.318056 0.044531 0.105556
0 0.569141 0.633333 0.050781 0.108333
0 0.578125 0.867361 0.059375 0.084722
0 0.584375 0.748611 0.065625 0.108333
0 0.595703 0.251389 0.060156 0.116667
0 0.621484 0.583333 0.064844 0.100000
0 0.626953 0.444444 0.053906 0.113889
0 0.627344 0.443750 0.053125 0.112500
0 0.651953 0.322222 0.064844 0.116667
0 0.652344 0.100694 0.060937 0.120833
0 0.673828 0.745833 0.064844 0.113889
0 0.685937 0.611111 0.050000 0.111111
0 0.689453 0.472222 0.041406 0.102778
0 0.706641 0.265278 0.057031 0.119444
0 0.725781 0.750000 0.057813 0.119444
0 0.739844 0.371528 0.064062 0.109722
0 0.741016 0.481250 0.050781 0.106944
0 0.750000 0.614583 0.051562 0.112500
0 0.782031 0.812500 0.062500 0.119444
0 0.802344 0.687500 0.051562 0.113889
0 0.805078 0.481250 0.055469 0.115278
0 0.841016 0.604167 0.063281 0.116667
1 0.165625 0.526389 0.065625 0.094444
1 0.181250 0.412500 0.068750 0.122222
1 0.192188 0.713889 0.067187 0.119444
1 0.225781 0.593056 0.057813 0.119444
1 0.262109 0.761806 0.069531 0.106944
1 0.265625 0.337500 0.050000 0.108333
1 0.270313 0.518750 0.057813 0.118056
1 0.287891 0.132639 0.069531 0.115278
1 0.318750 0.479861 0.068750 0.118056
1 0.324219 0.229861 0.068750 0.112500
1 0.330469 0.593056 0.067187 0.116667
1 0.325000 0.714583 0.050000 0.109722
1 0.349219 0.852083 0.064062 0.090278
1 0.350000 0.327778 0.054688 0.116667
1 0.369922 0.093750 0.052344 0.115278
1 0.382031 0.721528 0.065625 0.112500
1 0.395703 0.467361 0.063281 0.120833
1 0.392969 0.200000 0.054688 0.116667
1 0.433594 0.819444 0.060937 0.088889
1 0.426953 0.327778 0.041406 0.102778
1 0.453125 0.726389 0.065625 0.105556
1 0.450000 0.148611 0.040625 0.105556
1 0.472656 0.537500 0.065625 0.116667
1 0.484375 0.368750 0.065625 0.115278
1 0.513281 0.190972 0.050000 0.112500
1 0.522266 0.652778 0.058594 0.119444
1 0.523047 0.654167 0.057031 0.113889
1 0.525781 0.790972 0.043750 0.104167
1 0.538281 0.076389 0.057813 0.116667
1 0.553906 0.471528 0.060937 0.118056
1 0.555078 0.318056 0.044531 0.105556
1 0.578125 0.867361 0.059375 0.084722
1 0.584375 0.748611 0.065625 0.108333
1 0.595703 0.251389 0.060156 0.116667
1 0.621484 0.583333 0.064844 0.100000
1 0.626953 0.444444 0.053906 0.113889
1 0.627344 0.443750 0.053125 0.112500
1 0.651953 0.322222 0.064844 0.116667
1 0.652344 0.100694 0.060937 0.120833
1 0.673828 0.745833 0.064844 0.113889
1 0.685937 0.611111 0.050000 0.111111
1 0.689453 0.472222 0.041406 0.102778
1 0.706641 0.265278 0.057031 0.119444
1 0.725781 0.750000 0.057813 0.119444
1 0.739844 0.371528 0.064062 0.109722
1 0.741016 0.481250 0.050781 0.106944
1 0.750000 0.614583 0.051562 0.112500
1 0.782031 0.812500 0.062500 0.119444
1 0.802344 0.687500 0.051562 0.113889
1 0.805078 0.481250 0.055469 0.115278
1 0.841016 0.604167 0.063281 0.116667
2 0.168750 0.276389 0.050000 0.108333
2 0.569141 0.633333 0.050781 0.108333
4 0.262109 0.761806 0.069531 0.106944
4 0.270313 0.518750 0.057813 0.118056
4 0.369922 0.093750 0.052344 0.115278
4 0.553906 0.471528 0.060937 0.118056
4 0.578125 0.867361 0.059375 0.084722
4 0.584375 0.748611 0.065625 0.108333
4 0.626953 0.444444 0.053906 0.113889
4 0.627344 0.443750 0.053125 0.112500
4 0.652344 0.100694 0.060937 0.120833
4 0.673828 0.745833 0.064844 0.113889
4 0.689453 0.472222 0.041406 0.102778
4 0.739844 0.371528 0.064062 0.109722
5 0.165625 0.526389 0.065625 0.094444
5 0.225781 0.593056 0.057813 0.119444
5 0.318750 0.479861 0.068750 0.118056
5 0.330469 0.593056 0.067187 0.116667
5 0.325000 0.714583 0.050000 0.109722
5 0.382031 0.721528 0.065625 0.112500
5 0.395703 0.467361 0.063281 0.120833
5 0.392969 0.200000 0.054688 0.116667
5 0.525781 0.790972 0.043750 0.104167
5 0.725781 0.750000 0.057813 0.119444
5 0.750000 0.614583 0.051562 0.112500
6 0.265625 0.337500 0.050000 0.108333
6 0.287891 0.132639 0.069531 0.115278
6 0.324219 0.229861 0.068750 0.112500
6 0.350000 0.327778 0.054688 0.116667
6 0.426953 0.327778 0.041406 0.102778
6 0.453125 0.726389 0.065625 0.105556
6 0.450000 0.148611 0.040625 0.105556
6 0.472656 0.537500 0.065625 0.116667
6 0.538281 0.076389 0.057813 0.116667
6 0.595703 0.251389 0.060156 0.116667
6 0.651953 0.322222 0.064844 0.116667
6 0.685937 0.611111 0.050000 0.111111
6 0.706641 0.265278 0.057031 0.119444
6 0.841016 0.604167 0.063281 0.116667
7 0.181250 0.412500 0.068750 0.122222
7 0.192188 0.713889 0.067187 0.119444
7 0.349219 0.852083 0.064062 0.090278
7 0.433594 0.819444 0.060937 0.088889
7 0.484375 0.368750 0.065625 0.115278
7 0.513281 0.190972 0.050000 0.112500
7 0.522266 0.652778 0.058594 0.119444
7 0.523047 0.654167 0.057031 0.113889
7 0.555078 0.318056 0.044531 0.105556
7 0.621484 0.583333 0.064844 0.100000
7 0.741016 0.481250 0.050781 0.106944
7 0.782031 0.812500 0.062500 0.119444
7 0.802344 0.687500 0.051562 0.113889
7 0.805078 0.481250 0.055469 0.115278
8 0.225781 0.593056 0.057813 0.119444
8 0.324219 0.229861 0.068750 0.112500
8 0.484375 0.368750 0.065625 0.115278
8 0.673828 0.745833 0.064844 0.113889
9 0.392969 0.200000 0.054688 0.116667
9 0.538281 0.076389 0.057813 0.116667
9 0.802344 0.687500 0.051562 0.113889
10 0.287891 0.132639 0.069531 0.115278
10 0.513281 0.190972 0.050000 0.112500
10 0.584375 0.748611 0.065625 0.108333
10 0.706641 0.265278 0.057031 0.119444
11 0.555078 0.318056 0.044531 0.105556
11 0.626953 0.444444 0.053906 0.113889
11 0.627344 0.443750 0.053125 0.112500
11 0.651953 0.322222 0.064844 0.116667
11 0.750000 0.614583 0.051562 0.112500
12 0.192188 0.713889 0.067187 0.119444
12 0.369922 0.093750 0.052344 0.115278
12 0.525781 0.790972 0.043750 0.104167
12 0.685937 0.611111 0.050000 0.111111
13 0.318750 0.479861 0.068750 0.118056
13 0.349219 0.852083 0.064062 0.090278
13 0.841016 0.604167 0.063281 0.116667
14 0.382031 0.721528 0.065625 0.112500
14 0.450000 0.148611 0.040625 0.105556
14 0.522266 0.652778 0.058594 0.119444
14 0.523047 0.654167 0.057031 0.113889
14 0.652344 0.100694 0.060937 0.120833
15 0.262109 0.761806 0.069531 0.106944
15 0.330469 0.593056 0.067187 0.116667
15 0.453125 0.726389 0.065625 0.105556
15 0.741016 0.481250 0.050781 0.106944
16 0.325000 0.714583 0.050000 0.109722
16 0.472656 0.537500 0.065625 0.116667
16 0.553906 0.471528 0.060937 0.118056
16 0.621484 0.583333 0.064844 0.100000
17 0.165625 0.526389 0.065625 0.094444
17 0.578125 0.867361 0.059375 0.084722
17 0.595703 0.251389 0.060156 0.116667
17 0.805078 0.481250 0.055469 0.115278
18 0.181250 0.412500 0.068750 0.122222
18 0.265625 0.337500 0.050000 0.108333
18 0.395703 0.467361 0.063281 0.120833
18 0.739844 0.371528 0.064062 0.109722
19 0.426953 0.327778 0.041406 0.102778
19 0.689453 0.472222 0.041406 0.102778
19 0.782031 0.812500 0.062500 0.119444
20 0.270313 0.518750 0.057813 0.118056
20 0.350000 0.327778 0.054688 0.116667
20 0.433594 0.819444 0.060937 0.088889
20 0.725781 0.750000 0.057813 0.119444