0 0.153906 0.428472 0.053125 0.115278
0 0.168750 0.579167 0.059375 0.122222
0 0.230469 0.293750 0.046875 0.106944
0 0.243750 0.447917 0.060937 0.076389
0 0.257031 0.557639 0.059375 0.076389
0 0.314844 0.688889 0.050000 0.108333
0 0.314453 0.238889 0.047656 0.108333
0 0.314453 0.395139 0.044531 0.104167
0 0.337500 0.504167 0.056250 0.075000
0 0.376563 0.215278 0.040625 0.097222
0 0.392969 0.629167 0.054688 0.116667
0 0.442188 0.756250 0.040625 0.104167
0 0.492969 0.336111 0.064062 0.119444
0 0.499609 0.533333 0.066406 0.105556
0 0.507422 0.801389 0.042969 0.105556
0 0.527344 0.233333 0.064062 0.119444
0 0.560547 0.755556 0.041406 0.102778
0 0.574219 0.523611 0.057813 0.080556
0 0.578125 0.388889 0.050000 0.111111
0 0.612500 0.657639 0.048438 0.109722
1 0.442188 0.756250 0.040625 0.104167
1 0.507422 0.801389 0.042969 0.105556
1 0.560547 0.755556 0.041406 0.102778
1 0.612500 0.657639 0.048438 0.109722
2 0.153906 0.428472 0.053125 0.115278
2 0.168750 0.579167 0.059375 0.122222
2 0.230469 0.293750 0.046875 0.106944
2 0.314844 0.688889 0.050000 0.108333
2 0.314453 0.395139 0.044531 0.104167
2 0.376563 0.215278 0.040625 0.097222
2 0.392969 0.629167 0.054688 0.116667
3 0.243750 0.447917 0.060937 0.076389
3 0.257031 0.557639 0.059375 0.076389
3 0.314453 0.238889 0.047656 0.108333
3 0.337500 0.504167 0.056250 0.075000
3 0.492969 0.336111 0.064062 0.119444
3 0.499609 0.533333 0.066406 0.105556
3 0.527344 0.233333 0.064062 0.119444
3 0.574219 0.523611 0.057813 0.080556
3 0.578125 0.388889 0.050000 0.111111
4 0.442188 0.756250 0.040625 0.104167
4 0.612500 0.657639 0.048438 0.109722
6 0.507422 0.801389 0.042969 0.105556
6 0.560547 0.755556 0.041406 0.102778
8 0.560547 0.755556 0.041406 0.102778
15 0.507422 0.801389 0.042969 0.105556
18 0.442188 0.756250 0.040625 0.104167
19 0.612500 0.657639 0.048438 0.109722