0 0.106250 0.243056 0.062500 0.127778
0 0.128125 0.480556 0.055469 0.119444
0 0.183594 0.519444 0.047656 0.115278
0 0.221875 0.701389 0.067969 0.131944
0 0.271094 0.586111 0.051562 0.118056
0 0.285156 0.408333 0.064844 0.088889
0 0.308594 0.776389 0.067187 0.130556
0 0.381250 0.408333 0.071875 0.130556
0 0.387500 0.773611 0.046875 0.113889
0 0.421094 0.297222 0.075000 0.127778
0 0.435937 0.612500 0.072656 0.115278
0 0.471094 0.729167 0.056250 0.122222
0 0.482812 0.479167 0.054688 0.122222
0 0.503906 0.350000 0.067969 0.097222
0 0.516406 0.831944 0.052344 0.120833
0 0.556250 0.244444 0.073438 0.109722
0 0.554688 0.509722 0.061719 0.127778
0 0.585938 0.802778 0.071875 0.120833
0 0.590625 0.383333 0.072656 0.125000
0 0.645312 0.562500 0.045312 0.106944
0 0.655469 0.801389 0.065625 0.125000
0 0.722656 0.838889 0.069531 0.126389
0 0.726562 0.587500 0.073438 0.125000
0 0.727344 0.587500 0.072656 0.125000
1 0.106250 0.243056 0.062500 0.127778
1 0.285156 0.408333 0.064844 0.088889
1 0.381250 0.408333 0.071875 0.130556
1 0.421094 0.297222 0.075000 0.127778
2 0.128125 0.480556 0.055469 0.119444
2 0.183594 0.519444 0.047656 0.115278
2 0.435937 0.612500 0.072656 0.115278
2 0.482812 0.479167 0.054688 0.122222
2 0.554688 0.509722 0.061719 0.127778
2 0.585938 0.802778 0.071875 0.120833
2 0.590625 0.383333 0.072656 0.125000
2 0.645312 0.562500 0.045312 0.106944
2 0.655469 0.801389 0.065625 0.125000
2 0.722656 0.838889 0.069531 0.126389
2 0.726562 0.587500 0.073438 0.125000
2 0.727344 0.587500 0.072656 0.125000
3 0.221875 0.701389 0.067969 0.131944
3 0.271094 0.586111 0.051562 0.118056
3 0.308594 0.776389 0.067187 0.130556
3 0.387500 0.773611 0.046875 0.113889
3 0.471094 0.729167 0.056250 0.122222
3 0.503906 0.350000 0.067969 0.097222
3 0.516406 0.831944 0.052344 0.120833
3 0.556250 0.244444 0.073438 0.109722
6 0.285156 0.408333 0.064844 0.088889
6 0.381250 0.408333 0.071875 0.130556
7 0.106250 0.243056 0.062500 0.127778
7 0.421094 0.297222 0.075000 0.127778
12 0.106250 0.243056 0.062500 0.127778
14 0.421094 0.297222 0.075000 0.127778
18 0.381250 0.408333 0.071875 0.130556
20 0.285156 0.408333 0.064844 0.088889