0 0.202734 0.835417 0.063281 0.084722
0 0.206250 0.525694 0.067187 0.112500
0 0.219531 0.620139 0.067187 0.087500
0 0.266016 0.740278 0.066406 0.111111
0 0.267969 0.477778 0.068750 0.116667
0 0.296484 0.366667 0.063281 0.102778
0 0.302734 0.858333 0.058594 0.075000
0 0.318359 0.606250 0.067969 0.112500
0 0.337891 0.498611 0.064844 0.122222
0 0.351953 0.726389 0.061719 0.086111
0 0.367578 0.200000 0.055469 0.116667
0 0.375781 0.830556 0.059375 0.077778
0 0.383594 0.318750 0.064062 0.093056
0 0.395703 0.464583 0.049219 0.109722
0 0.421094 0.635417 0.057813 0.065278
0 0.432422 0.740972 0.060156 0.087500
0 0.444141 0.329167 0.055469 0.113889
0 0.455859 0.211806 0.046094 0.106944
0 0.486719 0.565278 0.057813 0.108333
0 0.489844 0.432639 0.054688 0.115278
0 0.499609 0.807639 0.057031 0.076389
0 0.507422 0.690278 0.061719 0.102778
0 0.521875 0.306250 0.064062 0.118056
0 0.544141 0.495139 0.064844 0.104167
0 0.569141 0.601389 0.049219 0.108333
0 0.575391 0.387500 0.060156 0.086111
0 0.606641 0.510417 0.042969 0.104167
0 0.616016 0.240278 0.044531 0.105556
0 0.655469 0.419444 0.057813 0.125000
0 0.658203 0.700694 0.055469 0.070833
0 0.659375 0.568056 0.056250 0.077778
0 0.676172 0.279167 0.042969 0.102778
0 0.704297 0.408333 0.058594 0.116667
0 0.722656 0.197222 0.050000 0.105556
0 0.719141 0.652083 0.041406 0.101389
0 0.737500 0.531250 0.059375 0.118056
0 0.734375 0.756250 0.053125 0.070833
0 0.740625 0.343056 0.060937 0.111111
0 0.790625 0.442361 0.062500 0.106944
0 0.807813 0.676389 0.059375 0.083333
0 0.807031 0.765972 0.056250 0.073611
0 0.827734 0.559722 0.063281 0.116667
1 0.202734 0.835417 0.063281 0.084722
1 0.206250 0.525694 0.067187 0.112500
1 0.219531 0.620139 0.067187 0.087500
1 0.266016 0.740278 0.066406 0.111111
1 0.267969 0.477778 0.068750 0.116667
1 0.296484 0.366667 0.063281 0.102778
1 0.302734 0.858333 0.058594 0.075000
1 0.318359 0.606250 0.067969 0.112500
1 0.337891 0.498611 0.064844 0.122222
1 0.351953 0.726389 0.061719 0.086111
1 0.367578 0.200000 0.055469 0.116667
1 0.375781 0.830556 0.059375 0.077778
1 0.383594 0.318750 0.064062 0.093056
1 0.395703 0.464583 0.049219 0.109722
1 0.421094 0.635417 0.057813 0.065278
1 0.432422 0.740972 0.060156 0.087500
1 0.444141 0.329167 0.055469 0.113889
1 0.486719 0.565278 0.057813 0.108333
1 0.489844 0.432639 0.054688 0.115278
1 0.499609 0.807639 0.057031 0.076389
1 0.507422 0.690278 0.061719 0.102778
1 0.521875 0.306250 0.064062 0.118056
1 0.544141 0.495139 0.064844 0.104167
1 0.569141 0.601389 0.049219 0.108333
1 0.575391 0.387500 0.060156 0.086111
1 0.606641 0.510417 0.042969 0.104167
1 0.616016 0.240278 0.044531 0.105556
1 0.655469 0.419444 0.057813 0.125000
1 0.658203 0.700694 0.055469 0.070833
1 0.659375 0.568056 0.056250 0.077778
1 0.676172 0.279167 0.042969 0.102778
1 0.704297 0.408333 0.058594 0.116667
1 0.722656 0.197222 0.050000 0.105556
1 0.719141 0.652083 0.041406 0.101389
1 0.737500 0.531250 0.059375 0.118056
1 0.734375 0.756250 0.053125 0.070833
1 0.740625 0.343056 0.060937 0.111111
1 0.790625 0.442361 0.062500 0.106944
1 0.807813 0.676389 0.059375 0.083333
1 0.807031 0.765972 0.056250 0.073611
1 0.827734 0.559722 0.063281 0.116667
2 0.455859 0.211806 0.046094 0.106944
4 0.206250 0.525694 0.067187 0.112500
4 0.219531 0.620139 0.067187 0.087500
4 0.337891 0.498611 0.064844 0.122222
4 0.367578 0.200000 0.055469 0.116667
4 0.383594 0.318750 0.064062 0.093056
4 0.432422 0.740972 0.060156 0.087500
4 0.486719 0.565278 0.057813 0.108333
4 0.499609 0.807639 0.057031 0.076389
4 0.676172 0.279167 0.042969 0.102778
5 0.266016 0.740278 0.066406 0.111111
5 0.302734 0.858333 0.058594 0.075000
5 0.318359 0.606250 0.067969 0.112500
5 0.351953 0.726389 0.061719 0.086111
5 0.375781 0.830556 0.059375 0.077778
5 0.489844 0.432639 0.054688 0.115278
5 0.658203 0.700694 0.055469 0.070833
5 0.722656 0.197222 0.050000 0.105556
5 0.737500 0.531250 0.059375 0.118056
5 0.790625 0.442361 0.062500 0.106944
6 0.267969 0.477778 0.068750 0.116667
6 0.421094 0.635417 0.057813 0.065278
6 0.444141 0.329167 0.055469 0.113889
6 0.507422 0.690278 0.061719 0.102778
6 0.575391 0.387500 0.060156 0.086111
6 0.616016 0.240278 0.044531 0.105556
6 0.734375 0.756250 0.053125 0.070833
6 0.740625 0.343056 0.060937 0.111111
6 0.807813 0.676389 0.059375 0.083333
6 0.807031 0.765972 0.056250 0.073611
6 0.827734 0.559722 0.063281 0.116667
7 0.202734 0.835417 0.063281 0.084722
7 0.296484 0.366667 0.063281 0.102778
7 0.395703 0.464583 0.049219 0.109722
7 0.521875 0.306250 0.064062 0.118056
7 0.544141 0.495139 0.064844 0.104167
7 0.569141 0.601389 0.049219 0.108333
7 0.606641 0.510417 0.042969 0.104167
7 0.655469 0.419444 0.057813 0.125000
7 0.659375 0.568056 0.056250 0.077778
7 0.704297 0.408333 0.058594 0.116667
7 0.719141 0.652083 0.041406 0.101389
8 0.395703 0.464583 0.049219 0.109722
8 0.432422 0.740972 0.060156 0.087500
8 0.444141 0.329167 0.055469 0.113889
8 0.658203 0.700694 0.055469 0.070833
9 0.219531 0.620139 0.067187 0.087500
9 0.266016 0.740278 0.066406 0.111111
9 0.606641 0.510417 0.042969 0.104167
9 0.616016 0.240278 0.044531 0.105556
10 0.499609 0.807639 0.057031 0.076389
10 0.659375 0.568056 0.056250 0.077778
10 0.740625 0.343056 0.060937 0.111111
11 0.202734 0.835417 0.063281 0.084722
11 0.351953 0.726389 0.061719 0.086111
11 0.486719 0.565278 0.057813 0.108333
11 0.827734 0.559722 0.063281 0.116667
12 0.367578 0.200000 0.055469 0.116667
12 0.521875 0.306250 0.064062 0.118056
13 0.337891 0.498611 0.064844 0.122222
13 0.575391 0.387500 0.060156 0.086111
13 0.655469 0.419444 0.057813 0.125000
13 0.790625 0.442361 0.062500 0.106944
14 0.296484 0.366667 0.063281 0.102778
14 0.302734 0.858333 0.058594 0.075000
14 0.676172 0.279167 0.042969 0.102778
14 0.807031 0.765972 0.056250 0.073611
15 0.375781 0.830556 0.059375 0.077778
15 0.719141 0.652083 0.041406 0.101389
16 0.206250 0.525694 0.067187 0.112500
16 0.267969 0.477778 0.068750 0.116667
16 0.737500 0.531250 0.059375 0.118056
17 0.383594 0.318750 0.064062 0.093056
17 0.489844 0.432639 0.054688 0.115278
17 0.544141 0.495139 0.064844 0.104167
17 0.807813 0.676389 0.059375 0.083333
18 0.318359 0.606250 0.067969 0.112500
18 0.421094 0.635417 0.057813 0.065278
18 0.704297 0.408333 0.058594 0.116667
19 0.722656 0.197222 0.050000 0.105556
19 0.734375 0.756250 0.053125 0.070833
20 0.507422 0.690278 0.061719 0.102778
20 0.569141 0.601389 0.049219 0.108333