0 0.153125 0.544444 0.042188 0.102778
0 0.196094 0.365278 0.054688 0.116667
0 0.227734 0.715972 0.061719 0.120833
0 0.256250 0.831250 0.062500 0.090278
0 0.259375 0.375000 0.059375 0.119444
0 0.287500 0.243750 0.042188 0.104167
0 0.332031 0.457639 0.067187 0.118056
0 0.330859 0.706250 0.049219 0.109722
0 0.350391 0.336111 0.049219 0.111111
0 0.373047 0.834722 0.042969 0.105556
0 0.385937 0.557639 0.060937 0.118056
0 0.394141 0.702778 0.066406 0.116667
0 0.412891 0.409028 0.047656 0.106944
0 0.444141 0.260417 0.067969 0.112500
0 0.435547 0.806250 0.046094 0.106944
0 0.469141 0.554167 0.064844 0.116667
0 0.482812 0.422222 0.048438 0.108333
0 0.478906 0.676389 0.040625 0.100000
0 0.496875 0.807639 0.040625 0.098611
0 0.539844 0.634722 0.045312 0.105556
0 0.544531 0.356944 0.045312 0.105556
0 0.558594 0.497917 0.050000 0.112500
0 0.581641 0.769444 0.042969 0.102778
0 0.612109 0.602083 0.053906 0.112500
1 0.153125 0.544444 0.042188 0.102778
1 0.196094 0.365278 0.054688 0.116667
1 0.256250 0.831250 0.062500 0.090278
1 0.259375 0.375000 0.059375 0.119444
1 0.287500 0.243750 0.042188 0.104167
1 0.332031 0.457639 0.067187 0.118056
1 0.330859 0.706250 0.049219 0.109722
1 0.350391 0.336111 0.049219 0.111111
1 0.373047 0.834722 0.042969 0.105556
1 0.385937 0.557639 0.060937 0.118056
1 0.394141 0.702778 0.066406 0.116667
1 0.412891 0.409028 0.047656 0.106944
1 0.444141 0.260417 0.067969 0.112500
1 0.435547 0.806250 0.046094 0.106944
1 0.469141 0.554167 0.064844 0.116667
1 0.482812 0.422222 0.048438 0.108333
1 0.478906 0.676389 0.040625 0.100000
1 0.496875 0.807639 0.040625 0.098611
1 0.539844 0.634722 0.045312 0.105556
1 0.544531 0.356944 0.045312 0.105556
1 0.558594 0.497917 0.050000 0.112500
1 0.581641 0.769444 0.042969 0.102778
1 0.612109 0.602083 0.053906 0.112500
2 0.227734 0.715972 0.061719 0.120833
4 0.196094 0.365278 0.054688 0.116667
4 0.259375 0.375000 0.059375 0.119444
4 0.330859 0.706250 0.049219 0.109722
4 0.350391 0.336111 0.049219 0.111111
4 0.394141 0.702778 0.066406 0.116667
4 0.469141 0.554167 0.064844 0.116667
4 0.539844 0.634722 0.045312 0.105556
4 0.612109 0.602083 0.053906 0.112500
5 0.287500 0.243750 0.042188 0.104167
5 0.385937 0.557639 0.060937 0.118056
5 0.412891 0.409028 0.047656 0.106944
5 0.482812 0.422222 0.048438 0.108333
5 0.478906 0.676389 0.040625 0.100000
5 0.544531 0.356944 0.045312 0.105556
5 0.558594 0.497917 0.050000 0.112500
6 0.153125 0.544444 0.042188 0.102778
6 0.444141 0.260417 0.067969 0.112500
6 0.435547 0.806250 0.046094 0.106944
6 0.496875 0.807639 0.040625 0.098611
7 0.256250 0.831250 0.062500 0.090278
7 0.332031 0.457639 0.067187 0.118056
7 0.373047 0.834722 0.042969 0.105556
7 0.581641 0.769444 0.042969 0.102778
8 0.153125 0.544444 0.042188 0.102778
8 0.394141 0.702778 0.066406 0.116667
9 0.412891 0.409028 0.047656 0.106944
10 0.330859 0.706250 0.049219 0.109722
10 0.478906 0.676389 0.040625 0.100000
11 0.373047 0.834722 0.042969 0.105556
11 0.444141 0.260417 0.067969 0.112500
11 0.469141 0.554167 0.064844 0.116667
11 0.482812 0.422222 0.048438 0.108333
12 0.544531 0.356944 0.045312 0.105556
14 0.350391 0.336111 0.049219 0.111111
15 0.259375 0.375000 0.059375 0.119444
16 0.256250 0.831250 0.062500 0.090278
16 0.496875 0.807639 0.040625 0.098611
16 0.558594 0.497917 0.050000 0.112500
16 0.612109 0.602083 0.053906 0.112500
17 0.539844 0.634722 0.045312 0.105556
17 0.581641 0.769444 0.042969 0.102778
18 0.196094 0.365278 0.054688 0.116667
18 0.385937 0.557639 0.060937 0.118056
18 0.435547 0.806250 0.046094 0.106944
19 0.287500 0.243750 0.042188 0.104167
20 0.332031 0.457639 0.067187 0.118056