0 0.204297 0.377778 0.066406 0.111111
0 0.262109 0.207639 0.058594 0.118056
0 0.289062 0.486111 0.064062 0.119444
0 0.339844 0.368056 0.053125 0.113889
0 0.349219 0.572222 0.040625 0.100000
0 0.397266 0.473611 0.052344 0.113889
0 0.414062 0.046528 0.057813 0.076389
0 0.414062 0.121528 0.057813 0.073611
0 0.455078 0.248611 0.058594 0.080556
0 0.458594 0.456250 0.053125 0.115278
0 0.465234 0.686111 0.064844 0.119444
0 0.471094 0.068750 0.056250 0.076389
0 0.479297 0.806250 0.066406 0.104167
0 0.534375 0.610417 0.065625 0.101389
0 0.545312 0.305556 0.067187 0.122222
0 0.565625 0.763889 0.054688 0.119444
0 0.570312 0.458333 0.050000 0.111111
0 0.623437 0.665278 0.051562 0.111111
0 0.637500 0.795139 0.065625 0.115278
0 0.647266 0.359028 0.058594 0.076389
0 0.672656 0.568750 0.064062 0.095833
0 0.708594 0.455556 0.057813 0.075000
0 0.726172 0.685417 0.064844 0.098611
1 0.349219 0.572222 0.040625 0.100000
1 0.397266 0.473611 0.052344 0.113889
1 0.414062 0.121528 0.057813 0.073611
1 0.458594 0.456250 0.053125 0.115278
2 0.339844 0.368056 0.053125 0.113889
2 0.455078 0.248611 0.058594 0.080556
2 0.471094 0.068750 0.056250 0.076389
2 0.545312 0.305556 0.067187 0.122222
2 0.570312 0.458333 0.050000 0.111111
2 0.623437 0.665278 0.051562 0.111111
2 0.637500 0.795139 0.065625 0.115278
2 0.647266 0.359028 0.058594 0.076389
2 0.672656 0.568750 0.064062 0.095833
2 0.708594 0.455556 0.057813 0.075000
2 0.726172 0.685417 0.064844 0.098611
3 0.204297 0.377778 0.066406 0.111111
3 0.262109 0.207639 0.058594 0.118056
3 0.289062 0.486111 0.064062 0.119444
3 0.414062 0.046528 0.057813 0.076389
3 0.465234 0.686111 0.064844 0.119444
3 0.479297 0.806250 0.066406 0.104167
3 0.534375 0.610417 0.065625 0.101389
3 0.565625 0.763889 0.054688 0.119444
5 0.349219 0.572222 0.040625 0.100000
6 0.397266 0.473611 0.052344 0.113889
6 0.458594 0.456250 0.053125 0.115278
7 0.414062 0.121528 0.057813 0.073611
13 0.349219 0.572222 0.040625 0.100000
13 0.397266 0.473611 0.052344 0.113889
15 0.414062 0.121528 0.057813 0.073611
15 0.458594 0.456250 0.053125 0.115278