0 0.128125 0.545139 0.068750 0.126389
0 0.155078 0.700000 0.071094 0.125000
0 0.174219 0.891667 0.065625 0.125000
0 0.178906 0.503472 0.065625 0.126389
0 0.199609 0.637500 0.066406 0.127778
0 0.221484 0.823611 0.055469 0.119444
0 0.232031 0.465278 0.054688 0.116667
0 0.260156 0.609028 0.053125 0.115278
0 0.275391 0.813889 0.049219 0.111111
0 0.308594 0.250000 0.059375 0.086111
0 0.327734 0.642361 0.071094 0.112500
0 0.316016 0.465278 0.044531 0.105556
0 0.359766 0.732639 0.067969 0.123611
0 0.372266 0.407639 0.052344 0.112500
0 0.386719 0.226389 0.064062 0.105556
0 0.392969 0.519444 0.067187 0.122222
0 0.398828 0.795833 0.067969 0.127778
0 0.436719 0.562500 0.059375 0.119444
0 0.456250 0.807639 0.057813 0.123611
0 0.458594 0.262500 0.045312 0.102778
0 0.490625 0.579861 0.043750 0.106944
0 0.505859 0.934028 0.052344 0.115278
0 0.511328 0.798611 0.055469 0.119444
0 0.517969 0.298611 0.046875 0.105556
0 0.556641 0.893750 0.061719 0.123611
0 0.570312 0.342361 0.053125 0.109722
1 0.128125 0.545139 0.068750 0.126389
1 0.178906 0.503472 0.065625 0.126389
1 0.232031 0.465278 0.054688 0.116667
1 0.327734 0.642361 0.071094 0.112500
1 0.316016 0.465278 0.044531 0.105556
1 0.359766 0.732639 0.067969 0.123611
1 0.372266 0.407639 0.052344 0.112500
1 0.392969 0.519444 0.067187 0.122222
1 0.398828 0.795833 0.067969 0.127778
1 0.436719 0.562500 0.059375 0.119444
1 0.456250 0.807639 0.057813 0.123611
1 0.490625 0.579861 0.043750 0.106944
1 0.511328 0.798611 0.055469 0.119444
2 0.155078 0.700000 0.071094 0.125000
2 0.199609 0.637500 0.066406 0.127778
2 0.260156 0.609028 0.053125 0.115278
2 0.308594 0.250000 0.059375 0.086111
2 0.386719 0.226389 0.064062 0.105556
2 0.458594 0.262500 0.045312 0.102778
2 0.517969 0.298611 0.046875 0.105556
2 0.570312 0.342361 0.053125 0.109722
3 0.174219 0.891667 0.065625 0.125000
3 0.221484 0.823611 0.055469 0.119444
3 0.275391 0.813889 0.049219 0.111111
3 0.505859 0.934028 0.052344 0.115278
3 0.556641 0.893750 0.061719 0.123611
7 0.128125 0.545139 0.068750 0.126389
7 0.178906 0.503472 0.065625 0.126389
7 0.232031 0.465278 0.054688 0.116667
7 0.327734 0.642361 0.071094 0.112500
7 0.316016 0.465278 0.044531 0.105556
7 0.359766 0.732639 0.067969 0.123611
7 0.372266 0.407639 0.052344 0.112500
7 0.392969 0.519444 0.067187 0.122222
7 0.398828 0.795833 0.067969 0.127778
7 0.436719 0.562500 0.059375 0.119444
7 0.456250 0.807639 0.057813 0.123611
7 0.490625 0.579861 0.043750 0.106944
7 0.511328 0.798611 0.055469 0.119444
8 0.327734 0.642361 0.071094 0.112500
9 0.359766 0.732639 0.067969 0.123611
10 0.398828 0.795833 0.067969 0.127778
11 0.456250 0.807639 0.057813 0.123611
12 0.511328 0.798611 0.055469 0.119444
13 0.392969 0.519444 0.067187 0.122222
14 0.436719 0.562500 0.059375 0.119444
15 0.490625 0.579861 0.043750 0.106944
16 0.128125 0.545139 0.068750 0.126389
17 0.178906 0.503472 0.065625 0.126389
18 0.232031 0.465278 0.054688 0.116667
19 0.316016 0.465278 0.044531 0.105556
20 0.372266 0.407639 0.052344 0.112500