0 0.113281 0.628472 0.050000 0.109722
0 0.143750 0.490278 0.059375 0.119444
0 0.163281 0.790278 0.062500 0.122222
0 0.171875 0.644444 0.048438 0.108333
0 0.181641 0.250000 0.058594 0.077778
0 0.208594 0.468056 0.062500 0.122222
0 0.232813 0.783333 0.060937 0.122222
0 0.249609 0.252778 0.058594 0.077778
0 0.260547 0.484722 0.058594 0.119444
0 0.278516 0.653472 0.060156 0.120833
0 0.282813 0.793750 0.059375 0.120833
0 0.314063 0.258333 0.057813 0.077778
0 0.337891 0.531250 0.063281 0.123611
0 0.350391 0.645833 0.060156 0.122222
0 0.390234 0.511111 0.060156 0.119444
0 0.398828 0.384028 0.061719 0.087500
0 0.399609 0.923611 0.060156 0.122222
0 0.400781 0.629861 0.059375 0.120833
0 0.444141 0.508333 0.052344 0.113889
0 0.451172 0.631944 0.057031 0.119444
0 0.453125 0.904167 0.056250 0.119444
0 0.498047 0.501389 0.055469 0.116667
0 0.503906 0.623611 0.057813 0.119444
0 0.524219 0.888889 0.059375 0.122222
0 0.567969 0.754861 0.065625 0.104167
0 0.573438 0.667361 0.064062 0.098611
0 0.574609 0.579167 0.063281 0.094444
0 0.575781 0.494444 0.062500 0.094444
0 0.574609 0.878472 0.060156 0.120833
0 0.578125 0.406250 0.065625 0.106944
1 0.181641 0.250000 0.058594 0.077778
1 0.249609 0.252778 0.058594 0.077778
1 0.314063 0.258333 0.057813 0.077778
1 0.337891 0.531250 0.063281 0.123611
1 0.350391 0.645833 0.060156 0.122222
1 0.390234 0.511111 0.060156 0.119444
1 0.398828 0.384028 0.061719 0.087500
1 0.400781 0.629861 0.059375 0.120833
1 0.444141 0.508333 0.052344 0.113889
1 0.451172 0.631944 0.057031 0.119444
1 0.498047 0.501389 0.055469 0.116667
1 0.503906 0.623611 0.057813 0.119444
2 0.143750 0.490278 0.059375 0.119444
2 0.163281 0.790278 0.062500 0.122222
2 0.208594 0.468056 0.062500 0.122222
2 0.232813 0.783333 0.060937 0.122222
2 0.260547 0.484722 0.058594 0.119444
2 0.282813 0.793750 0.059375 0.120833
2 0.567969 0.754861 0.065625 0.104167
2 0.573438 0.667361 0.064062 0.098611
2 0.574609 0.579167 0.063281 0.094444
2 0.575781 0.494444 0.062500 0.094444
2 0.578125 0.406250 0.065625 0.106944
3 0.113281 0.628472 0.050000 0.109722
3 0.171875 0.644444 0.048438 0.108333
3 0.278516 0.653472 0.060156 0.120833
3 0.399609 0.923611 0.060156 0.122222
3 0.453125 0.904167 0.056250 0.119444
3 0.524219 0.888889 0.059375 0.122222
3 0.574609 0.878472 0.060156 0.120833
6 0.181641 0.250000 0.058594 0.077778
6 0.249609 0.252778 0.058594 0.077778
6 0.314063 0.258333 0.057813 0.077778
6 0.337891 0.531250 0.063281 0.123611
6 0.350391 0.645833 0.060156 0.122222
6 0.390234 0.511111 0.060156 0.119444
6 0.398828 0.384028 0.061719 0.087500
6 0.400781 0.629861 0.059375 0.120833
6 0.444141 0.508333 0.052344 0.113889
6 0.451172 0.631944 0.057031 0.119444
6 0.498047 0.501389 0.055469 0.116667
6 0.503906 0.623611 0.057813 0.119444
8 0.181641 0.250000 0.058594 0.077778
9 0.249609 0.252778 0.058594 0.077778
10 0.314063 0.258333 0.057813 0.077778
12 0.350391 0.645833 0.060156 0.122222
13 0.400781 0.629861 0.059375 0.120833
14 0.451172 0.631944 0.057031 0.119444
15 0.503906 0.623611 0.057813 0.119444
16 0.337891 0.531250 0.063281 0.123611
17 0.390234 0.511111 0.060156 0.119444
18 0.444141 0.508333 0.052344 0.113889
19 0.498047 0.501389 0.055469 0.116667
20 0.398828 0.384028 0.061719 0.087500