0 0.102734 0.655556 0.052344 0.113889
0 0.153906 0.543056 0.043750 0.102778
0 0.165234 0.720833 0.052344 0.116667
0 0.196484 0.365278 0.055469 0.116667
0 0.242969 0.518056 0.057813 0.116667
0 0.248438 0.703472 0.045312 0.106944
0 0.259375 0.375000 0.059375 0.119444
0 0.276562 0.834028 0.067187 0.104167
0 0.309766 0.581250 0.064844 0.120833
0 0.317969 0.708333 0.060937 0.116667
0 0.331641 0.457639 0.067969 0.118056
0 0.350391 0.334028 0.049219 0.112500
0 0.385937 0.557639 0.060937 0.118056
0 0.376953 0.700000 0.042969 0.105556
0 0.389062 0.817361 0.040625 0.101389
0 0.412891 0.408333 0.047656 0.105556
0 0.423828 0.688194 0.047656 0.106944
0 0.444531 0.260417 0.067187 0.112500
0 0.453906 0.812500 0.054688 0.116667
0 0.470313 0.554167 0.065625 0.116667
0 0.478516 0.676389 0.041406 0.100000
0 0.482812 0.422222 0.048438 0.108333
0 0.539844 0.632639 0.045312 0.106944
0 0.558203 0.498611 0.050781 0.111111
0 0.581641 0.769444 0.042969 0.102778
0 0.612109 0.601389 0.053906 0.113889
1 0.102734 0.655556 0.052344 0.113889
1 0.153906 0.543056 0.043750 0.102778
1 0.196484 0.365278 0.055469 0.116667
1 0.242969 0.518056 0.057813 0.116667
1 0.248438 0.703472 0.045312 0.106944
1 0.259375 0.375000 0.059375 0.119444
1 0.276562 0.834028 0.067187 0.104167
1 0.309766 0.581250 0.064844 0.120833
1 0.317969 0.708333 0.060937 0.116667
1 0.331641 0.457639 0.067969 0.118056
1 0.350391 0.334028 0.049219 0.112500
1 0.385937 0.557639 0.060937 0.118056
1 0.376953 0.700000 0.042969 0.105556
1 0.389062 0.817361 0.040625 0.101389
1 0.412891 0.408333 0.047656 0.105556
1 0.423828 0.688194 0.047656 0.106944
1 0.444531 0.260417 0.067187 0.112500
1 0.453906 0.812500 0.054688 0.116667
1 0.470313 0.554167 0.065625 0.116667
1 0.478516 0.676389 0.041406 0.100000
1 0.482812 0.422222 0.048438 0.108333
1 0.539844 0.632639 0.045312 0.106944
1 0.558203 0.498611 0.050781 0.111111
1 0.581641 0.769444 0.042969 0.102778
1 0.612109 0.601389 0.053906 0.113889
2 0.165234 0.720833 0.052344 0.116667
4 0.196484 0.365278 0.055469 0.116667
4 0.248438 0.703472 0.045312 0.106944
4 0.259375 0.375000 0.059375 0.119444
4 0.317969 0.708333 0.060937 0.116667
4 0.350391 0.334028 0.049219 0.112500
4 0.470313 0.554167 0.065625 0.116667
4 0.539844 0.632639 0.045312 0.106944
4 0.612109 0.601389 0.053906 0.113889
5 0.102734 0.655556 0.052344 0.113889
5 0.385937 0.557639 0.060937 0.118056
5 0.412891 0.408333 0.047656 0.105556
5 0.453906 0.812500 0.054688 0.116667
5 0.478516 0.676389 0.041406 0.100000
5 0.482812 0.422222 0.048438 0.108333
5 0.558203 0.498611 0.050781 0.111111
6 0.153906 0.543056 0.043750 0.102778
6 0.242969 0.518056 0.057813 0.116667
6 0.389062 0.817361 0.040625 0.101389
6 0.423828 0.688194 0.047656 0.106944
6 0.444531 0.260417 0.067187 0.112500
7 0.276562 0.834028 0.067187 0.104167
7 0.309766 0.581250 0.064844 0.120833
7 0.331641 0.457639 0.067969 0.118056
7 0.376953 0.700000 0.042969 0.105556
7 0.581641 0.769444 0.042969 0.102778
8 0.153906 0.543056 0.043750 0.102778
8 0.317969 0.708333 0.060937 0.116667
9 0.412891 0.408333 0.047656 0.105556
10 0.248438 0.703472 0.045312 0.106944
10 0.478516 0.676389 0.041406 0.100000
11 0.376953 0.700000 0.042969 0.105556
11 0.444531 0.260417 0.067187 0.112500
11 0.470313 0.554167 0.065625 0.116667
11 0.482812 0.422222 0.048438 0.108333
12 0.453906 0.812500 0.054688 0.116667
13 0.309766 0.581250 0.064844 0.120833
14 0.350391 0.334028 0.049219 0.112500
15 0.259375 0.375000 0.059375 0.119444
16 0.276562 0.834028 0.067187 0.104167
16 0.389062 0.817361 0.040625 0.101389
16 0.558203 0.498611 0.050781 0.111111
16 0.612109 0.601389 0.053906 0.113889
17 0.242969 0.518056 0.057813 0.116667
17 0.539844 0.632639 0.045312 0.106944
17 0.581641 0.769444 0.042969 0.102778
18 0.196484 0.365278 0.055469 0.116667
18 0.385937 0.557639 0.060937 0.118056
18 0.423828 0.688194 0.047656 0.106944
19 0.102734 0.655556 0.052344 0.113889
20 0.331641 0.457639 0.067969 0.118056