0 0.393750 0.357639 0.043750 0.104167
0 0.425781 0.118750 0.067187 0.118056
0 0.450781 0.622222 0.043750 0.105556
0 0.475000 0.387500 0.065625 0.113889
0 0.477344 0.194444 0.060937 0.116667
0 0.481641 0.529167 0.055469 0.111111
0 0.556250 0.476389 0.059375 0.080556
0 0.601562 0.341667 0.048438 0.111111
0 0.621875 0.087500 0.065625 0.088889
0 0.614844 0.568750 0.046875 0.106944
0 0.636719 0.688194 0.057813 0.073611
0 0.652734 0.198611 0.058594 0.116667
0 0.657031 0.440972 0.065625 0.104167
0 0.678906 0.337500 0.059375 0.080556
0 0.716797 0.606250 0.066406 0.098611
0 0.717187 0.244444 0.046875 0.105556
0 0.741406 0.469444 0.062500 0.122222
0 0.776563 0.306250 0.062500 0.115278
1 0.393750 0.357639 0.043750 0.104167
1 0.741406 0.469444 0.062500 0.122222
2 0.450781 0.622222 0.043750 0.105556
2 0.475000 0.387500 0.065625 0.113889
2 0.477344 0.194444 0.060937 0.116667
2 0.481641 0.529167 0.055469 0.111111
2 0.556250 0.476389 0.059375 0.080556
2 0.601562 0.341667 0.048438 0.111111
2 0.636719 0.688194 0.057813 0.073611
2 0.652734 0.198611 0.058594 0.116667
2 0.657031 0.440972 0.065625 0.104167
2 0.776563 0.306250 0.062500 0.115278
3 0.425781 0.118750 0.067187 0.118056
3 0.621875 0.087500 0.065625 0.088889
3 0.614844 0.568750 0.046875 0.106944
3 0.678906 0.337500 0.059375 0.080556
3 0.716797 0.606250 0.066406 0.098611
3 0.717187 0.244444 0.046875 0.105556
7 0.393750 0.357639 0.043750 0.104167
7 0.741406 0.469444 0.062500 0.122222
8 0.741406 0.469444 0.062500 0.122222
14 0.393750 0.357639 0.043750 0.104167