0 0.254688 0.767361 0.051562 0.112500
0 0.263672 0.543750 0.047656 0.109722
0 0.317578 0.747222 0.046094 0.105556
0 0.321875 0.468056 0.053125 0.113889
0 0.331641 0.612500 0.047656 0.105556
0 0.375781 0.727778 0.039062 0.100000
0 0.380469 0.850000 0.042188 0.102778
0 0.393359 0.600000 0.042969 0.102778
0 0.403516 0.446528 0.041406 0.101389
0 0.427734 0.845833 0.041406 0.102778
0 0.433984 0.723611 0.044531 0.105556
0 0.442969 0.571528 0.042188 0.101389
0 0.470703 0.840278 0.039844 0.102778
0 0.471484 0.443750 0.039844 0.098611
0 0.482812 0.700000 0.051562 0.111111
0 0.509375 0.559722 0.043750 0.102778
0 0.600000 0.519444 0.045312 0.102778
1 0.254688 0.767361 0.051562 0.112500
1 0.263672 0.543750 0.047656 0.109722
1 0.317578 0.747222 0.046094 0.105556
1 0.321875 0.468056 0.053125 0.113889
1 0.331641 0.612500 0.047656 0.105556
1 0.375781 0.727778 0.039062 0.100000
1 0.380469 0.850000 0.042188 0.102778
1 0.393359 0.600000 0.042969 0.102778
1 0.427734 0.845833 0.041406 0.102778
1 0.433984 0.723611 0.044531 0.105556
1 0.442969 0.571528 0.042188 0.101389
1 0.470703 0.840278 0.039844 0.102778
1 0.482812 0.700000 0.051562 0.111111
1 0.509375 0.559722 0.043750 0.102778
2 0.471484 0.443750 0.039844 0.098611
3 0.403516 0.446528 0.041406 0.101389
3 0.600000 0.519444 0.045312 0.102778
4 0.254688 0.767361 0.051562 0.112500
4 0.331641 0.612500 0.047656 0.105556
4 0.482812 0.700000 0.051562 0.111111
4 0.509375 0.559722 0.043750 0.102778
5 0.317578 0.747222 0.046094 0.105556
5 0.380469 0.850000 0.042188 0.102778
5 0.427734 0.845833 0.041406 0.102778
5 0.433984 0.723611 0.044531 0.105556
6 0.263672 0.543750 0.047656 0.109722
6 0.321875 0.468056 0.053125 0.113889
6 0.375781 0.727778 0.039062 0.100000
6 0.393359 0.600000 0.042969 0.102778
6 0.442969 0.571528 0.042188 0.101389
7 0.470703 0.840278 0.039844 0.102778
8 0.380469 0.850000 0.042188 0.102778
9 0.321875 0.468056 0.053125 0.113889
10 0.393359 0.600000 0.042969 0.102778
11 0.263672 0.543750 0.047656 0.109722
12 0.427734 0.845833 0.041406 0.102778
12 0.509375 0.559722 0.043750 0.102778
14 0.331641 0.612500 0.047656 0.105556
14 0.433984 0.723611 0.044531 0.105556
15 0.442969 0.571528 0.042188 0.101389
15 0.482812 0.700000 0.051562 0.111111
16 0.254688 0.767361 0.051562 0.112500
16 0.470703 0.840278 0.039844 0.102778
18 0.375781 0.727778 0.039062 0.100000
19 0.317578 0.747222 0.046094 0.105556