0 0.353125 0.661111 0.056250 0.113889
0 0.414844 0.684722 0.045312 0.105556
0 0.439453 0.363889 0.066406 0.105556
0 0.480859 0.502083 0.049219 0.109722
0 0.518359 0.256250 0.066406 0.118056
0 0.518750 0.388889 0.050000 0.105556
0 0.559766 0.629167 0.058594 0.116667
0 0.567187 0.480556 0.062500 0.097222
0 0.575000 0.343056 0.062500 0.113889
0 0.625391 0.402778 0.063281 0.116667
0 0.621875 0.701389 0.046875 0.105556
0 0.632812 0.572917 0.059375 0.115278
0 0.642578 0.902083 0.046094 0.106944
0 0.694922 0.671528 0.058594 0.112500
0 0.697656 0.801389 0.042188 0.100000
0 0.717187 0.342361 0.053125 0.112500
1 0.414844 0.684722 0.045312 0.105556
1 0.518359 0.256250 0.066406 0.118056
1 0.642578 0.902083 0.046094 0.106944
1 0.697656 0.801389 0.042188 0.100000
1 0.717187 0.342361 0.053125 0.112500
2 0.439453 0.363889 0.066406 0.105556
3 0.353125 0.661111 0.056250 0.113889
3 0.480859 0.502083 0.049219 0.109722
3 0.518750 0.388889 0.050000 0.105556
3 0.559766 0.629167 0.058594 0.116667
3 0.567187 0.480556 0.062500 0.097222
3 0.575000 0.343056 0.062500 0.113889
3 0.625391 0.402778 0.063281 0.116667
3 0.621875 0.701389 0.046875 0.105556
3 0.632812 0.572917 0.059375 0.115278
3 0.694922 0.671528 0.058594 0.112500
4 0.414844 0.684722 0.045312 0.105556
5 0.697656 0.801389 0.042188 0.100000
6 0.642578 0.902083 0.046094 0.106944
7 0.518359 0.256250 0.066406 0.118056
7 0.717187 0.342361 0.053125 0.112500
8 0.518359 0.256250 0.066406 0.118056
10 0.717187 0.342361 0.053125 0.112500
11 0.697656 0.801389 0.042188 0.100000
12 0.414844 0.684722 0.045312 0.105556
18 0.642578 0.902083 0.046094 0.106944