0 0.278906 0.417361 0.064062 0.106944
0 0.333984 0.251389 0.057031 0.116667
0 0.359375 0.522222 0.062500 0.116667
0 0.409375 0.404861 0.051562 0.112500
0 0.416016 0.605556 0.039844 0.102778
0 0.466406 0.507639 0.051562 0.112500
0 0.481250 0.081250 0.057813 0.073611
0 0.513672 0.248611 0.063281 0.094444
0 0.525391 0.490972 0.052344 0.115278
0 0.532813 0.720833 0.064062 0.122222
0 0.538672 0.081944 0.060156 0.075000
0 0.549219 0.843750 0.065625 0.106944
0 0.597656 0.090972 0.057813 0.079167
0 0.603125 0.647222 0.065625 0.102778
0 0.613281 0.338889 0.068750 0.119444
0 0.635938 0.801389 0.056250 0.119444
0 0.639062 0.491667 0.050000 0.111111
0 0.693750 0.702083 0.053125 0.112500
0 0.710156 0.836111 0.067187 0.116667
0 0.718750 0.392361 0.060937 0.079167
0 0.744141 0.605556 0.066406 0.097222
0 0.781641 0.487500 0.060156 0.077778
0 0.802734 0.725000 0.066406 0.100000
1 0.416016 0.605556 0.039844 0.102778
1 0.466406 0.507639 0.051562 0.112500
1 0.481250 0.081250 0.057813 0.073611
1 0.525391 0.490972 0.052344 0.115278
2 0.409375 0.404861 0.051562 0.112500
2 0.513672 0.248611 0.063281 0.094444
2 0.597656 0.090972 0.057813 0.079167
2 0.613281 0.338889 0.068750 0.119444
2 0.639062 0.491667 0.050000 0.111111
2 0.693750 0.702083 0.053125 0.112500
2 0.710156 0.836111 0.067187 0.116667
2 0.718750 0.392361 0.060937 0.079167
2 0.744141 0.605556 0.066406 0.097222
2 0.781641 0.487500 0.060156 0.077778
2 0.802734 0.725000 0.066406 0.100000
3 0.278906 0.417361 0.064062 0.106944
3 0.333984 0.251389 0.057031 0.116667
3 0.359375 0.522222 0.062500 0.116667
3 0.532813 0.720833 0.064062 0.122222
3 0.538672 0.081944 0.060156 0.075000
3 0.549219 0.843750 0.065625 0.106944
3 0.603125 0.647222 0.065625 0.102778
3 0.635938 0.801389 0.056250 0.119444
5 0.416016 0.605556 0.039844 0.102778
6 0.466406 0.507639 0.051562 0.112500
6 0.525391 0.490972 0.052344 0.115278
7 0.481250 0.081250 0.057813 0.073611
13 0.416016 0.605556 0.039844 0.102778
13 0.466406 0.507639 0.051562 0.112500
15 0.481250 0.081250 0.057813 0.073611
15 0.525391 0.490972 0.052344 0.115278