0 0.270703 0.631250 0.058594 0.112500
0 0.267188 0.484028 0.042188 0.098611
0 0.311328 0.505556 0.039844 0.097222
0 0.362500 0.487500 0.050000 0.105556
0 0.411719 0.190278 0.056250 0.075000
0 0.453125 0.537500 0.059375 0.116667
0 0.468750 0.182639 0.056250 0.076389
0 0.485156 0.394444 0.065625 0.119444
0 0.511328 0.867361 0.061719 0.120833
0 0.528125 0.603472 0.065625 0.120833
0 0.525000 0.179167 0.056250 0.075000
0 0.573828 0.472222 0.064844 0.119444
0 0.582422 0.845139 0.058594 0.120833
0 0.583594 0.173611 0.057813 0.075000
0 0.605469 0.643056 0.050000 0.111111
0 0.632031 0.522222 0.057813 0.116667
0 0.653125 0.362500 0.051562 0.111111
0 0.667578 0.711111 0.058594 0.119444
0 0.700781 0.581944 0.070312 0.122222
0 0.744531 0.721528 0.071875 0.120833
1 0.411719 0.190278 0.056250 0.075000
1 0.468750 0.182639 0.056250 0.076389
1 0.525000 0.179167 0.056250 0.075000
1 0.583594 0.173611 0.057813 0.075000
2 0.270703 0.631250 0.058594 0.112500
2 0.267188 0.484028 0.042188 0.098611
2 0.311328 0.505556 0.039844 0.097222
2 0.362500 0.487500 0.050000 0.105556
2 0.453125 0.537500 0.059375 0.116667
2 0.485156 0.394444 0.065625 0.119444
2 0.573828 0.472222 0.064844 0.119444
2 0.632031 0.522222 0.057813 0.116667
2 0.700781 0.581944 0.070312 0.122222
3 0.511328 0.867361 0.061719 0.120833
3 0.528125 0.603472 0.065625 0.120833
3 0.582422 0.845139 0.058594 0.120833
3 0.605469 0.643056 0.050000 0.111111
3 0.653125 0.362500 0.051562 0.111111
3 0.667578 0.711111 0.058594 0.119444
3 0.744531 0.721528 0.071875 0.120833
6 0.411719 0.190278 0.056250 0.075000
6 0.468750 0.182639 0.056250 0.076389
6 0.525000 0.179167 0.056250 0.075000
6 0.583594 0.173611 0.057813 0.075000
10 0.583594 0.173611 0.057813 0.075000
11 0.525000 0.177778 0.056250 0.075000
16 0.411719 0.190278 0.056250 0.075000
19 0.468750 0.182639 0.056250 0.076389