0 0.203906 0.834028 0.064062 0.084722
0 0.207813 0.526389 0.067187 0.111111
0 0.220703 0.620139 0.066406 0.087500
0 0.220703 0.620139 0.066406 0.087500
0 0.266406 0.740278 0.068750 0.111111
0 0.269922 0.478472 0.067969 0.118056
0 0.299609 0.367361 0.063281 0.101389
0 0.303516 0.855556 0.057031 0.072222
0 0.327344 0.604167 0.065625 0.108333
0 0.351953 0.725694 0.061719 0.084722
0 0.376172 0.831250 0.058594 0.076389
0 0.384375 0.320833 0.064062 0.094444
0 0.395703 0.463889 0.053906 0.111111
0 0.420703 0.636111 0.057031 0.069444
0 0.433984 0.741667 0.060156 0.086111
0 0.444922 0.329167 0.055469 0.113889
0 0.456641 0.212500 0.046094 0.105556
0 0.487109 0.563889 0.057031 0.105556
0 0.490234 0.434722 0.057031 0.113889
0 0.500000 0.807639 0.056250 0.073611
0 0.508984 0.690278 0.060156 0.102778
0 0.521875 0.306250 0.062500 0.118056
0 0.544531 0.494444 0.064062 0.102778
0 0.569922 0.601389 0.049219 0.105556
0 0.576562 0.390278 0.059375 0.080556
0 0.582422 0.786111 0.061719 0.094444
0 0.607031 0.511111 0.043750 0.102778
0 0.617188 0.240278 0.045312 0.105556
0 0.655859 0.423611 0.055469 0.119444
0 0.659375 0.567361 0.059375 0.073611
0 0.659375 0.699306 0.054688 0.070833
0 0.705469 0.408333 0.059375 0.116667
0 0.738281 0.531944 0.059375 0.116667
0 0.735156 0.756944 0.053125 0.069444
0 0.740625 0.344444 0.060937 0.111111
0 0.791016 0.442361 0.063281 0.109722
0 0.794531 0.261806 0.062500 0.098611
0 0.807422 0.675694 0.058594 0.084722
0 0.828516 0.559722 0.061719 0.116667
1 0.203906 0.834028 0.064062 0.084722
1 0.207813 0.526389 0.067187 0.111111
1 0.220703 0.620139 0.066406 0.087500
1 0.220703 0.620139 0.066406 0.087500
1 0.266406 0.740278 0.068750 0.111111
1 0.269922 0.478472 0.067969 0.118056
1 0.299609 0.367361 0.063281 0.101389
1 0.303516 0.855556 0.057031 0.072222
1 0.327344 0.604167 0.065625 0.108333
1 0.351953 0.725694 0.061719 0.084722
1 0.376172 0.831250 0.058594 0.076389
1 0.384375 0.320833 0.064062 0.094444
1 0.395703 0.463889 0.053906 0.111111
1 0.420703 0.636111 0.057031 0.069444
1 0.433984 0.741667 0.060156 0.086111
1 0.444922 0.329167 0.055469 0.113889
1 0.487109 0.563889 0.057031 0.105556
1 0.490234 0.434722 0.057031 0.113889
1 0.500000 0.807639 0.056250 0.073611
1 0.508984 0.690278 0.060156 0.102778
1 0.521875 0.306250 0.062500 0.118056
1 0.544531 0.494444 0.064062 0.102778
1 0.569922 0.601389 0.049219 0.105556
1 0.576562 0.390278 0.059375 0.080556
1 0.582422 0.786111 0.061719 0.094444
1 0.607031 0.511111 0.043750 0.102778
1 0.617188 0.240278 0.045312 0.105556
1 0.655859 0.423611 0.055469 0.119444
1 0.659375 0.567361 0.059375 0.073611
1 0.659375 0.699306 0.054688 0.070833
1 0.705469 0.408333 0.059375 0.116667
1 0.738281 0.531944 0.059375 0.116667
1 0.735156 0.756944 0.053125 0.069444
1 0.740625 0.344444 0.060937 0.111111
1 0.791016 0.442361 0.063281 0.109722
1 0.794531 0.261806 0.062500 0.098611
1 0.807422 0.675694 0.058594 0.084722
1 0.828516 0.559722 0.061719 0.116667
2 0.456641 0.212500 0.046094 0.105556
4 0.207813 0.526389 0.067187 0.111111
4 0.220703 0.620139 0.066406 0.087500
4 0.384375 0.320833 0.064062 0.094444
4 0.433984 0.741667 0.060156 0.086111
4 0.487109 0.563889 0.057031 0.105556
4 0.500000 0.807639 0.056250 0.073611
5 0.266406 0.740278 0.068750 0.111111
5 0.303516 0.855556 0.057031 0.072222
5 0.327344 0.604167 0.065625 0.108333
5 0.351953 0.725694 0.061719 0.084722
5 0.376172 0.831250 0.058594 0.076389
5 0.490234 0.434722 0.057031 0.113889
5 0.582422 0.786111 0.061719 0.094444
5 0.659375 0.699306 0.054688 0.070833
5 0.738281 0.531944 0.059375 0.116667
5 0.791016 0.442361 0.063281 0.109722
6 0.269922 0.478472 0.067969 0.118056
6 0.420703 0.636111 0.057031 0.069444
6 0.444922 0.329167 0.055469 0.113889
6 0.508984 0.690278 0.060156 0.102778
6 0.576562 0.390278 0.059375 0.080556
6 0.617188 0.240278 0.045312 0.105556
6 0.735156 0.756944 0.053125 0.069444
6 0.740625 0.344444 0.060937 0.111111
6 0.807422 0.675694 0.058594 0.084722
6 0.828516 0.559722 0.061719 0.116667
7 0.203906 0.834028 0.064062 0.084722
7 0.220703 0.620139 0.066406 0.087500
7 0.299609 0.367361 0.063281 0.101389
7 0.395703 0.463889 0.053906 0.111111
7 0.521875 0.306250 0.062500 0.118056
7 0.544531 0.494444 0.064062 0.102778
7 0.569922 0.601389 0.049219 0.105556
7 0.607031 0.511111 0.043750 0.102778
7 0.655859 0.423611 0.055469 0.119444
7 0.659375 0.567361 0.059375 0.073611
7 0.705469 0.408333 0.059375 0.116667
7 0.794531 0.261806 0.062500 0.098611
8 0.395703 0.463889 0.053906 0.111111
8 0.433984 0.741667 0.060156 0.086111
8 0.444922 0.329167 0.055469 0.113889
8 0.659375 0.699306 0.054688 0.070833
9 0.220703 0.620139 0.066406 0.087500
9 0.266406 0.740278 0.068750 0.111111
9 0.607031 0.511111 0.043750 0.102778
9 0.617188 0.240278 0.045312 0.105556
10 0.500000 0.807639 0.056250 0.073611
10 0.659375 0.567361 0.059375 0.073611
10 0.740625 0.344444 0.060937 0.111111
11 0.203906 0.834028 0.064062 0.084722
11 0.351953 0.725694 0.061719 0.084722
11 0.487109 0.563889 0.057031 0.105556
11 0.828516 0.559722 0.061719 0.116667
12 0.521875 0.306250 0.062500 0.118056
12 0.582422 0.786111 0.061719 0.094444
13 0.576562 0.390278 0.059375 0.080556
13 0.655859 0.423611 0.055469 0.119444
13 0.791016 0.442361 0.063281 0.109722
14 0.299609 0.367361 0.063281 0.101389
14 0.303516 0.855556 0.057031 0.072222
15 0.376172 0.831250 0.058594 0.076389
16 0.207813 0.526389 0.067187 0.111111
16 0.269922 0.478472 0.067969 0.118056
16 0.738281 0.531944 0.059375 0.116667
17 0.384375 0.320833 0.064062 0.094444
17 0.490234 0.434722 0.057031 0.113889
17 0.544531 0.494444 0.064062 0.102778
17 0.807422 0.675694 0.058594 0.084722
18 0.327344 0.604167 0.065625 0.108333
18 0.420703 0.636111 0.057031 0.069444
18 0.705469 0.408333 0.059375 0.116667
19 0.735156 0.756944 0.053125 0.069444
19 0.794531 0.261806 0.062500 0.098611
20 0.508984 0.690278 0.060156 0.102778
20 0.569922 0.601389 0.049219 0.105556