0 0.150000 0.626389 0.064062 0.122222
0 0.196875 0.564583 0.065625 0.123611
0 0.228125 0.729167 0.059375 0.122222
0 0.243359 0.495139 0.064844 0.123611
0 0.271875 0.651389 0.057813 0.119444
0 0.324219 0.325000 0.057813 0.077778
0 0.359766 0.711111 0.042969 0.105556
0 0.365234 0.595833 0.042969 0.105556
0 0.387500 0.331250 0.056250 0.076389
0 0.411719 0.597222 0.042188 0.105556
0 0.425391 0.493750 0.058594 0.081944
0 0.448047 0.336111 0.057031 0.077778
0 0.457031 0.595139 0.043750 0.104167
0 0.510156 0.336111 0.062500 0.094444
0 0.506250 0.715278 0.042188 0.105556
0 0.509375 0.593750 0.043750 0.104167
0 0.577734 0.443750 0.058594 0.081944
0 0.576562 0.538889 0.056250 0.077778
0 0.582812 0.635417 0.054688 0.073611
0 0.589063 0.817361 0.056250 0.076389
0 0.589844 0.727778 0.056250 0.075000
1 0.324219 0.325000 0.057813 0.077778
1 0.359766 0.711111 0.042969 0.105556
1 0.365234 0.595833 0.042969 0.105556
1 0.387500 0.331250 0.056250 0.076389
1 0.411719 0.597222 0.042188 0.105556
1 0.425391 0.493750 0.058594 0.081944
1 0.448047 0.336111 0.057031 0.077778
1 0.457031 0.595139 0.043750 0.104167
1 0.510156 0.336111 0.062500 0.094444
1 0.506250 0.715278 0.042188 0.105556
1 0.509375 0.593750 0.043750 0.104167
2 0.150000 0.626389 0.064062 0.122222
2 0.196875 0.564583 0.065625 0.123611
2 0.243359 0.495139 0.064844 0.123611
2 0.577734 0.443750 0.058594 0.081944
2 0.576562 0.538889 0.056250 0.077778
2 0.582812 0.635417 0.054688 0.073611
2 0.589063 0.817361 0.056250 0.076389
2 0.589844 0.727778 0.056250 0.075000
3 0.228125 0.729167 0.059375 0.122222
3 0.271875 0.651389 0.057813 0.119444
7 0.324219 0.325000 0.057813 0.077778
7 0.359766 0.711111 0.042969 0.105556
7 0.365234 0.595833 0.042969 0.105556
7 0.387500 0.331250 0.056250 0.076389
7 0.411719 0.597222 0.042188 0.105556
7 0.425391 0.493750 0.058594 0.081944
7 0.448047 0.336111 0.057031 0.077778
7 0.457031 0.595139 0.043750 0.104167
7 0.510156 0.336111 0.062500 0.094444
7 0.506250 0.715278 0.042188 0.105556
7 0.509375 0.593750 0.043750 0.104167
8 0.324219 0.325000 0.057813 0.077778
9 0.387500 0.331250 0.056250 0.076389
10 0.448047 0.336111 0.057031 0.077778
11 0.510156 0.336111 0.062500 0.094444
12 0.359766 0.711111 0.042969 0.105556
15 0.506250 0.715278 0.042188 0.105556
16 0.365234 0.595833 0.042969 0.105556
17 0.411719 0.597222 0.042188 0.105556
18 0.457031 0.595139 0.043750 0.104167
19 0.509375 0.593750 0.043750 0.104167
20 0.425391 0.493750 0.058594 0.081944