0 0.296484 0.413889 0.046094 0.102778
0 0.333984 0.561111 0.060156 0.100000
0 0.338281 0.763889 0.059375 0.091667
0 0.377734 0.672222 0.063281 0.094444
0 0.472266 0.768750 0.050781 0.115278
0 0.546875 0.507639 0.046875 0.106944
1 0.546875 0.507639 0.046875 0.106944
2 0.296484 0.413889 0.046094 0.102778
2 0.333984 0.561111 0.060156 0.100000
2 0.472266 0.768750 0.050781 0.115278
3 0.338281 0.763889 0.059375 0.091667
3 0.377734 0.672222 0.063281 0.094444
4 0.546875 0.507639 0.046875 0.106944
20 0.546875 0.507639 0.046875 0.106944