0 0.363281 0.528472 0.067187 0.115278
0 0.399219 0.440972 0.067187 0.112500
0 0.403516 0.643056 0.063281 0.119444
0 0.409766 0.320833 0.058594 0.083333
0 0.478125 0.412500 0.062500 0.108333
0 0.492578 0.122917 0.055469 0.115278
0 0.530859 0.095833 0.058594 0.116667
0 0.569922 0.067361 0.055469 0.115278
0 0.574219 0.329861 0.048438 0.109722
0 0.662500 0.587500 0.062500 0.122222
0 0.685156 0.306250 0.067187 0.123611
0 0.729688 0.426389 0.048438 0.108333
0 0.745703 0.191667 0.066406 0.100000
0 0.790234 0.318750 0.061719 0.079167
1 0.363281 0.528472 0.067187 0.115278
1 0.399219 0.440972 0.067187 0.112500
1 0.403516 0.643056 0.063281 0.119444
1 0.409766 0.320833 0.058594 0.083333
2 0.478125 0.412500 0.062500 0.108333
2 0.492578 0.122917 0.055469 0.115278
2 0.530859 0.095833 0.058594 0.116667
2 0.569922 0.067361 0.055469 0.115278
2 0.662500 0.587500 0.062500 0.122222
3 0.574219 0.329861 0.048438 0.109722
3 0.685156 0.306250 0.067187 0.123611
3 0.729688 0.426389 0.048438 0.108333
3 0.745703 0.191667 0.066406 0.100000
3 0.790234 0.318750 0.061719 0.079167
4 0.403516 0.643056 0.063281 0.119444
5 0.409766 0.320833 0.058594 0.083333
6 0.399219 0.440972 0.067187 0.112500
7 0.363281 0.528472 0.067187 0.115278
9 0.363281 0.528472 0.067187 0.115278
9 0.399219 0.440972 0.067187 0.112500
14 0.403516 0.643056 0.063281 0.119444
15 0.409766 0.320833 0.058594 0.083333