0 0.340625 0.538889 0.049219 0.109722
0 0.389062 0.694444 0.064844 0.119444
0 0.403906 0.451389 0.053906 0.112500
0 0.451562 0.887500 0.062500 0.119444
0 0.459375 0.663889 0.067187 0.112500
0 0.464844 0.465278 0.043750 0.104167
0 0.490625 0.768056 0.051562 0.115278
0 0.503906 0.559722 0.064062 0.105556
0 0.508594 0.379167 0.064062 0.122222
0 0.556250 0.634722 0.062500 0.086111
0 0.566406 0.454167 0.062500 0.098611
0 0.574219 0.345833 0.061719 0.101389
0 0.589844 0.800000 0.060156 0.084722
0 0.610156 0.256944 0.062500 0.116667
0 0.619531 0.519444 0.064844 0.122222
0 0.635156 0.641667 0.067969 0.115278
0 0.635938 0.391667 0.049219 0.112500
0 0.665625 0.790278 0.062500 0.120833
0 0.701562 0.580556 0.067969 0.106944
0 0.707812 0.301389 0.069531 0.118056
0 0.724219 0.720833 0.069531 0.109722
0 0.782031 0.656944 0.060156 0.118056
0 0.778906 0.470833 0.047656 0.109722
0 0.808594 0.781944 0.067969 0.101389
0 0.935156 0.533333 0.051562 0.113889
1 0.619531 0.519444 0.064844 0.122222
1 0.635156 0.641667 0.067969 0.115278
1 0.635938 0.391667 0.049219 0.112500
1 0.701562 0.580556 0.067969 0.106944
1 0.707812 0.301389 0.069531 0.118056
1 0.778906 0.470833 0.047656 0.109722
2 0.340625 0.538889 0.049219 0.109722
2 0.459375 0.663889 0.067187 0.112500
2 0.490625 0.768056 0.051562 0.115278
2 0.503906 0.559722 0.064062 0.105556
2 0.508594 0.379167 0.064062 0.122222
2 0.566406 0.454167 0.062500 0.098611
2 0.574219 0.345833 0.061719 0.101389
2 0.610156 0.256944 0.062500 0.116667
2 0.724219 0.720833 0.069531 0.109722
2 0.782031 0.656944 0.060156 0.118056
2 0.935156 0.533333 0.051562 0.113889
3 0.389062 0.694444 0.064844 0.119444
3 0.403906 0.451389 0.053906 0.112500
3 0.451562 0.887500 0.062500 0.119444
3 0.464844 0.465278 0.043750 0.104167
3 0.556250 0.634722 0.062500 0.086111
3 0.589844 0.800000 0.060156 0.084722
3 0.665625 0.790278 0.062500 0.120833
3 0.808594 0.781944 0.067969 0.101389
4 0.635156 0.641667 0.067969 0.115278
6 0.635938 0.391667 0.049219 0.112500
7 0.619531 0.519444 0.064844 0.122222
7 0.701562 0.580556 0.067969 0.106944
7 0.707812 0.301389 0.069531 0.118056
7 0.778906 0.470833 0.047656 0.109722
8 0.635156 0.641667 0.067969 0.115278
11 0.778906 0.470833 0.047656 0.109722
16 0.701562 0.580556 0.067969 0.106944
17 0.635938 0.391667 0.049219 0.112500
17 0.707812 0.301389 0.069531 0.118056
19 0.619531 0.519444 0.064844 0.122222