0 0.115625 0.597917 0.050000 0.109722
0 0.158594 0.456250 0.067187 0.101389
0 0.176563 0.772222 0.060937 0.083333
0 0.180859 0.630556 0.063281 0.088889
0 0.221484 0.465972 0.053906 0.115278
0 0.243359 0.786111 0.052344 0.113889
0 0.248828 0.612500 0.053906 0.116667
0 0.274219 0.506944 0.065625 0.094444
0 0.300781 0.679167 0.062500 0.086111
0 0.302734 0.815972 0.064844 0.093056
0 0.329688 0.265972 0.064062 0.098611
0 0.375781 0.107639 0.065625 0.104167
0 0.382812 0.501389 0.062500 0.086111
0 0.378125 0.629167 0.043750 0.105556
0 0.382031 0.759722 0.048438 0.111111
0 0.405469 0.888889 0.057813 0.077778
0 0.402344 0.378472 0.042188 0.098611
0 0.435937 0.759722 0.043750 0.105556
0 0.443359 0.621528 0.047656 0.112500
0 0.471875 0.129861 0.059375 0.115278
0 0.467187 0.895139 0.048438 0.112500
0 0.478125 0.484028 0.068750 0.120833
0 0.500000 0.254861 0.056250 0.079167
0 0.562109 0.618750 0.050781 0.115278
0 0.571484 0.488889 0.064844 0.097222
0 0.607812 0.873611 0.059375 0.083333
0 0.613281 0.763889 0.046875 0.108333
0 0.627734 0.636111 0.055469 0.119444
1 0.382812 0.501389 0.062500 0.086111
1 0.378125 0.629167 0.043750 0.105556
1 0.382031 0.759722 0.048438 0.111111
1 0.435937 0.759722 0.043750 0.105556
1 0.443359 0.621528 0.047656 0.112500
1 0.478125 0.484028 0.068750 0.120833
1 0.562109 0.618750 0.050781 0.115278
1 0.571484 0.488889 0.064844 0.097222
1 0.613281 0.763889 0.046875 0.108333
1 0.627734 0.636111 0.055469 0.119444
2 0.158594 0.456250 0.067187 0.101389
2 0.176563 0.772222 0.060937 0.083333
2 0.221484 0.465972 0.053906 0.115278
2 0.243359 0.786111 0.052344 0.113889
2 0.274219 0.506944 0.065625 0.094444
2 0.302734 0.815972 0.064844 0.093056
2 0.329688 0.265972 0.064062 0.098611
2 0.375781 0.107639 0.065625 0.104167
2 0.402344 0.378472 0.042188 0.098611
2 0.471875 0.129861 0.059375 0.115278
2 0.500000 0.254861 0.056250 0.079167
3 0.115625 0.597917 0.050000 0.109722
3 0.180859 0.630556 0.063281 0.088889
3 0.248828 0.612500 0.053906 0.116667
3 0.300781 0.679167 0.062500 0.086111
3 0.405469 0.888889 0.057813 0.077778
3 0.467187 0.895139 0.048438 0.112500
3 0.607812 0.873611 0.059375 0.083333
5 0.382812 0.501389 0.062500 0.086111
5 0.378125 0.629167 0.043750 0.105556
5 0.382031 0.759722 0.048438 0.111111
5 0.435937 0.759722 0.043750 0.105556
5 0.443359 0.621528 0.047656 0.112500
5 0.478125 0.484028 0.068750 0.120833
5 0.562109 0.618750 0.050781 0.115278
5 0.571484 0.488889 0.064844 0.097222
5 0.613281 0.763889 0.046875 0.108333
5 0.627734 0.636111 0.055469 0.119444
8 0.613281 0.763889 0.046875 0.108333
11 0.435937 0.759722 0.043750 0.105556
12 0.382031 0.759722 0.048438 0.111111
13 0.627734 0.636111 0.055469 0.119444
14 0.562109 0.618750 0.050781 0.115278
16 0.443359 0.621528 0.047656 0.112500
17 0.378125 0.629167 0.043750 0.105556
18 0.571484 0.488889 0.064844 0.097222
19 0.478125 0.484028 0.068750 0.120833
20 0.382812 0.501389 0.062500 0.086111