0 0.262891 0.497222 0.053906 0.113889
0 0.287500 0.665972 0.053125 0.112500
0 0.291406 0.418056 0.056250 0.113889
0 0.328516 0.623611 0.052344 0.108333
0 0.343750 0.440972 0.054688 0.115278
0 0.372656 0.631250 0.051562 0.112500
0 0.381250 0.229861 0.043750 0.098611
0 0.411719 0.878472 0.050000 0.112500
0 0.418359 0.462500 0.058594 0.119444
0 0.421484 0.228472 0.041406 0.098611
0 0.452734 0.833333 0.046094 0.108333
0 0.458984 0.645139 0.046094 0.106944
0 0.470703 0.454861 0.060156 0.118056
0 0.462500 0.221528 0.042188 0.101389
0 0.502344 0.663889 0.043750 0.102778
0 0.503906 0.213889 0.040625 0.094444
0 0.543750 0.634028 0.043750 0.104167
0 0.544922 0.206944 0.041406 0.094444
0 0.608984 0.400000 0.060156 0.077778
0 0.614062 0.671528 0.064062 0.095833
0 0.609375 0.770833 0.053125 0.113889
0 0.646875 0.854861 0.067187 0.098611
0 0.665625 0.661111 0.053125 0.116667
1 0.614062 0.671528 0.064062 0.095833
1 0.609375 0.770833 0.053125 0.113889
1 0.646875 0.854861 0.067187 0.098611
1 0.665625 0.661111 0.053125 0.116667
2 0.287500 0.665972 0.053125 0.112500
2 0.328516 0.623611 0.052344 0.108333
2 0.372656 0.631250 0.051562 0.112500
2 0.381250 0.229861 0.043750 0.098611
2 0.421484 0.228472 0.041406 0.098611
2 0.458984 0.645139 0.046094 0.106944
2 0.462500 0.221528 0.042188 0.101389
2 0.502344 0.663889 0.043750 0.102778
2 0.503906 0.213889 0.040625 0.094444
2 0.543750 0.634028 0.043750 0.104167
2 0.544922 0.206944 0.041406 0.094444
3 0.262891 0.497222 0.053906 0.113889
3 0.291406 0.418056 0.056250 0.113889
3 0.343750 0.440972 0.054688 0.115278
3 0.411719 0.878472 0.050000 0.112500
3 0.418359 0.462500 0.058594 0.119444
3 0.452734 0.833333 0.046094 0.108333
3 0.470703 0.454861 0.060156 0.118056
3 0.608984 0.400000 0.060156 0.077778
4 0.609375 0.770833 0.053125 0.113889
4 0.665625 0.661111 0.053125 0.116667
7 0.614062 0.671528 0.064062 0.095833
7 0.646875 0.854861 0.067187 0.098611
8 0.609375 0.770833 0.053125 0.113889
13 0.646875 0.854861 0.067187 0.098611
16 0.665625 0.661111 0.053125 0.116667
18 0.614062 0.671528 0.064062 0.095833