0 0.081250 0.586111 0.050000 0.111111
0 0.125000 0.442361 0.068750 0.101389
0 0.143750 0.761111 0.062500 0.083333
0 0.146484 0.615972 0.063281 0.087500
0 0.190234 0.452778 0.055469 0.116667
0 0.211328 0.775000 0.053906 0.116667
0 0.217578 0.601389 0.055469 0.113889
0 0.244531 0.494444 0.065625 0.097222
0 0.269141 0.668056 0.063281 0.088889
0 0.271484 0.805556 0.066406 0.094444
0 0.390625 0.471528 0.065625 0.104167
0 0.405859 0.659722 0.064844 0.116667
0 0.439063 0.889583 0.050000 0.112500
0 0.480469 0.356944 0.042188 0.100000
0 0.561719 0.501389 0.057813 0.083333
2 0.125000 0.442361 0.068750 0.101389
2 0.143750 0.761111 0.062500 0.083333
2 0.190234 0.452778 0.055469 0.116667
2 0.211328 0.775000 0.053906 0.116667
2 0.244531 0.494444 0.065625 0.097222
2 0.271484 0.805556 0.066406 0.094444
2 0.390625 0.471528 0.065625 0.104167
2 0.405859 0.659722 0.064844 0.116667
2 0.480469 0.356944 0.042188 0.100000
2 0.561719 0.501389 0.057813 0.083333
3 0.081250 0.586111 0.050000 0.111111
3 0.146484 0.615972 0.063281 0.087500
3 0.217578 0.601389 0.055469 0.113889
3 0.269141 0.668056 0.063281 0.088889
3 0.439063 0.889583 0.050000 0.112500