0 0.042188 0.436111 0.059375 0.119444
0 0.042578 0.286111 0.049219 0.111111
0 0.055859 0.554861 0.058594 0.120833
0 0.076953 0.679167 0.057031 0.119444
0 0.107031 0.286111 0.045312 0.105556
0 0.108984 0.419444 0.046094 0.108333
0 0.116016 0.546528 0.057031 0.118056
0 0.139063 0.666667 0.048438 0.108333
0 0.162891 0.281250 0.044531 0.106944
0 0.170313 0.412500 0.048438 0.108333
0 0.180859 0.530556 0.047656 0.108333
0 0.187109 0.659722 0.053906 0.116667
0 0.225000 0.282639 0.046875 0.109722
0 0.229687 0.413889 0.048438 0.111111
0 0.233203 0.527083 0.039844 0.098611
0 0.242188 0.650000 0.043750 0.105556
0 0.281250 0.413889 0.045312 0.105556
0 0.284375 0.287500 0.043750 0.105556
0 0.284375 0.532639 0.042188 0.104167
0 0.287891 0.652083 0.039844 0.098611
0 0.337109 0.531250 0.041406 0.104167
0 0.338672 0.409028 0.041406 0.104167
0 0.339844 0.305556 0.039062 0.100000
0 0.385937 0.531250 0.040625 0.101389
0 0.389062 0.647917 0.042188 0.101389
0 0.389844 0.411111 0.042188 0.102778
0 0.392188 0.301389 0.043750 0.105556
1 0.042188 0.436111 0.059375 0.119444
1 0.042578 0.286111 0.049219 0.111111
1 0.055859 0.554861 0.058594 0.120833
1 0.076953 0.679167 0.057031 0.119444
1 0.107031 0.286111 0.045312 0.105556
1 0.116016 0.546528 0.057031 0.118056
1 0.162891 0.281250 0.044531 0.106944
1 0.187109 0.659722 0.053906 0.116667
1 0.225000 0.282639 0.046875 0.109722
1 0.229687 0.413889 0.048438 0.111111
1 0.337109 0.531250 0.041406 0.104167
1 0.389844 0.411111 0.042188 0.102778
2 0.170313 0.412500 0.048438 0.108333
2 0.180859 0.530556 0.047656 0.108333
2 0.233203 0.527083 0.039844 0.098611
2 0.242188 0.650000 0.043750 0.105556
2 0.281250 0.413889 0.045312 0.105556
2 0.284375 0.532639 0.042188 0.104167
2 0.287891 0.652083 0.039844 0.098611
2 0.338672 0.409028 0.041406 0.104167
2 0.339844 0.305556 0.039062 0.100000
2 0.385937 0.531250 0.040625 0.101389
3 0.108984 0.419444 0.046094 0.108333
3 0.139063 0.666667 0.048438 0.108333
3 0.284375 0.287500 0.043750 0.105556
3 0.389062 0.647917 0.042188 0.101389
3 0.392188 0.301389 0.043750 0.105556
4 0.116016 0.546528 0.057031 0.118056
4 0.162891 0.281250 0.044531 0.106944
4 0.389844 0.411111 0.042188 0.102778
5 0.042578 0.286111 0.049219 0.111111
5 0.055859 0.554861 0.058594 0.120833
6 0.042188 0.436111 0.059375 0.119444
6 0.076953 0.679167 0.057031 0.119444
6 0.107031 0.286111 0.045312 0.105556
6 0.225000 0.282639 0.046875 0.109722
6 0.229687 0.413889 0.048438 0.111111
7 0.187109 0.659722 0.053906 0.116667
7 0.337109 0.531250 0.041406 0.104167
8 0.337109 0.531250 0.041406 0.104167
8 0.389844 0.411111 0.042188 0.102778
10 0.229687 0.413889 0.048438 0.111111
11 0.042188 0.436111 0.059375 0.119444
11 0.116016 0.546528 0.057031 0.118056
11 0.187109 0.659722 0.053906 0.116667
12 0.055859 0.554861 0.058594 0.120833
14 0.225000 0.282639 0.046875 0.109722
15 0.162891 0.281250 0.044531 0.106944
16 0.107031 0.286111 0.045312 0.105556
18 0.042578 0.286111 0.049219 0.111111
19 0.076953 0.679167 0.057031 0.119444