0 0.126172 0.543750 0.067969 0.126389
0 0.153906 0.696528 0.070312 0.123611
0 0.173437 0.890278 0.065625 0.125000
0 0.177734 0.502083 0.066406 0.126389
0 0.198437 0.635417 0.065625 0.123611
0 0.220312 0.821528 0.054688 0.118056
0 0.230469 0.463889 0.054688 0.116667
0 0.258984 0.607639 0.053906 0.115278
0 0.275000 0.810417 0.050000 0.112500
0 0.307812 0.306250 0.065625 0.112500
0 0.325781 0.638889 0.070312 0.119444
0 0.315234 0.463889 0.044531 0.105556
0 0.359375 0.731944 0.068750 0.125000
0 0.371484 0.408333 0.053906 0.113889
0 0.391016 0.518750 0.067969 0.123611
0 0.392188 0.245833 0.062500 0.094444
0 0.397266 0.793750 0.066406 0.126389
0 0.435937 0.561111 0.059375 0.122222
0 0.455078 0.806250 0.057031 0.120833
0 0.452734 0.298611 0.049219 0.108333
0 0.489453 0.577778 0.044531 0.105556
0 0.504687 0.931250 0.053125 0.115278
0 0.509375 0.797222 0.056250 0.119444
0 0.515625 0.297222 0.046875 0.102778
0 0.555859 0.890972 0.061719 0.123611
0 0.568359 0.339583 0.053906 0.109722
1 0.126172 0.543750 0.067969 0.126389
1 0.177734 0.502083 0.066406 0.126389
1 0.230469 0.463889 0.054688 0.116667
1 0.325781 0.638889 0.070312 0.119444
1 0.315234 0.463889 0.044531 0.105556
1 0.359375 0.731944 0.068750 0.125000
1 0.371484 0.408333 0.053906 0.113889
1 0.391016 0.518750 0.067969 0.123611
1 0.397266 0.793750 0.066406 0.126389
1 0.435937 0.561111 0.059375 0.122222
1 0.455078 0.806250 0.057031 0.120833
1 0.489453 0.577778 0.044531 0.105556
1 0.509375 0.797222 0.056250 0.119444
2 0.153906 0.696528 0.070312 0.123611
2 0.198437 0.635417 0.065625 0.123611
2 0.258984 0.607639 0.053906 0.115278
2 0.307812 0.306250 0.065625 0.112500
2 0.392188 0.245833 0.062500 0.094444
2 0.452734 0.298611 0.049219 0.108333
2 0.515625 0.297222 0.046875 0.102778
2 0.568359 0.339583 0.053906 0.109722
3 0.173437 0.890278 0.065625 0.125000
3 0.220312 0.821528 0.054688 0.118056
3 0.275000 0.810417 0.050000 0.112500
3 0.504687 0.931250 0.053125 0.115278
3 0.555859 0.890972 0.061719 0.123611
7 0.126172 0.543750 0.067969 0.126389
7 0.177734 0.502083 0.066406 0.126389
7 0.230469 0.463889 0.054688 0.116667
7 0.325781 0.638889 0.070312 0.119444
7 0.315234 0.463889 0.044531 0.105556
7 0.359375 0.731944 0.068750 0.125000
7 0.371484 0.408333 0.053906 0.113889
7 0.391016 0.518750 0.067969 0.123611
7 0.397266 0.793750 0.066406 0.126389
7 0.435937 0.561111 0.059375 0.122222
7 0.455078 0.806250 0.057031 0.120833
7 0.489453 0.577778 0.044531 0.105556
7 0.509375 0.797222 0.056250 0.119444
8 0.325781 0.638889 0.070312 0.119444
9 0.359375 0.731944 0.068750 0.125000
10 0.397266 0.793750 0.066406 0.126389
11 0.455078 0.806250 0.057031 0.120833
12 0.509375 0.797222 0.056250 0.119444
13 0.391016 0.518750 0.067969 0.123611
14 0.435937 0.561111 0.059375 0.122222
15 0.489453 0.577778 0.044531 0.105556
16 0.126172 0.543750 0.067969 0.126389
17 0.177734 0.502083 0.066406 0.126389
18 0.230469 0.463889 0.054688 0.116667
19 0.315234 0.463889 0.044531 0.105556
20 0.371484 0.408333 0.053906 0.113889