0 0.250000 0.659722 0.042188 0.097222
0 0.295312 0.601389 0.039062 0.094444
0 0.312500 0.487500 0.046875 0.102778
0 0.333984 0.695139 0.052344 0.109722
0 0.350391 0.505556 0.047656 0.102778
0 0.416797 0.538889 0.053906 0.113889
0 0.435156 0.776389 0.065625 0.105556
0 0.435156 0.634722 0.054688 0.116667
0 0.444922 0.193750 0.063281 0.101389
0 0.450391 0.343750 0.042969 0.104167
0 0.467187 0.454167 0.057813 0.116667
0 0.471875 0.845833 0.062500 0.119444
0 0.504687 0.162500 0.056250 0.077778
0 0.531641 0.509722 0.063281 0.122222
0 0.549219 0.795139 0.059375 0.120833
0 0.564453 0.165278 0.060156 0.088889
0 0.572656 0.471528 0.059375 0.118056
0 0.580859 0.700000 0.067969 0.119444
0 0.635938 0.636111 0.067187 0.100000
0 0.650781 0.828472 0.068750 0.123611
0 0.699219 0.878472 0.056250 0.118056
0 0.703516 0.626389 0.063281 0.088889
0 0.760938 0.876389 0.060937 0.119444
1 0.450391 0.343750 0.042969 0.104167
1 0.467187 0.454167 0.057813 0.116667
1 0.531641 0.509722 0.063281 0.122222
1 0.572656 0.471528 0.059375 0.118056
2 0.250000 0.659722 0.042188 0.097222
2 0.295312 0.601389 0.039062 0.094444
2 0.312500 0.487500 0.046875 0.102778
2 0.333984 0.695139 0.052344 0.109722
2 0.350391 0.505556 0.047656 0.102778
2 0.416797 0.538889 0.053906 0.113889
2 0.435156 0.634722 0.054688 0.116667
2 0.549219 0.795139 0.059375 0.120833
2 0.580859 0.700000 0.067969 0.119444
2 0.635938 0.636111 0.067187 0.100000
2 0.703516 0.626389 0.063281 0.088889
3 0.435156 0.776389 0.065625 0.105556
3 0.444922 0.193750 0.063281 0.101389
3 0.471875 0.845833 0.062500 0.119444
3 0.504687 0.162500 0.056250 0.077778
3 0.564453 0.165278 0.060156 0.088889
3 0.650781 0.828472 0.068750 0.123611
3 0.699219 0.878472 0.056250 0.118056
3 0.760938 0.876389 0.060937 0.119444
4 0.467187 0.454167 0.057813 0.116667
4 0.572656 0.471528 0.059375 0.118056
7 0.450391 0.343750 0.042969 0.104167
7 0.531641 0.509722 0.063281 0.122222
8 0.572656 0.471528 0.059375 0.118056
13 0.450391 0.343750 0.042969 0.104167
16 0.467187 0.454167 0.057813 0.116667
18 0.531641 0.509722 0.063281 0.122222