0 0.105469 0.430556 0.059375 0.116667
0 0.120313 0.592361 0.070312 0.123611
0 0.121875 0.277778 0.046875 0.108333
0 0.179688 0.411111 0.067187 0.116667
0 0.180469 0.706944 0.060937 0.086111
0 0.192969 0.536111 0.065625 0.122222
0 0.194922 0.298611 0.050781 0.111111
0 0.231250 0.186111 0.068750 0.127778
0 0.248047 0.684028 0.071094 0.118056
0 0.264844 0.435417 0.065625 0.101389
0 0.263672 0.556250 0.055469 0.115278
0 0.273828 0.313889 0.064844 0.088889
0 0.293750 0.174306 0.056250 0.120833
0 0.320312 0.395139 0.068750 0.123611
0 0.319531 0.525000 0.054688 0.119444
0 0.353906 0.287500 0.059375 0.080556
0 0.347656 0.747222 0.046875 0.108333
0 0.357031 0.617361 0.053125 0.112500
0 0.368359 0.168750 0.042969 0.104167
0 0.374219 0.457639 0.042188 0.104167
0 0.408203 0.568056 0.055469 0.113889
0 0.426563 0.718750 0.046875 0.106944
0 0.427734 0.231250 0.047656 0.109722
0 0.431250 0.368750 0.053125 0.073611
0 0.450391 0.465278 0.063281 0.097222
0 0.490625 0.565972 0.065625 0.109722
0 0.490625 0.245833 0.050000 0.113889
0 0.525000 0.369444 0.051562 0.113889
0 0.555469 0.473611 0.067187 0.108333
0 0.561719 0.584028 0.060937 0.118056
1 0.121875 0.277778 0.046875 0.108333
1 0.194922 0.298611 0.050781 0.111111
1 0.231250 0.186111 0.068750 0.127778
1 0.263672 0.556250 0.055469 0.115278
1 0.293750 0.174306 0.056250 0.120833
1 0.320312 0.395139 0.068750 0.123611
1 0.319531 0.525000 0.054688 0.119444
1 0.368359 0.168750 0.042969 0.104167
1 0.374219 0.457639 0.042188 0.104167
1 0.427734 0.231250 0.047656 0.109722
1 0.490625 0.245833 0.050000 0.113889
1 0.555469 0.473611 0.067187 0.108333
1 0.561719 0.584028 0.060937 0.118056
2 0.105469 0.430556 0.059375 0.116667
2 0.179688 0.411111 0.067187 0.116667
2 0.180469 0.706944 0.060937 0.086111
2 0.248047 0.684028 0.071094 0.118056
2 0.264844 0.435417 0.065625 0.101389
2 0.347656 0.747222 0.046875 0.108333
2 0.408203 0.568056 0.055469 0.113889
2 0.431250 0.368750 0.053125 0.073611
2 0.450391 0.465278 0.063281 0.097222
2 0.490625 0.565972 0.065625 0.109722
2 0.525000 0.369444 0.051562 0.113889
3 0.120313 0.592361 0.070312 0.123611
3 0.192969 0.536111 0.065625 0.122222
3 0.273828 0.313889 0.064844 0.088889
3 0.353906 0.287500 0.059375 0.080556
3 0.357031 0.617361 0.053125 0.112500
3 0.426563 0.718750 0.046875 0.106944
4 0.320312 0.395139 0.068750 0.123611
4 0.561719 0.584028 0.060937 0.118056
5 0.231250 0.186111 0.068750 0.127778
5 0.368359 0.168750 0.042969 0.104167
5 0.374219 0.457639 0.042188 0.104167
5 0.490625 0.245833 0.050000 0.113889
5 0.555469 0.473611 0.067187 0.108333
6 0.121875 0.277778 0.046875 0.108333
6 0.194922 0.298611 0.050781 0.111111
6 0.263672 0.556250 0.055469 0.115278
6 0.319531 0.525000 0.054688 0.119444
7 0.293750 0.174306 0.056250 0.120833
7 0.427734 0.231250 0.047656 0.109722
9 0.555469 0.473611 0.067187 0.108333
10 0.194922 0.298611 0.050781 0.111111
10 0.320312 0.395139 0.068750 0.123611
11 0.293750 0.174306 0.056250 0.120833
13 0.374219 0.457639 0.042188 0.104167
15 0.121875 0.277778 0.046875 0.108333
15 0.231250 0.186111 0.068750 0.127778
17 0.319531 0.525000 0.054688 0.119444
17 0.427734 0.231250 0.047656 0.109722
17 0.490625 0.245833 0.050000 0.113889
17 0.561719 0.584028 0.060937 0.118056
18 0.368359 0.168750 0.042969 0.104167
19 0.263672 0.556250 0.055469 0.115278