0 0.106250 0.426389 0.059375 0.119444
0 0.147266 0.529167 0.063281 0.080556
0 0.200000 0.231250 0.050000 0.109722
0 0.281250 0.479167 0.053125 0.113889
0 0.291797 0.211111 0.067969 0.102778
0 0.314844 0.620139 0.060937 0.115278
0 0.357422 0.347222 0.064844 0.122222
0 0.361719 0.686111 0.060937 0.116667
0 0.388672 0.559028 0.057031 0.076389
0 0.405859 0.187500 0.060156 0.094444
0 0.430078 0.746528 0.067969 0.115278
0 0.478906 0.624306 0.067187 0.112500
0 0.478906 0.716667 0.067187 0.113889
0 0.480469 0.154167 0.064062 0.108333
0 0.507031 0.458333 0.067187 0.119444
0 0.523828 0.590972 0.067969 0.112500
0 0.571094 0.351389 0.065625 0.105556
0 0.568750 0.191667 0.059375 0.094444
0 0.600391 0.526389 0.055469 0.111111
1 0.430078 0.746528 0.067969 0.115278
1 0.478906 0.624306 0.067187 0.112500
1 0.478906 0.716667 0.067187 0.113889
1 0.523828 0.590972 0.067969 0.112500
2 0.106250 0.426389 0.059375 0.119444
2 0.200000 0.231250 0.050000 0.109722
2 0.281250 0.479167 0.053125 0.113889
2 0.291797 0.211111 0.067969 0.102778
2 0.357422 0.347222 0.064844 0.122222
2 0.361719 0.686111 0.060937 0.116667
2 0.405859 0.187500 0.060156 0.094444
2 0.480469 0.154167 0.064062 0.108333
2 0.507031 0.458333 0.067187 0.119444
2 0.568750 0.191667 0.059375 0.094444
2 0.600391 0.526389 0.055469 0.111111
3 0.147266 0.529167 0.063281 0.080556
3 0.314844 0.620139 0.060937 0.115278
3 0.388672 0.559028 0.057031 0.076389
3 0.571094 0.351389 0.065625 0.105556
5 0.430078 0.746528 0.067969 0.115278
6 0.478906 0.716667 0.067187 0.113889
7 0.478906 0.624306 0.067187 0.112500
7 0.523828 0.590972 0.067969 0.112500
9 0.430078 0.746528 0.067969 0.115278
9 0.478906 0.716667 0.067187 0.113889
14 0.478906 0.624306 0.067187 0.112500
16 0.523828 0.590972 0.067969 0.112500