0 0.116406 0.595833 0.048438 0.108333
0 0.159375 0.454167 0.067187 0.101389
0 0.175781 0.769444 0.060937 0.084722
0 0.179688 0.625000 0.061719 0.086111
0 0.221875 0.463889 0.055469 0.115278
0 0.242969 0.784722 0.053125 0.113889
0 0.248438 0.612500 0.053125 0.113889
0 0.275000 0.505556 0.065625 0.097222
0 0.300000 0.677778 0.061719 0.086111
0 0.301563 0.813889 0.064844 0.094444
0 0.340625 0.187500 0.064844 0.101389
0 0.351562 0.341667 0.057031 0.115278
0 0.378906 0.627778 0.045312 0.106944
0 0.381250 0.759722 0.048438 0.111111
0 0.399219 0.458333 0.062500 0.122222
0 0.404687 0.887500 0.057813 0.079167
0 0.403906 0.120833 0.042969 0.102778
0 0.443750 0.340278 0.064844 0.115278
0 0.435156 0.758333 0.043750 0.106944
0 0.443750 0.622222 0.048438 0.112500
0 0.467187 0.897222 0.052344 0.113889
0 0.472656 0.236111 0.058594 0.084722
0 0.478125 0.486111 0.067969 0.119444
0 0.489844 0.750000 0.046094 0.108333
0 0.496875 0.622222 0.052344 0.113889
0 0.544531 0.751389 0.043750 0.106944
0 0.547656 0.883333 0.047656 0.109722
0 0.562500 0.619444 0.051562 0.113889
0 0.571875 0.490278 0.064844 0.094444
0 0.606250 0.875000 0.060156 0.081944
0 0.612500 0.765278 0.046094 0.108333
0 0.628125 0.637500 0.056250 0.118056
1 0.378906 0.627778 0.045312 0.106944
1 0.381250 0.759722 0.048438 0.111111
1 0.399219 0.458333 0.062500 0.122222
1 0.435156 0.758333 0.043750 0.106944
1 0.443750 0.622222 0.048438 0.112500
1 0.478125 0.486111 0.067969 0.119444
1 0.489844 0.750000 0.046094 0.108333
1 0.496875 0.622222 0.052344 0.113889
1 0.544531 0.751389 0.043750 0.106944
1 0.562500 0.619444 0.051562 0.113889
1 0.571875 0.490278 0.064844 0.094444
1 0.612500 0.765278 0.046094 0.108333
1 0.628125 0.637500 0.056250 0.118056
2 0.159375 0.454167 0.067187 0.101389
2 0.175781 0.769444 0.060937 0.084722
2 0.221875 0.463889 0.055469 0.115278
2 0.242969 0.784722 0.053125 0.113889
2 0.275000 0.505556 0.065625 0.097222
2 0.301563 0.813889 0.064844 0.094444
2 0.340625 0.187500 0.064844 0.101389
2 0.351562 0.341667 0.057031 0.115278
2 0.403906 0.120833 0.042969 0.102778
2 0.443750 0.340278 0.064844 0.115278
2 0.472656 0.236111 0.058594 0.084722
3 0.116406 0.595833 0.048438 0.108333
3 0.179688 0.625000 0.061719 0.086111
3 0.248438 0.612500 0.053125 0.113889
3 0.300000 0.677778 0.061719 0.086111
3 0.404687 0.887500 0.057813 0.079167
3 0.467187 0.897222 0.052344 0.113889
3 0.547656 0.883333 0.047656 0.109722
3 0.606250 0.875000 0.060156 0.081944
5 0.378906 0.627778 0.045312 0.106944
5 0.381250 0.759722 0.048438 0.111111
5 0.399219 0.458333 0.062500 0.122222
5 0.435156 0.758333 0.043750 0.106944
5 0.443750 0.622222 0.048438 0.112500
5 0.478125 0.486111 0.067969 0.119444
5 0.489844 0.750000 0.046094 0.108333
5 0.496875 0.622222 0.052344 0.113889
5 0.544531 0.751389 0.043750 0.106944
5 0.562500 0.619444 0.051562 0.113889
5 0.571875 0.490278 0.064844 0.094444
5 0.612500 0.765278 0.046094 0.108333
5 0.628125 0.637500 0.056250 0.118056
8 0.612500 0.765278 0.046094 0.108333
9 0.544531 0.751389 0.043750 0.106944
10 0.489844 0.750000 0.046094 0.108333
11 0.435156 0.758333 0.043750 0.106944
12 0.381250 0.759722 0.048438 0.111111
13 0.628125 0.637500 0.056250 0.118056
14 0.562500 0.619444 0.051562 0.113889
15 0.496875 0.622222 0.052344 0.113889
16 0.443750 0.622222 0.048438 0.112500
17 0.378906 0.627778 0.045312 0.106944
18 0.571875 0.490278 0.064844 0.094444
19 0.478125 0.486111 0.067969 0.119444
20 0.399219 0.458333 0.062500 0.122222