0 0.309375 0.702778 0.060937 0.088889
0 0.343750 0.630556 0.060937 0.091667
0 0.357812 0.826389 0.063281 0.093056
0 0.414844 0.722222 0.065625 0.111111
0 0.446875 0.476389 0.052344 0.111111
0 0.453906 0.894444 0.063281 0.119444
0 0.461719 0.627778 0.065625 0.104167
0 0.489844 0.531944 0.057031 0.116667
0 0.493750 0.776389 0.050781 0.113889
0 0.559375 0.393056 0.066406 0.119444
0 0.564063 0.687500 0.060937 0.083333
0 0.572656 0.863889 0.057031 0.081944
0 0.642969 0.556944 0.057813 0.116667
0 0.650781 0.775000 0.064844 0.120833
0 0.651563 0.368056 0.059375 0.090278
0 0.701562 0.595833 0.053125 0.116667
0 0.728906 0.743056 0.060937 0.087500
0 0.785937 0.663889 0.059375 0.118056
0 0.812500 0.788889 0.068750 0.101389
0 0.938281 0.538889 0.050781 0.115278
1 0.701562 0.595833 0.053125 0.116667
2 0.343750 0.630556 0.060937 0.091667
2 0.357812 0.826389 0.063281 0.093056
2 0.414844 0.722222 0.065625 0.111111
2 0.446875 0.476389 0.052344 0.111111
2 0.461719 0.627778 0.065625 0.104167
2 0.493750 0.776389 0.050781 0.113889
2 0.559375 0.393056 0.066406 0.119444
2 0.651563 0.368056 0.059375 0.090278
2 0.728906 0.743056 0.060937 0.087500
2 0.785937 0.663889 0.059375 0.118056
2 0.938281 0.538889 0.050781 0.115278
3 0.309375 0.702778 0.060937 0.088889
3 0.453906 0.894444 0.063281 0.119444
3 0.489844 0.531944 0.057031 0.116667
3 0.564063 0.687500 0.060937 0.083333
3 0.572656 0.863889 0.057031 0.081944
3 0.642969 0.556944 0.057813 0.116667
3 0.650781 0.775000 0.064844 0.120833
3 0.812500 0.788889 0.068750 0.101389
5 0.701562 0.595833 0.053125 0.116667
15 0.701562 0.595833 0.053125 0.116667