0 0.119531 0.846528 0.070312 0.126389
0 0.128906 0.613889 0.068750 0.127778
0 0.162891 0.771528 0.066406 0.126389
0 0.178125 0.553472 0.065625 0.123611
0 0.186719 0.315278 0.059375 0.077778
0 0.210156 0.719444 0.059375 0.122222
0 0.224609 0.891667 0.067969 0.127778
0 0.224609 0.484028 0.064844 0.123611
0 0.250000 0.314583 0.056250 0.076389
0 0.253125 0.641667 0.059375 0.119444
0 0.273438 0.839583 0.064062 0.126389
0 0.316406 0.318750 0.059375 0.079167
0 0.343359 0.702778 0.042969 0.105556
0 0.347656 0.586111 0.043750 0.105556
0 0.400000 0.326389 0.059375 0.072222
0 0.392969 0.703472 0.042188 0.104167
0 0.394531 0.587500 0.043750 0.105556
0 0.406250 0.468750 0.059375 0.081944
0 0.440234 0.705556 0.042969 0.105556
0 0.441406 0.586111 0.043750 0.105556
0 0.489063 0.704861 0.043750 0.104167
0 0.492578 0.586111 0.042969 0.105556
0 0.560156 0.436111 0.057813 0.080556
0 0.559375 0.529167 0.056250 0.080556
0 0.564844 0.627083 0.054688 0.076389
0 0.569922 0.806944 0.055469 0.077778
0 0.571484 0.716667 0.053906 0.075000
1 0.186719 0.315278 0.059375 0.077778
1 0.250000 0.314583 0.056250 0.076389
1 0.316406 0.318750 0.059375 0.079167
1 0.343359 0.702778 0.042969 0.105556
1 0.347656 0.586111 0.043750 0.105556
1 0.400000 0.326389 0.059375 0.072222
1 0.392969 0.703472 0.042188 0.104167
1 0.394531 0.587500 0.043750 0.105556
1 0.406250 0.468750 0.059375 0.081944
1 0.440234 0.705556 0.042969 0.105556
1 0.441406 0.586111 0.043750 0.105556
1 0.489063 0.704861 0.043750 0.104167
1 0.492578 0.586111 0.042969 0.105556
2 0.128906 0.613889 0.068750 0.127778
2 0.178125 0.553472 0.065625 0.123611
2 0.224609 0.891667 0.067969 0.127778
2 0.224609 0.484028 0.064844 0.123611
2 0.273438 0.839583 0.064062 0.126389
2 0.560156 0.436111 0.057813 0.080556
2 0.559375 0.529167 0.056250 0.080556
2 0.564844 0.627083 0.054688 0.076389
2 0.569922 0.806944 0.055469 0.077778
2 0.571484 0.716667 0.053906 0.075000
3 0.119531 0.846528 0.070312 0.126389
3 0.162891 0.771528 0.066406 0.126389
3 0.210156 0.719444 0.059375 0.122222
3 0.253125 0.641667 0.059375 0.119444
7 0.186719 0.315278 0.059375 0.077778
7 0.250000 0.314583 0.056250 0.076389
7 0.316406 0.318750 0.059375 0.079167
7 0.343359 0.702778 0.042969 0.105556
7 0.347656 0.586111 0.043750 0.105556
7 0.400000 0.326389 0.059375 0.072222
7 0.392969 0.703472 0.042188 0.104167
7 0.394531 0.587500 0.043750 0.105556
7 0.406250 0.468750 0.059375 0.081944
7 0.440234 0.705556 0.042969 0.105556
7 0.441406 0.586111 0.043750 0.105556
7 0.489063 0.704861 0.043750 0.104167
7 0.492578 0.586111 0.042969 0.105556
8 0.186719 0.315278 0.059375 0.077778
9 0.250000 0.314583 0.056250 0.076389
10 0.316406 0.318750 0.059375 0.079167
11 0.400000 0.326389 0.059375 0.072222
12 0.343359 0.702778 0.042969 0.105556
13 0.392969 0.703472 0.042188 0.104167
14 0.440234 0.705556 0.042969 0.105556
15 0.489063 0.704861 0.043750 0.104167
16 0.347656 0.586111 0.043750 0.105556
17 0.394531 0.587500 0.043750 0.105556
18 0.441406 0.586111 0.043750 0.105556
19 0.492578 0.586111 0.042969 0.105556
20 0.406250 0.468750 0.059375 0.081944