0 0.154688 0.427778 0.053125 0.113889
0 0.168750 0.577778 0.060156 0.120833
0 0.232031 0.294444 0.046875 0.106944
0 0.244531 0.448611 0.060937 0.077778
0 0.257031 0.558333 0.060156 0.076389
0 0.314844 0.690278 0.050000 0.108333
0 0.315625 0.238889 0.047656 0.108333
0 0.314844 0.397222 0.042969 0.104167
0 0.338281 0.504167 0.057031 0.075000
0 0.377344 0.216667 0.040625 0.097222
0 0.392969 0.630556 0.054688 0.116667
0 0.442188 0.758333 0.041406 0.105556
0 0.475000 0.618056 0.060937 0.119444
0 0.508594 0.804167 0.042188 0.104167
0 0.530469 0.252778 0.064844 0.118056
0 0.540625 0.505556 0.056250 0.077778
0 0.561719 0.756944 0.040625 0.101389
0 0.607031 0.272222 0.058594 0.116667
0 0.611719 0.418056 0.057031 0.079167
0 0.612500 0.661111 0.048438 0.111111
1 0.442188 0.758333 0.041406 0.105556
1 0.508594 0.804167 0.042188 0.104167
1 0.561719 0.756944 0.040625 0.101389
1 0.612500 0.661111 0.048438 0.111111
2 0.154688 0.427778 0.053125 0.113889
2 0.168750 0.577778 0.060156 0.120833
2 0.232031 0.294444 0.046875 0.106944
2 0.314844 0.690278 0.050000 0.108333
2 0.314844 0.397222 0.042969 0.104167
2 0.377344 0.216667 0.040625 0.097222
2 0.392969 0.630556 0.054688 0.116667
3 0.244531 0.448611 0.060937 0.077778
3 0.257031 0.558333 0.060156 0.076389
3 0.315625 0.238889 0.047656 0.108333
3 0.338281 0.504167 0.057031 0.075000
3 0.475000 0.618056 0.060937 0.119444
3 0.530469 0.252778 0.064844 0.118056
3 0.540625 0.505556 0.056250 0.077778
3 0.607031 0.272222 0.058594 0.116667
3 0.611719 0.418056 0.057031 0.079167
4 0.442188 0.758333 0.041406 0.105556
4 0.612500 0.661111 0.048438 0.111111
6 0.508594 0.804167 0.042188 0.104167
6 0.561719 0.756944 0.040625 0.101389
8 0.561719 0.756944 0.040625 0.101389
15 0.508594 0.804167 0.042188 0.104167
18 0.442188 0.758333 0.041406 0.105556
19 0.612500 0.661111 0.048438 0.111111