0 0.083594 0.598611 0.049219 0.109722
0 0.125781 0.454167 0.067969 0.100000
0 0.146875 0.773611 0.062500 0.083333
0 0.149219 0.626389 0.062500 0.086111
0 0.190625 0.462500 0.054688 0.116667
0 0.214844 0.784722 0.052344 0.115278
0 0.219531 0.609722 0.053906 0.112500
0 0.245312 0.501389 0.067187 0.095833
0 0.272656 0.675000 0.062500 0.087500
0 0.275781 0.811111 0.064844 0.093056
0 0.379688 0.883333 0.058594 0.080556
0 0.392188 0.476389 0.064062 0.102778
0 0.408594 0.662500 0.065625 0.119444
0 0.442969 0.888889 0.053125 0.116667
0 0.479687 0.356944 0.043750 0.100000
0 0.523438 0.872222 0.046094 0.108333
0 0.541406 0.681944 0.061719 0.116667
0 0.562500 0.500000 0.058594 0.086111
0 0.582031 0.861111 0.059375 0.081944
2 0.125781 0.454167 0.067969 0.100000
2 0.146875 0.773611 0.062500 0.083333
2 0.190625 0.462500 0.054688 0.116667
2 0.214844 0.784722 0.052344 0.115278
2 0.245312 0.501389 0.067187 0.095833
2 0.275781 0.811111 0.064844 0.093056
2 0.392188 0.476389 0.064062 0.102778
2 0.408594 0.662500 0.065625 0.119444
2 0.479687 0.356944 0.043750 0.100000
2 0.541406 0.681944 0.061719 0.116667
2 0.562500 0.500000 0.058594 0.086111
3 0.083594 0.598611 0.049219 0.109722
3 0.149219 0.626389 0.062500 0.086111
3 0.219531 0.609722 0.053906 0.112500
3 0.272656 0.675000 0.062500 0.087500
3 0.379688 0.883333 0.058594 0.080556
3 0.442969 0.888889 0.053125 0.116667
3 0.523438 0.872222 0.046094 0.108333
3 0.582031 0.861111 0.059375 0.081944