0 0.311895 0.755472 0.046586 0.106778
0 0.337969 0.436458 0.044828 0.102083
0 0.348961 0.569007 0.042188 0.100514
0 0.368152 0.726042 0.046586 0.106250
0 0.391445 0.427868 0.042187 0.101569
0 0.401113 0.564326 0.047461 0.107819
0 0.402723 0.839576 0.043070 0.103125
0 0.413566 0.716667 0.045414 0.106250
0 0.451805 0.443229 0.050984 0.109375
0 0.455316 0.860681 0.040430 0.099472
0 0.466891 0.585938 0.044250 0.103125
0 0.469527 0.706507 0.045414 0.105736
0 0.505715 0.846618 0.045711 0.106764
0 0.514504 0.548438 0.038680 0.098958
0 0.522707 0.686715 0.039852 0.098431
0 0.560797 0.825521 0.045125 0.105208
0 0.574129 0.672653 0.043070 0.102611
0 0.593176 0.535937 0.040727 0.101042
0 0.605918 0.824472 0.041023 0.100000
0 0.655141 0.537243 0.040437 0.099486
1 0.311895 0.755472 0.046586 0.106778
1 0.337969 0.436458 0.044828 0.102083
1 0.348961 0.569007 0.042188 0.100514
1 0.368152 0.726042 0.046586 0.106250
1 0.401113 0.564326 0.047461 0.107819
1 0.402723 0.839576 0.043070 0.103125
1 0.413566 0.716667 0.045414 0.106250
1 0.451805 0.443229 0.050984 0.109375
1 0.455316 0.860681 0.040430 0.099472
1 0.466891 0.585938 0.044250 0.103125
1 0.469527 0.706507 0.045414 0.105736
1 0.505715 0.846618 0.045711 0.106764
1 0.514504 0.548438 0.038680 0.098958
1 0.522707 0.686715 0.039852 0.098431
1 0.560797 0.825521 0.045125 0.105208
1 0.574129 0.672653 0.043070 0.102611
1 0.593176 0.535937 0.040727 0.101042
2 0.391445 0.427868 0.042187 0.101569
3 0.605918 0.824472 0.041023 0.100000
3 0.655141 0.537243 0.040437 0.099486
4 0.401113 0.564326 0.047461 0.107819
4 0.451805 0.443229 0.050984 0.109375
4 0.560797 0.825521 0.045125 0.105208
5 0.311895 0.755472 0.046586 0.106778
5 0.348961 0.569007 0.042188 0.100514
5 0.469527 0.706507 0.045414 0.105736
6 0.337969 0.436458 0.044828 0.102083
6 0.368152 0.726042 0.046586 0.106250
6 0.402723 0.839576 0.043070 0.103125
6 0.413566 0.716667 0.045414 0.106250
6 0.466891 0.585938 0.044250 0.103125
6 0.514504 0.548438 0.038680 0.098958
6 0.522707 0.686715 0.039852 0.098431
6 0.593176 0.535937 0.040727 0.101042
7 0.455316 0.860681 0.040430 0.099472
7 0.505715 0.846618 0.045711 0.106764
7 0.574129 0.672653 0.043070 0.102611
8 0.311895 0.755472 0.046586 0.106778
8 0.402723 0.839576 0.043070 0.103125
9 0.451805 0.443229 0.050984 0.109375
9 0.522707 0.686715 0.039852 0.098431
10 0.337969 0.436458 0.044828 0.102083
11 0.593176 0.535937 0.040727 0.101042
12 0.455316 0.860681 0.040430 0.099472
13 0.514504 0.548438 0.038680 0.098958
14 0.401113 0.564326 0.047461 0.107819
14 0.469527 0.706507 0.045414 0.105736
15 0.466891 0.585938 0.044250 0.103125
15 0.505715 0.846618 0.045711 0.106764
16 0.560797 0.825521 0.045125 0.105208
16 0.574129 0.672653 0.043070 0.102611
18 0.413566 0.716667 0.045414 0.106250
19 0.348961 0.569007 0.042188 0.100514
20 0.368152 0.726042 0.046586 0.106250