0 0.250000 0.661111 0.062500 0.086111
0 0.249609 0.526389 0.058594 0.077778
0 0.296875 0.748611 0.059375 0.080556
0 0.311719 0.415278 0.060937 0.083333
0 0.328516 0.645139 0.058594 0.076389
0 0.330078 0.536111 0.060156 0.080556
0 0.366016 0.751389 0.058594 0.077778
0 0.404297 0.534028 0.058594 0.079167
0 0.403906 0.651389 0.057813 0.077778
0 0.402344 0.179861 0.043750 0.112500
0 0.498047 0.746528 0.061719 0.118056
0 0.500391 0.211111 0.049219 0.111111
0 0.502734 0.606250 0.044531 0.101389
0 0.534375 0.395833 0.043750 0.105556
0 0.571875 0.838889 0.068750 0.122222
0 0.558984 0.575000 0.041406 0.097222
0 0.594531 0.386111 0.050000 0.113889
0 0.618750 0.642361 0.062500 0.101389
0 0.690625 0.659722 0.057813 0.077778
2 0.404297 0.534028 0.058594 0.079167
2 0.402344 0.179861 0.043750 0.112500
2 0.498047 0.746528 0.061719 0.118056
2 0.500391 0.211111 0.049219 0.111111
2 0.502734 0.606250 0.044531 0.101389
2 0.534375 0.395833 0.043750 0.105556
2 0.571875 0.838889 0.068750 0.122222
2 0.558984 0.575000 0.041406 0.097222
2 0.594531 0.386111 0.050000 0.113889
2 0.618750 0.642361 0.062500 0.101389
2 0.690625 0.659722 0.057813 0.077778
3 0.250000 0.661111 0.062500 0.086111
3 0.249609 0.526389 0.058594 0.077778
3 0.296875 0.748611 0.059375 0.080556
3 0.311719 0.415278 0.060937 0.083333
3 0.328516 0.645139 0.058594 0.076389
3 0.330078 0.536111 0.060156 0.080556
3 0.366016 0.751389 0.058594 0.077778
3 0.403906 0.651389 0.057813 0.077778