0 0.123828 0.842361 0.069531 0.126389
0 0.132422 0.607639 0.067969 0.126389
0 0.168359 0.767361 0.066406 0.126389
0 0.182031 0.547917 0.065625 0.123611
0 0.185156 0.933333 0.068750 0.125000
0 0.212891 0.713889 0.060156 0.119444
0 0.228125 0.884722 0.068750 0.127778
0 0.228906 0.481250 0.065625 0.123611
0 0.242578 0.311111 0.060156 0.080556
0 0.257031 0.636111 0.057813 0.119444
0 0.276562 0.834722 0.064062 0.125000
0 0.321484 0.322917 0.058594 0.076389
0 0.344531 0.819444 0.043750 0.108333
0 0.351172 0.583333 0.039844 0.102778
0 0.394531 0.327083 0.056250 0.073611
0 0.394141 0.823611 0.042969 0.108333
0 0.397266 0.583333 0.042969 0.102778
0 0.410156 0.465278 0.059375 0.083333
0 0.443750 0.581250 0.043750 0.104167
0 0.443359 0.825000 0.042969 0.108333
0 0.456641 0.322917 0.057031 0.076389
0 0.492188 0.818750 0.043750 0.106944
0 0.494922 0.581250 0.042969 0.104167
0 0.562891 0.431944 0.057031 0.080556
0 0.563281 0.523611 0.056250 0.080556
0 0.568750 0.620139 0.056250 0.076389
0 0.574219 0.801389 0.054688 0.075000
0 0.575000 0.710417 0.054688 0.073611
1 0.242578 0.311111 0.060156 0.080556
1 0.321484 0.322917 0.058594 0.076389
1 0.344531 0.819444 0.043750 0.108333
1 0.351172 0.583333 0.039844 0.102778
1 0.394531 0.327083 0.056250 0.073611
1 0.394141 0.823611 0.042969 0.108333
1 0.397266 0.583333 0.042969 0.102778
1 0.410156 0.465278 0.059375 0.083333
1 0.443750 0.581250 0.043750 0.104167
1 0.443359 0.825000 0.042969 0.108333
1 0.456641 0.322917 0.057031 0.076389
1 0.492188 0.818750 0.043750 0.106944
1 0.494922 0.581250 0.042969 0.104167
2 0.132422 0.607639 0.067969 0.126389
2 0.182031 0.547917 0.065625 0.123611
2 0.185156 0.933333 0.068750 0.125000
2 0.228125 0.884722 0.068750 0.127778
2 0.228906 0.481250 0.065625 0.123611
2 0.276562 0.834722 0.064062 0.125000
2 0.562891 0.431944 0.057031 0.080556
2 0.563281 0.523611 0.056250 0.080556
2 0.568750 0.620139 0.056250 0.076389
2 0.574219 0.801389 0.054688 0.075000
2 0.575000 0.710417 0.054688 0.073611
3 0.123828 0.842361 0.069531 0.126389
3 0.168359 0.767361 0.066406 0.126389
3 0.212891 0.713889 0.060156 0.119444
3 0.257031 0.636111 0.057813 0.119444
7 0.242578 0.311111 0.060156 0.080556
7 0.321484 0.322917 0.058594 0.076389
7 0.344531 0.819444 0.043750 0.108333
7 0.351172 0.583333 0.039844 0.102778
7 0.394531 0.327083 0.056250 0.073611
7 0.394141 0.823611 0.042969 0.108333
7 0.397266 0.583333 0.042969 0.102778
7 0.410156 0.465278 0.059375 0.083333
7 0.443750 0.581250 0.043750 0.104167
7 0.443359 0.825000 0.042969 0.108333
7 0.456641 0.322917 0.057031 0.076389
7 0.492188 0.818750 0.043750 0.106944
7 0.494922 0.581250 0.042969 0.104167
8 0.492188 0.818750 0.043750 0.106944
9 0.443359 0.825000 0.042969 0.108333
10 0.394141 0.823611 0.042969 0.108333
11 0.344531 0.819444 0.043750 0.108333
12 0.242578 0.311111 0.060156 0.080556
13 0.321484 0.322917 0.058594 0.076389
14 0.394531 0.327083 0.056250 0.073611
15 0.456641 0.322917 0.057031 0.076389
16 0.351172 0.583333 0.039844 0.102778
17 0.397266 0.583333 0.042969 0.102778
18 0.443750 0.581250 0.043750 0.104167
19 0.494922 0.581250 0.042969 0.104167
20 0.410156 0.465278 0.059375 0.083333