0 0.280469 0.638889 0.061719 0.112500
0 0.314844 0.494444 0.062500 0.108333
0 0.327344 0.650000 0.060937 0.112500
0 0.360938 0.516667 0.060937 0.108333
0 0.400000 0.300000 0.065625 0.119444
0 0.405469 0.541667 0.061719 0.109722
0 0.407031 0.711111 0.064844 0.118056
0 0.446875 0.315278 0.063281 0.119444
0 0.492188 0.333333 0.064844 0.119444
0 0.503125 0.497222 0.066406 0.118056
0 0.507812 0.741667 0.064844 0.119444
0 0.541406 0.343056 0.064844 0.122222
0 0.560156 0.501389 0.065625 0.118056
0 0.582031 0.652778 0.067187 0.119444
0 0.610156 0.520833 0.068750 0.116667
0 0.621094 0.305556 0.065625 0.120833
0 0.635938 0.668056 0.067187 0.119444
0 0.664844 0.536111 0.068750 0.120833
0 0.667969 0.384722 0.069531 0.119444
0 0.692187 0.676389 0.066406 0.122222
0 0.714063 0.412500 0.070312 0.120833
0 0.742969 0.701389 0.067969 0.122222
1 0.400000 0.300000 0.065625 0.119444
1 0.446875 0.315278 0.063281 0.119444
1 0.492188 0.333333 0.064844 0.119444
1 0.541406 0.343056 0.064844 0.122222
2 0.280469 0.638889 0.061719 0.112500
2 0.314844 0.494444 0.062500 0.108333
2 0.327344 0.650000 0.060937 0.112500
2 0.360938 0.516667 0.060937 0.108333
2 0.405469 0.541667 0.061719 0.109722
2 0.503125 0.497222 0.066406 0.118056
2 0.560156 0.501389 0.065625 0.118056
2 0.610156 0.520833 0.068750 0.116667
2 0.664844 0.536111 0.068750 0.120833
2 0.667969 0.384722 0.069531 0.119444
2 0.714063 0.412500 0.070312 0.120833
3 0.407031 0.711111 0.064844 0.118056
3 0.507812 0.741667 0.064844 0.119444
3 0.582031 0.652778 0.067187 0.119444
3 0.621094 0.305556 0.065625 0.120833
3 0.635938 0.668056 0.067187 0.119444
3 0.692187 0.676389 0.066406 0.122222
3 0.742969 0.701389 0.067969 0.122222
6 0.400000 0.300000 0.065625 0.119444
6 0.446875 0.315278 0.063281 0.119444
6 0.492188 0.333333 0.064844 0.119444
6 0.541406 0.343056 0.064844 0.122222
10 0.541406 0.343056 0.064844 0.122222
11 0.400000 0.300000 0.065625 0.119444
16 0.446875 0.315278 0.063281 0.119444
19 0.492188 0.333333 0.064844 0.119444