0 0.215625 0.432639 0.045312 0.106944
0 0.250000 0.293056 0.062500 0.100000
0 0.274219 0.457639 0.057813 0.081944
0 0.274609 0.597222 0.057031 0.077778
0 0.310156 0.301389 0.050000 0.113889
0 0.338672 0.444444 0.050781 0.108333
0 0.337109 0.612500 0.047656 0.108333
0 0.362500 0.338889 0.062500 0.094444
0 0.389844 0.507639 0.059375 0.084722
0 0.394531 0.640972 0.060937 0.090278
0 0.492969 0.709722 0.057813 0.077778
0 0.508594 0.476389 0.042188 0.102778
0 0.553516 0.719444 0.050781 0.111111
0 0.558203 0.221528 0.047656 0.109722
0 0.591406 0.494444 0.042188 0.100000
0 0.633594 0.706250 0.046875 0.106944
0 0.652344 0.227778 0.045312 0.102778
0 0.671094 0.512500 0.042188 0.100000
0 0.691797 0.700000 0.060156 0.080556
2 0.250000 0.293056 0.062500 0.100000
2 0.274609 0.597222 0.057031 0.077778
2 0.310156 0.301389 0.050000 0.113889
2 0.337109 0.612500 0.047656 0.108333
2 0.362500 0.338889 0.062500 0.094444
2 0.394531 0.640972 0.060937 0.090278
2 0.508594 0.476389 0.042188 0.102778
2 0.558203 0.221528 0.047656 0.109722
2 0.591406 0.494444 0.042188 0.100000
2 0.652344 0.227778 0.045312 0.102778
2 0.671094 0.512500 0.042188 0.100000
3 0.215625 0.432639 0.045312 0.106944
3 0.274219 0.457639 0.057813 0.081944
3 0.338672 0.444444 0.050781 0.108333
3 0.389844 0.507639 0.059375 0.084722
3 0.492969 0.709722 0.057813 0.077778
3 0.553516 0.719444 0.050781 0.111111
3 0.633594 0.706250 0.046875 0.106944
3 0.691797 0.700000 0.060156 0.080556