0 0.202734 0.548611 0.046094 0.105556
0 0.229297 0.416667 0.055469 0.116667
0 0.250000 0.704861 0.059375 0.118056
0 0.257031 0.565278 0.045312 0.105556
0 0.290625 0.393056 0.059375 0.119444
0 0.310156 0.545139 0.051562 0.112500
0 0.315625 0.700000 0.057813 0.116667
0 0.341016 0.411111 0.055469 0.119444
0 0.359375 0.576389 0.059375 0.119444
0 0.362500 0.713889 0.056250 0.116667
0 0.412891 0.445139 0.042969 0.104167
0 0.416016 0.678472 0.042969 0.104167
0 0.419531 0.565278 0.045312 0.105556
0 0.448047 0.180556 0.057031 0.077778
0 0.465234 0.682639 0.042969 0.104167
0 0.476562 0.843750 0.059375 0.120833
0 0.471094 0.563889 0.043750 0.105556
0 0.511719 0.442361 0.042188 0.104167
0 0.512500 0.686111 0.040625 0.102778
0 0.516016 0.561111 0.046094 0.105556
0 0.528906 0.826389 0.056250 0.116667
0 0.560547 0.682639 0.042969 0.101389
0 0.565625 0.565278 0.043750 0.105556
0 0.567969 0.445139 0.045312 0.106944
0 0.599609 0.815972 0.060156 0.120833
0 0.644141 0.684722 0.066406 0.105556
0 0.650781 0.596528 0.065625 0.101389
0 0.651953 0.507639 0.064844 0.095833
0 0.650000 0.806944 0.060937 0.119444
0 0.653516 0.421528 0.063281 0.095833
0 0.656641 0.333333 0.066406 0.108333
1 0.412891 0.445139 0.042969 0.104167
1 0.416016 0.678472 0.042969 0.104167
1 0.419531 0.565278 0.045312 0.105556
1 0.448047 0.180556 0.057031 0.077778
1 0.465234 0.682639 0.042969 0.104167
1 0.471094 0.563889 0.043750 0.105556
1 0.511719 0.442361 0.042188 0.104167
1 0.512500 0.686111 0.040625 0.102778
1 0.516016 0.561111 0.046094 0.105556
1 0.560547 0.682639 0.042969 0.101389
1 0.565625 0.565278 0.043750 0.105556
1 0.567969 0.445139 0.045312 0.106944
2 0.229297 0.416667 0.055469 0.116667
2 0.250000 0.704861 0.059375 0.118056
2 0.290625 0.393056 0.059375 0.119444
2 0.315625 0.700000 0.057813 0.116667
2 0.341016 0.411111 0.055469 0.119444
2 0.362500 0.713889 0.056250 0.116667
2 0.644141 0.684722 0.066406 0.105556
2 0.650781 0.596528 0.065625 0.101389
2 0.651953 0.507639 0.064844 0.095833
2 0.653516 0.421528 0.063281 0.095833
2 0.656641 0.333333 0.066406 0.108333
3 0.202734 0.548611 0.046094 0.105556
3 0.257031 0.565278 0.045312 0.105556
3 0.310156 0.545139 0.051562 0.112500
3 0.359375 0.576389 0.059375 0.119444
3 0.476562 0.843750 0.059375 0.120833
3 0.528906 0.826389 0.056250 0.116667
3 0.599609 0.815972 0.060156 0.120833
3 0.650000 0.806944 0.060937 0.119444
7 0.412891 0.445139 0.042969 0.104167
7 0.416016 0.678472 0.042969 0.104167
7 0.419531 0.565278 0.045312 0.105556
7 0.448047 0.180556 0.057031 0.077778
7 0.465234 0.682639 0.042969 0.104167
7 0.471094 0.563889 0.043750 0.105556
7 0.511719 0.442361 0.042188 0.104167
7 0.512500 0.686111 0.040625 0.102778
7 0.516016 0.561111 0.046094 0.105556
7 0.560547 0.682639 0.042969 0.101389
7 0.565625 0.565278 0.043750 0.105556
7 0.567969 0.445139 0.045312 0.106944
8 0.560547 0.682639 0.042969 0.101389
9 0.512500 0.686111 0.040625 0.102778
10 0.465234 0.682639 0.042969 0.104167
11 0.416016 0.678472 0.042969 0.104167
12 0.565625 0.565278 0.043750 0.105556
13 0.516016 0.561111 0.046094 0.105556
14 0.471094 0.563889 0.043750 0.105556
15 0.419531 0.565278 0.045312 0.105556
16 0.567969 0.445139 0.045312 0.106944
17 0.511719 0.442361 0.042188 0.104167
19 0.412891 0.445139 0.042969 0.104167
20 0.447266 0.180556 0.057031 0.077778