0 0.446875 0.251389 0.046875 0.105556
0 0.495703 0.404167 0.063281 0.122222
0 0.514844 0.181944 0.048438 0.111111
0 0.553516 0.298611 0.050781 0.111111
0 0.564844 0.441667 0.042188 0.102778
0 0.578516 0.127778 0.044531 0.102778
0 0.626953 0.502778 0.066406 0.113889
0 0.618359 0.300000 0.041406 0.105556
0 0.651953 0.122917 0.063281 0.087500
0 0.661328 0.423611 0.052344 0.108333
0 0.689844 0.280556 0.039062 0.097222
0 0.733594 0.402778 0.062500 0.113889
0 0.730469 0.108333 0.043750 0.100000
0 0.745703 0.273611 0.042969 0.105556
1 0.618359 0.300000 0.041406 0.105556
2 0.446875 0.251389 0.046875 0.105556
2 0.553516 0.298611 0.050781 0.111111
2 0.564844 0.441667 0.042188 0.102778
2 0.578516 0.127778 0.044531 0.102778
2 0.626953 0.502778 0.066406 0.113889
2 0.651953 0.122917 0.063281 0.087500
2 0.661328 0.423611 0.052344 0.108333
2 0.689844 0.280556 0.039062 0.097222
2 0.733594 0.402778 0.062500 0.113889
2 0.730469 0.108333 0.043750 0.100000
2 0.745703 0.273611 0.042969 0.105556
3 0.495703 0.404167 0.063281 0.122222
3 0.514844 0.181944 0.048438 0.111111
7 0.618359 0.300000 0.041406 0.105556
20 0.618359 0.300000 0.041406 0.105556