0 0.165625 0.568056 0.043750 0.105556
0 0.171875 0.433333 0.046875 0.102778
0 0.188672 0.284028 0.044531 0.104167
0 0.225391 0.715972 0.071094 0.109722
0 0.232813 0.453472 0.051562 0.112500
0 0.241406 0.331250 0.045312 0.104167
0 0.287891 0.459722 0.042969 0.097222
0 0.292969 0.764583 0.050000 0.115278
0 0.294141 0.340972 0.042969 0.101389
0 0.334766 0.211111 0.042969 0.100000
0 0.351172 0.475000 0.046094 0.105556
0 0.357812 0.350000 0.043750 0.097222
0 0.367969 0.709722 0.064062 0.127778
0 0.415625 0.465972 0.045312 0.104167
0 0.424609 0.595139 0.047656 0.109722
0 0.432812 0.820139 0.064062 0.093056
0 0.466797 0.709722 0.061719 0.122222
0 0.529297 0.787500 0.063281 0.122222
1 0.165625 0.568056 0.043750 0.105556
1 0.188672 0.284028 0.044531 0.104167
1 0.225391 0.715972 0.071094 0.109722
1 0.232813 0.453472 0.051562 0.112500
1 0.424609 0.595139 0.047656 0.109722
1 0.466797 0.709722 0.061719 0.122222
1 0.529297 0.787500 0.063281 0.122222
2 0.171875 0.433333 0.046875 0.102778
2 0.287891 0.459722 0.042969 0.097222
2 0.292969 0.764583 0.050000 0.115278
2 0.294141 0.340972 0.042969 0.101389
2 0.334766 0.211111 0.042969 0.100000
2 0.367969 0.709722 0.064062 0.127778
2 0.415625 0.465972 0.045312 0.104167
3 0.241406 0.331250 0.045312 0.104167
3 0.351172 0.475000 0.046094 0.105556
3 0.357812 0.350000 0.043750 0.097222
3 0.432812 0.820139 0.064062 0.093056
4 0.225391 0.715972 0.071094 0.109722
4 0.232813 0.453472 0.051562 0.112500
6 0.188672 0.284028 0.044531 0.104167
6 0.466797 0.709722 0.061719 0.122222
7 0.165625 0.568056 0.043750 0.105556
7 0.424609 0.595139 0.047656 0.109722
7 0.529297 0.787500 0.063281 0.122222
8 0.188672 0.284028 0.044531 0.104167
8 0.232813 0.453472 0.051562 0.112500
11 0.225391 0.715972 0.071094 0.109722
11 0.529297 0.787500 0.063281 0.122222
17 0.165625 0.568056 0.043750 0.105556
17 0.466797 0.709722 0.061719 0.122222
18 0.424609 0.595139 0.047656 0.109722