0 0.160156 0.422222 0.045312 0.105556
0 0.193359 0.571528 0.061719 0.076389
0 0.233594 0.440972 0.053125 0.115278
0 0.250000 0.686111 0.046875 0.108333
0 0.283594 0.212500 0.048438 0.111111
0 0.287500 0.339583 0.050000 0.112500
0 0.302344 0.470139 0.054688 0.115278
0 0.325781 0.597222 0.046875 0.105556
0 0.351172 0.388889 0.047656 0.105556
0 0.380078 0.247222 0.047656 0.105556
0 0.388281 0.584722 0.057813 0.075000
0 0.388672 0.733333 0.052344 0.111111
0 0.406250 0.433333 0.050000 0.111111
0 0.437109 0.670139 0.063281 0.104167
0 0.449609 0.325000 0.063281 0.094444
0 0.475000 0.437500 0.065625 0.119444
0 0.564844 0.521528 0.065625 0.106944
0 0.566016 0.439583 0.066406 0.109722
0 0.569141 0.354167 0.064844 0.108333
1 0.250000 0.686111 0.046875 0.108333
1 0.449609 0.325000 0.063281 0.094444
1 0.564844 0.521528 0.065625 0.106944
1 0.566016 0.439583 0.066406 0.109722
2 0.160156 0.422222 0.045312 0.105556
2 0.233594 0.440972 0.053125 0.115278
2 0.283594 0.212500 0.048438 0.111111
2 0.287500 0.339583 0.050000 0.112500
2 0.302344 0.470139 0.054688 0.115278
2 0.351172 0.388889 0.047656 0.105556
2 0.380078 0.247222 0.047656 0.105556
2 0.388672 0.733333 0.052344 0.111111
2 0.406250 0.433333 0.050000 0.111111
2 0.437109 0.670139 0.063281 0.104167
2 0.475000 0.437500 0.065625 0.119444
3 0.193359 0.571528 0.061719 0.076389
3 0.325781 0.597222 0.046875 0.105556
3 0.388281 0.584722 0.057813 0.075000
3 0.569141 0.354167 0.064844 0.108333
4 0.250000 0.686111 0.046875 0.108333
4 0.449609 0.325000 0.063281 0.094444
4 0.566016 0.439583 0.066406 0.109722
5 0.564844 0.521528 0.065625 0.106944
11 0.566016 0.439583 0.066406 0.109722
16 0.250000 0.686111 0.046875 0.108333
17 0.449609 0.325000 0.063281 0.094444
20 0.564844 0.521528 0.065625 0.106944