0 0.153125 0.194444 0.065625 0.122222
0 0.188281 0.245833 0.064062 0.122222
0 0.250000 0.500000 0.068750 0.113889
0 0.267188 0.577083 0.067187 0.109722
0 0.327344 0.255556 0.068750 0.125000
0 0.335938 0.343056 0.068750 0.122222
0 0.401953 0.445139 0.066406 0.120833
0 0.407813 0.536111 0.067187 0.119444
0 0.432031 0.284722 0.059375 0.088889
0 0.435156 0.202778 0.059375 0.086111
0 0.443750 0.127083 0.059375 0.087500
0 0.450000 0.701389 0.059375 0.119444
0 0.485156 0.747222 0.060937 0.119444
0 0.511719 0.226389 0.067187 0.105556
0 0.520312 0.552778 0.057813 0.113889
0 0.531641 0.756250 0.061719 0.118056
0 0.553125 0.639583 0.054688 0.109722
0 0.609375 0.519444 0.062500 0.097222
0 0.646484 0.363889 0.058594 0.080556
0 0.659766 0.631944 0.064844 0.113889
1 0.327344 0.255556 0.068750 0.125000
1 0.335938 0.343056 0.068750 0.122222
1 0.401953 0.445139 0.066406 0.120833
1 0.407813 0.536111 0.067187 0.119444
2 0.432031 0.284722 0.059375 0.088889
2 0.435156 0.202778 0.059375 0.086111
2 0.443750 0.127083 0.059375 0.087500
2 0.511719 0.226389 0.067187 0.105556
2 0.520312 0.552778 0.057813 0.113889
2 0.553125 0.639583 0.054688 0.109722
2 0.609375 0.519444 0.062500 0.097222
2 0.646484 0.363889 0.058594 0.080556
2 0.659766 0.631944 0.064844 0.113889
3 0.153125 0.194444 0.065625 0.122222
3 0.188281 0.245833 0.064062 0.122222
3 0.250000 0.500000 0.068750 0.113889
3 0.267188 0.577083 0.067187 0.109722
3 0.450000 0.701389 0.059375 0.119444
3 0.485156 0.747222 0.060937 0.119444
3 0.531641 0.756250 0.061719 0.118056
4 0.401953 0.445139 0.066406 0.120833
5 0.327344 0.255556 0.068750 0.125000
5 0.407813 0.536111 0.067187 0.119444
7 0.335938 0.343056 0.068750 0.122222
16 0.327344 0.255556 0.068750 0.125000
16 0.335938 0.343056 0.068750 0.122222
18 0.401953 0.445139 0.066406 0.120833
18 0.407813 0.536111 0.067187 0.119444