0 0.315625 0.452778 0.066406 0.111111
0 0.353906 0.677778 0.064844 0.118056
0 0.376563 0.345833 0.056250 0.075000
0 0.397656 0.498611 0.064062 0.120833
0 0.434375 0.697222 0.058594 0.116667
0 0.451562 0.222222 0.054688 0.079167
0 0.485938 0.413889 0.059375 0.118056
0 0.504687 0.562500 0.057813 0.118056
0 0.532031 0.734722 0.060937 0.118056
0 0.534375 0.287500 0.056250 0.084722
0 0.569531 0.530556 0.042969 0.101389
0 0.592969 0.375000 0.064062 0.100000
0 0.604688 0.704167 0.040625 0.095833
0 0.632812 0.591667 0.061719 0.098611
1 0.485938 0.413889 0.059375 0.118056
2 0.315625 0.452778 0.066406 0.111111
2 0.397656 0.498611 0.064062 0.120833
2 0.451562 0.222222 0.054688 0.079167
2 0.504687 0.562500 0.057813 0.118056
2 0.532031 0.734722 0.060937 0.118056
2 0.534375 0.287500 0.056250 0.084722
2 0.569531 0.530556 0.042969 0.101389
2 0.592969 0.375000 0.064062 0.100000
2 0.604688 0.704167 0.040625 0.095833
2 0.632812 0.591667 0.061719 0.098611
3 0.353906 0.677778 0.064844 0.118056
3 0.376563 0.345833 0.056250 0.075000
3 0.434375 0.697222 0.058594 0.116667
6 0.485938 0.413889 0.059375 0.118056
16 0.485938 0.413889 0.059375 0.118056