0 0.125000 0.850000 0.068750 0.127778
0 0.133594 0.618056 0.067187 0.125000
0 0.168750 0.777083 0.065625 0.126389
0 0.182422 0.556250 0.064844 0.123611
0 0.214062 0.723611 0.059375 0.122222
0 0.229687 0.894444 0.068750 0.127778
0 0.228516 0.489583 0.064844 0.123611
0 0.240625 0.315972 0.059375 0.073611
0 0.257812 0.645833 0.057813 0.119444
0 0.278125 0.843750 0.064062 0.126389
0 0.310547 0.320139 0.058594 0.079167
0 0.346875 0.705556 0.043750 0.105556
0 0.350391 0.588889 0.044531 0.105556
0 0.387109 0.329861 0.057031 0.076389
0 0.396875 0.705556 0.043750 0.105556
0 0.398438 0.590278 0.043750 0.105556
0 0.410938 0.473611 0.060937 0.083333
0 0.450000 0.332639 0.056250 0.073611
0 0.444531 0.590278 0.045312 0.105556
0 0.444531 0.706250 0.042188 0.106944
0 0.492969 0.708333 0.042188 0.105556
0 0.496094 0.588889 0.043750 0.105556
0 0.564453 0.437500 0.057031 0.080556
0 0.564063 0.531944 0.054688 0.075000
0 0.569141 0.629167 0.055469 0.075000
0 0.575000 0.807639 0.056250 0.076389
0 0.575781 0.719444 0.054688 0.075000
1 0.240625 0.315972 0.059375 0.073611
1 0.310547 0.320139 0.058594 0.079167
1 0.346875 0.705556 0.043750 0.105556
1 0.350391 0.588889 0.044531 0.105556
1 0.387109 0.329861 0.057031 0.076389
1 0.396875 0.705556 0.043750 0.105556
1 0.398438 0.590278 0.043750 0.105556
1 0.410938 0.473611 0.060937 0.083333
1 0.450000 0.332639 0.056250 0.073611
1 0.444531 0.590278 0.045312 0.105556
1 0.444531 0.706250 0.042188 0.106944
1 0.492969 0.708333 0.042188 0.105556
1 0.496094 0.588889 0.043750 0.105556
2 0.133594 0.618056 0.067187 0.125000
2 0.182422 0.556250 0.064844 0.123611
2 0.229687 0.894444 0.068750 0.127778
2 0.228516 0.489583 0.064844 0.123611
2 0.278125 0.843750 0.064062 0.126389
2 0.564453 0.437500 0.057031 0.080556
2 0.564063 0.531944 0.054688 0.075000
2 0.569141 0.629167 0.055469 0.075000
2 0.575000 0.807639 0.056250 0.076389
2 0.575781 0.719444 0.054688 0.075000
3 0.125000 0.850000 0.068750 0.127778
3 0.168750 0.777083 0.065625 0.126389
3 0.214062 0.723611 0.059375 0.122222
3 0.257812 0.645833 0.057813 0.119444
7 0.240625 0.315972 0.059375 0.073611
7 0.310547 0.320139 0.058594 0.079167
7 0.346875 0.705556 0.043750 0.105556
7 0.350391 0.588889 0.044531 0.105556
7 0.387109 0.329861 0.057031 0.076389
7 0.396875 0.705556 0.043750 0.105556
7 0.398438 0.590278 0.043750 0.105556
7 0.410938 0.473611 0.060937 0.083333
7 0.450000 0.332639 0.056250 0.073611
7 0.444531 0.590278 0.045312 0.105556
7 0.444531 0.706250 0.042188 0.106944
7 0.492969 0.708333 0.042188 0.105556
7 0.496094 0.588889 0.043750 0.105556
8 0.240625 0.315972 0.059375 0.073611
9 0.310547 0.320139 0.058594 0.079167
10 0.387109 0.329861 0.057031 0.076389
11 0.450000 0.332639 0.056250 0.073611
12 0.346875 0.705556 0.043750 0.105556
13 0.396875 0.705556 0.043750 0.105556
14 0.444531 0.706250 0.042188 0.106944
15 0.492969 0.708333 0.042188 0.105556
16 0.350391 0.588889 0.044531 0.105556
17 0.398438 0.590278 0.043750 0.105556
18 0.444531 0.590278 0.045312 0.105556
19 0.496094 0.588889 0.043750 0.105556
20 0.410938 0.473611 0.060937 0.083333