0 0.114062 0.677778 0.068750 0.119444
0 0.283594 0.563889 0.067187 0.112500
0 0.321875 0.761111 0.064062 0.097222
0 0.363281 0.662500 0.066406 0.123611
0 0.384375 0.536111 0.069531 0.116667
0 0.589063 0.331944 0.060156 0.113889
0 0.589844 0.745833 0.057031 0.116667
0 0.607031 0.479167 0.053906 0.113889
0 0.699219 0.311111 0.063281 0.108333
1 0.384375 0.536111 0.069531 0.116667
1 0.699219 0.311111 0.063281 0.108333
2 0.114062 0.677778 0.068750 0.119444
2 0.283594 0.563889 0.067187 0.112500
2 0.321875 0.761111 0.064062 0.097222
2 0.363281 0.662500 0.066406 0.123611
2 0.589063 0.331944 0.060156 0.113889
3 0.589844 0.745833 0.057031 0.116667
3 0.607031 0.479167 0.053906 0.113889
7 0.384375 0.536111 0.069531 0.116667
7 0.699219 0.311111 0.063281 0.108333
16 0.384375 0.536111 0.069531 0.116667
18 0.699219 0.311111 0.063281 0.108333