0 0.301824 0.401854 0.052602 0.112958
0 0.329688 0.227778 0.048953 0.107417
0 0.346094 0.533799 0.043234 0.099069
0 0.415363 0.275000 0.063023 0.114806
0 0.415625 0.586111 0.055203 0.114806
0 0.422918 0.459257 0.063539 0.101847
0 0.419008 0.714819 0.045313 0.105556
0 0.469270 0.346757 0.064586 0.117597
0 0.471355 0.140743 0.054164 0.112958
0 0.490102 0.533333 0.056250 0.114806
0 0.503906 0.269444 0.055734 0.114806
0 0.503125 0.680556 0.041672 0.105556
0 0.524219 0.799076 0.057813 0.118514
0 0.534375 0.429167 0.063547 0.100917
0 0.567707 0.627778 0.055211 0.072222
0 0.575000 0.185646 0.066672 0.115736
0 0.576562 0.337500 0.059375 0.082417
0 0.596355 0.506479 0.060414 0.120375
0 0.638281 0.548611 0.045312 0.106472
0 0.658594 0.230097 0.063016 0.119444
0 0.652602 0.778243 0.050000 0.110181
0 0.701043 0.551847 0.067711 0.105556
0 0.723437 0.374542 0.064578 0.091667
1 0.415625 0.586111 0.055203 0.114806
1 0.422918 0.459257 0.063539 0.101847
1 0.419008 0.714819 0.045313 0.105556
1 0.469270 0.346757 0.064586 0.117597
1 0.503906 0.269444 0.055734 0.114806
1 0.503125 0.680556 0.041672 0.105556
1 0.524219 0.799076 0.057813 0.118514
1 0.596355 0.506479 0.060414 0.120375
1 0.658594 0.230097 0.063016 0.119444
1 0.652602 0.778243 0.050000 0.110181
1 0.701043 0.551847 0.067711 0.105556
2 0.301824 0.401854 0.052602 0.112958
2 0.638281 0.548611 0.045312 0.106472
3 0.329688 0.227778 0.048953 0.107417
3 0.346094 0.533799 0.043234 0.099069
3 0.415363 0.275000 0.063023 0.114806
3 0.471355 0.140743 0.054164 0.112958
3 0.490102 0.533333 0.056250 0.114806
3 0.534375 0.429167 0.063547 0.100917
3 0.567707 0.627778 0.055211 0.072222
3 0.575000 0.185646 0.066672 0.115736
3 0.576562 0.337500 0.059375 0.082417
3 0.723437 0.374542 0.064578 0.091667
4 0.422918 0.459257 0.063539 0.101847
4 0.419008 0.714819 0.045313 0.105556
4 0.503906 0.269444 0.055734 0.114806
5 0.415625 0.586111 0.055203 0.114806
5 0.658594 0.230097 0.063016 0.119444
6 0.503125 0.680556 0.041672 0.105556
6 0.524219 0.799076 0.057813 0.118514
6 0.652602 0.778243 0.050000 0.110181
6 0.701043 0.551847 0.067711 0.105556
7 0.469270 0.346757 0.064586 0.117597
7 0.596355 0.506479 0.060414 0.120375
8 0.658594 0.230097 0.063016 0.119444
8 0.701043 0.551847 0.067711 0.105556
10 0.652602 0.778243 0.050000 0.110181
11 0.503125 0.680556 0.041672 0.105556
12 0.415625 0.586111 0.055203 0.114806
12 0.469270 0.346757 0.064586 0.117597
12 0.503906 0.269444 0.055734 0.114806
15 0.419008 0.714819 0.045313 0.105556
16 0.422918 0.459257 0.063539 0.101847
20 0.524219 0.799076 0.057813 0.118514
20 0.596355 0.505556 0.060414 0.120361