0 0.185156 0.484028 0.056250 0.115278
0 0.214844 0.404861 0.057813 0.115278
0 0.269531 0.428472 0.056250 0.118056
0 0.346484 0.448611 0.060156 0.119444
0 0.347656 0.193056 0.060937 0.077778
0 0.393359 0.646528 0.061719 0.120833
0 0.400000 0.443750 0.059375 0.118056
0 0.404687 0.162500 0.056250 0.072222
0 0.439453 0.590278 0.066406 0.111111
0 0.464844 0.168056 0.056250 0.072222
0 0.475391 0.535417 0.066406 0.109722
0 0.538672 0.387500 0.058594 0.080556
0 0.551172 0.517361 0.055469 0.112500
0 0.592969 0.648611 0.051562 0.113889
0 0.597656 0.506250 0.057813 0.112500
0 0.632031 0.473611 0.056250 0.111111
0 0.672656 0.455556 0.057813 0.111111
0 0.709375 0.430556 0.059375 0.111111
1 0.592969 0.648611 0.051562 0.113889
2 0.347656 0.193056 0.060937 0.077778
2 0.393359 0.646528 0.061719 0.120833
2 0.404687 0.162500 0.056250 0.072222
2 0.439453 0.590278 0.066406 0.111111
2 0.464844 0.168056 0.056250 0.072222
2 0.475391 0.535417 0.066406 0.109722
2 0.551172 0.517361 0.055469 0.112500
2 0.597656 0.506250 0.057813 0.112500
2 0.632031 0.473611 0.056250 0.111111
2 0.672656 0.455556 0.057813 0.111111
2 0.709375 0.430556 0.059375 0.111111
3 0.185156 0.484028 0.056250 0.115278
3 0.214844 0.404861 0.057813 0.115278
3 0.269531 0.428472 0.056250 0.118056
3 0.346484 0.448611 0.060156 0.119444
3 0.400000 0.443750 0.059375 0.118056
3 0.538672 0.387500 0.058594 0.080556
4 0.592969 0.648611 0.051562 0.113889
16 0.592969 0.648611 0.051562 0.113889