0 0.321484 0.079861 0.052344 0.115278
0 0.330078 0.388889 0.055469 0.116667
0 0.343359 0.173611 0.055469 0.127778
0 0.365625 0.263194 0.056250 0.115278
0 0.365625 0.504861 0.042188 0.104167
0 0.388672 0.380556 0.055469 0.113889
0 0.436328 0.306250 0.060156 0.095833
0 0.451562 0.419444 0.062500 0.108333
0 0.512500 0.204167 0.065625 0.113889
0 0.530469 0.547222 0.067187 0.116667
0 0.548438 0.301389 0.064062 0.119444
0 0.607422 0.565972 0.066406 0.120833
0 0.622266 0.388889 0.060156 0.116667
0 0.680469 0.218056 0.062500 0.086111
0 0.722656 0.308333 0.067187 0.105556
0 0.765625 0.177083 0.068750 0.112500
2 0.330078 0.388889 0.055469 0.116667
2 0.365625 0.504861 0.042188 0.104167
2 0.388672 0.380556 0.055469 0.113889
2 0.436328 0.306250 0.060156 0.095833
2 0.451562 0.419444 0.062500 0.108333
2 0.622266 0.388889 0.060156 0.116667
2 0.722656 0.308333 0.067187 0.105556
2 0.765625 0.177083 0.068750 0.112500
3 0.321484 0.079861 0.052344 0.115278
3 0.343359 0.173611 0.055469 0.127778
3 0.365625 0.263194 0.056250 0.115278
3 0.512500 0.204167 0.065625 0.113889
3 0.530469 0.547222 0.067187 0.116667
3 0.548438 0.301389 0.064062 0.119444
3 0.607422 0.565972 0.066406 0.120833
3 0.680469 0.218056 0.062500 0.086111