0 0.071484 0.375000 0.071094 0.127778
0 0.106641 0.526389 0.063281 0.125000
0 0.121094 0.673611 0.067187 0.088889
0 0.137500 0.234028 0.053125 0.112500
0 0.160156 0.422222 0.056250 0.116667
0 0.203906 0.337500 0.062500 0.122222
0 0.213281 0.501389 0.065625 0.119444
0 0.217578 0.652083 0.053906 0.112500
0 0.236719 0.234028 0.054688 0.115278
0 0.266016 0.717361 0.066406 0.104167
0 0.265234 0.370833 0.057031 0.119444
0 0.288672 0.559722 0.069531 0.119444
0 0.287500 0.190972 0.053125 0.115278
0 0.315625 0.320139 0.060937 0.120833
0 0.329688 0.447917 0.062500 0.079167
0 0.337500 0.704167 0.065625 0.116667
0 0.351172 0.580556 0.064844 0.122222
0 0.382422 0.268750 0.064844 0.112500
0 0.414062 0.470139 0.057813 0.120833
0 0.411719 0.643750 0.048438 0.109722
0 0.441016 0.334028 0.058594 0.120833
0 0.478125 0.611111 0.043750 0.105556
0 0.487500 0.468750 0.046875 0.109722
0 0.505469 0.314583 0.045312 0.109722
0 0.537109 0.579167 0.052344 0.113889
0 0.547656 0.436111 0.046875 0.108333
1 0.071484 0.375000 0.071094 0.127778
1 0.137500 0.234028 0.053125 0.112500
1 0.236719 0.234028 0.054688 0.115278
1 0.265234 0.370833 0.057031 0.119444
1 0.287500 0.190972 0.053125 0.115278
1 0.315625 0.320139 0.060937 0.120833
1 0.441016 0.334028 0.058594 0.120833
1 0.478125 0.611111 0.043750 0.105556
1 0.487500 0.468750 0.046875 0.109722
1 0.505469 0.314583 0.045312 0.109722
1 0.537109 0.579167 0.052344 0.113889
1 0.547656 0.436111 0.046875 0.108333
2 0.106641 0.526389 0.063281 0.125000
2 0.213281 0.501389 0.065625 0.119444
2 0.217578 0.652083 0.053906 0.112500
2 0.266016 0.717361 0.066406 0.104167
2 0.288672 0.559722 0.069531 0.119444
2 0.329688 0.447917 0.062500 0.079167
2 0.337500 0.704167 0.065625 0.116667
2 0.351172 0.580556 0.064844 0.122222
2 0.382422 0.268750 0.064844 0.112500
2 0.414062 0.470139 0.057813 0.120833
2 0.411719 0.643750 0.048438 0.109722
3 0.121094 0.673611 0.067187 0.088889
3 0.160156 0.422222 0.056250 0.116667
3 0.203906 0.337500 0.062500 0.122222
4 0.236719 0.234028 0.054688 0.115278
4 0.265234 0.370833 0.057031 0.119444
4 0.441016 0.334028 0.058594 0.120833
4 0.547656 0.436111 0.046875 0.108333
5 0.071484 0.375000 0.071094 0.127778
5 0.487500 0.468750 0.046875 0.109722
5 0.537109 0.579167 0.052344 0.113889
6 0.137500 0.234028 0.053125 0.112500
6 0.315625 0.320139 0.060937 0.120833
6 0.478125 0.611111 0.043750 0.105556
6 0.505469 0.314583 0.045312 0.109722
7 0.287500 0.190972 0.053125 0.115278
8 0.071484 0.375000 0.071094 0.127778
9 0.265234 0.370833 0.057031 0.119444
9 0.505469 0.314583 0.045312 0.109722
11 0.537109 0.579167 0.052344 0.113889
12 0.441016 0.334028 0.058594 0.120833
13 0.315625 0.320139 0.060937 0.120833
14 0.487500 0.468750 0.046875 0.109722
14 0.547656 0.436111 0.046875 0.108333
15 0.478125 0.611111 0.043750 0.105556
16 0.287500 0.190972 0.053125 0.115278
17 0.236719 0.234028 0.054688 0.115278
20 0.137500 0.234028 0.053125 0.112500