0 0.232813 0.438889 0.043750 0.104167
0 0.268750 0.300000 0.063281 0.098611
0 0.292969 0.602778 0.056250 0.077778
0 0.328125 0.308333 0.050781 0.113889
0 0.354687 0.616667 0.047656 0.106944
0 0.356250 0.451389 0.049219 0.108333
0 0.379688 0.347222 0.061719 0.093056
0 0.407031 0.515278 0.059375 0.086111
0 0.410938 0.645833 0.060156 0.088889
0 0.510156 0.716667 0.057813 0.079167
0 0.525000 0.463889 0.064062 0.109722
0 0.571094 0.726389 0.051562 0.111111
0 0.583594 0.205556 0.066406 0.109722
0 0.601562 0.501389 0.065625 0.111111
0 0.650781 0.715278 0.047656 0.106944
0 0.678125 0.525000 0.064844 0.101389
0 0.696094 0.226389 0.067187 0.108333
0 0.710938 0.708333 0.060937 0.081944
2 0.268750 0.300000 0.063281 0.098611
2 0.292969 0.602778 0.056250 0.077778
2 0.328125 0.308333 0.050781 0.113889
2 0.354687 0.616667 0.047656 0.106944
2 0.379688 0.347222 0.061719 0.093056
2 0.410938 0.645833 0.060156 0.088889
2 0.525000 0.463889 0.064062 0.109722
2 0.583594 0.205556 0.066406 0.109722
2 0.601562 0.501389 0.065625 0.111111
2 0.678125 0.525000 0.064844 0.101389
2 0.696094 0.226389 0.067187 0.108333
3 0.232813 0.438889 0.043750 0.104167
3 0.356250 0.451389 0.049219 0.108333
3 0.407031 0.515278 0.059375 0.086111
3 0.510156 0.716667 0.057813 0.079167
3 0.571094 0.726389 0.051562 0.111111
3 0.650781 0.715278 0.047656 0.106944
3 0.710938 0.708333 0.060937 0.081944