0 0.236719 0.794444 0.051562 0.113889
0 0.255859 0.615278 0.063281 0.086111
0 0.325391 0.547222 0.046094 0.105556
0 0.337109 0.827083 0.069531 0.112500
0 0.338672 0.679167 0.058594 0.080556
0 0.384766 0.461111 0.050781 0.111111
0 0.408203 0.577083 0.055469 0.115278
0 0.419141 0.925000 0.067969 0.108333
0 0.449219 0.719444 0.060937 0.086111
0 0.463281 0.391667 0.059375 0.113889
0 0.476172 0.508333 0.066406 0.113889
0 0.478906 0.615972 0.062500 0.093056
0 0.530859 0.779167 0.063281 0.119444
0 0.551953 0.596528 0.060156 0.079167
0 0.565625 0.431944 0.060937 0.113889
0 0.593750 0.692361 0.065625 0.101389
0 0.604688 0.892361 0.056250 0.079167
0 0.630859 0.769444 0.066406 0.113889
0 0.633984 0.489583 0.063281 0.109722
0 0.662500 0.406250 0.048438 0.104167
0 0.683594 0.593056 0.054688 0.111111
0 0.694531 0.702083 0.057813 0.084722
0 0.766406 0.554861 0.045312 0.106944
1 0.255859 0.615278 0.063281 0.086111
1 0.419141 0.925000 0.067969 0.108333
1 0.604688 0.892361 0.056250 0.079167
1 0.694531 0.702083 0.057813 0.084722
2 0.236719 0.794444 0.051562 0.113889
2 0.325391 0.547222 0.046094 0.105556
2 0.337109 0.827083 0.069531 0.112500
2 0.338672 0.679167 0.058594 0.080556
2 0.384766 0.461111 0.050781 0.111111
2 0.463281 0.391667 0.059375 0.113889
2 0.565625 0.431944 0.060937 0.113889
2 0.633984 0.489583 0.063281 0.109722
2 0.662500 0.406250 0.048438 0.104167
2 0.683594 0.593056 0.054688 0.111111
2 0.766406 0.554861 0.045312 0.106944
3 0.408203 0.577083 0.055469 0.115278
3 0.449219 0.719444 0.060937 0.086111
3 0.476172 0.508333 0.066406 0.113889
3 0.478906 0.615972 0.062500 0.093056
3 0.530859 0.779167 0.063281 0.119444
3 0.551953 0.596528 0.060156 0.079167
3 0.593750 0.692361 0.065625 0.101389
3 0.630859 0.769444 0.066406 0.113889
4 0.604688 0.892361 0.056250 0.079167
6 0.255859 0.615278 0.063281 0.086111
7 0.419141 0.925000 0.067969 0.108333
7 0.694531 0.702083 0.057813 0.084722
12 0.694531 0.702083 0.057813 0.084722
14 0.419141 0.925000 0.067969 0.108333
19 0.604688 0.892361 0.056250 0.079167
20 0.255859 0.615278 0.063281 0.086111