0 0.176563 0.411806 0.070312 0.109722
0 0.189062 0.697917 0.053125 0.109722
0 0.239063 0.472222 0.065625 0.102778
0 0.255078 0.593750 0.052344 0.112500
0 0.265625 0.306250 0.057813 0.079167
0 0.300781 0.451389 0.053125 0.113889
0 0.313281 0.579861 0.067187 0.115278
0 0.347266 0.411111 0.064844 0.119444
0 0.359375 0.773611 0.065625 0.116667
0 0.362109 0.297222 0.058594 0.080556
0 0.378516 0.573611 0.042969 0.100000
0 0.428125 0.461111 0.065625 0.119444
0 0.425000 0.248611 0.053125 0.116667
0 0.430859 0.662500 0.050781 0.111111
0 0.466797 0.370833 0.060156 0.086111
0 0.470703 0.833333 0.050781 0.111111
0 0.484375 0.525000 0.050000 0.108333
0 0.501563 0.679167 0.054688 0.113889
0 0.537109 0.550000 0.050781 0.111111
0 0.552734 0.332639 0.061719 0.120833
0 0.542188 0.783333 0.039062 0.100000
0 0.565625 0.661111 0.065625 0.116667
0 0.596484 0.572222 0.058594 0.116667
0 0.612891 0.729861 0.046094 0.104167
0 0.619531 0.858333 0.050000 0.111111
0 0.631250 0.338889 0.043750 0.105556
0 0.662109 0.539583 0.041406 0.101389
1 0.176563 0.411806 0.070312 0.109722
1 0.239063 0.472222 0.065625 0.102778
1 0.255078 0.593750 0.052344 0.112500
1 0.265625 0.306250 0.057813 0.079167
1 0.313281 0.579861 0.067187 0.115278
1 0.359375 0.773611 0.065625 0.116667
1 0.362109 0.297222 0.058594 0.080556
1 0.428125 0.461111 0.065625 0.119444
1 0.425000 0.248611 0.053125 0.116667
1 0.466797 0.370833 0.060156 0.086111
1 0.470703 0.833333 0.050781 0.111111
1 0.537109 0.550000 0.050781 0.111111
1 0.552734 0.332639 0.061719 0.120833
1 0.542188 0.783333 0.039062 0.100000
1 0.565625 0.661111 0.065625 0.116667
1 0.612891 0.729861 0.046094 0.104167
1 0.619531 0.858333 0.050000 0.111111
1 0.631250 0.338889 0.043750 0.105556
1 0.662109 0.539583 0.041406 0.101389
2 0.430859 0.662500 0.050781 0.111111
3 0.189062 0.697917 0.053125 0.109722
3 0.300781 0.451389 0.053125 0.113889
3 0.347266 0.411111 0.064844 0.119444
3 0.378516 0.573611 0.042969 0.100000
3 0.484375 0.525000 0.050000 0.108333
3 0.501563 0.679167 0.054688 0.113889
3 0.596484 0.572222 0.058594 0.116667
4 0.239063 0.472222 0.065625 0.102778
4 0.466797 0.370833 0.060156 0.086111
4 0.537109 0.550000 0.050781 0.111111
4 0.552734 0.332639 0.061719 0.120833
5 0.255078 0.593750 0.052344 0.112500
5 0.428125 0.461111 0.065625 0.119444
5 0.470703 0.833333 0.050781 0.111111
5 0.542188 0.783333 0.039062 0.100000
5 0.619531 0.858333 0.050000 0.111111
5 0.662109 0.539583 0.041406 0.101389
6 0.265625 0.306250 0.057813 0.079167
6 0.313281 0.579861 0.067187 0.115278
6 0.362109 0.297222 0.058594 0.080556
6 0.565625 0.661111 0.065625 0.116667
6 0.631250 0.338889 0.043750 0.105556
7 0.176563 0.411806 0.070312 0.109722
7 0.359375 0.773611 0.065625 0.116667
7 0.425000 0.248611 0.053125 0.116667
7 0.612891 0.729861 0.046094 0.104167
8 0.466797 0.370833 0.060156 0.086111
9 0.425000 0.248611 0.053125 0.116667
9 0.619531 0.858333 0.050000 0.111111
10 0.176563 0.411806 0.070312 0.109722
10 0.537109 0.550000 0.050781 0.111111
10 0.542188 0.783333 0.039062 0.100000
11 0.470703 0.833333 0.050781 0.111111
11 0.612891 0.729861 0.046094 0.104167
12 0.565625 0.661111 0.065625 0.116667
13 0.255078 0.593750 0.052344 0.112500
13 0.359375 0.773611 0.065625 0.116667
14 0.313281 0.579861 0.067187 0.115278
15 0.428125 0.461111 0.065625 0.119444
16 0.265625 0.306250 0.057813 0.079167
17 0.239063 0.472222 0.065625 0.102778
17 0.631250 0.338889 0.043750 0.105556
19 0.362109 0.297222 0.058594 0.080556
20 0.552734 0.332639 0.061719 0.120833
20 0.662109 0.539583 0.041406 0.101389