0 0.262500 0.772222 0.064062 0.091667
0 0.260547 0.636111 0.058594 0.080556
0 0.255469 0.323611 0.043750 0.105556
0 0.285156 0.888889 0.070312 0.116667
0 0.305469 0.320139 0.045312 0.106944
0 0.322266 0.523611 0.061719 0.083333
0 0.344531 0.668750 0.068750 0.112500
0 0.358594 0.856250 0.065625 0.126389
0 0.362500 0.325000 0.043750 0.105556
0 0.400781 0.520833 0.042188 0.102778
0 0.416406 0.640278 0.057813 0.077778
0 0.418359 0.755556 0.058594 0.080556
0 0.416797 0.311111 0.044531 0.105556
0 0.482812 0.575000 0.050000 0.108333
0 0.490625 0.918750 0.048438 0.112500
0 0.523828 0.731250 0.050781 0.112500
0 0.550000 0.581944 0.043750 0.102778
0 0.594141 0.476389 0.064844 0.116667
0 0.592187 0.731250 0.042188 0.098611
0 0.598437 0.878472 0.048438 0.109722
0 0.635938 0.630556 0.040625 0.100000
0 0.694141 0.731944 0.057031 0.119444
1 0.255469 0.323611 0.043750 0.105556
1 0.305469 0.320139 0.045312 0.106944
1 0.362500 0.325000 0.043750 0.105556
1 0.416797 0.311111 0.044531 0.105556
2 0.400781 0.520833 0.042188 0.102778
2 0.416406 0.640278 0.057813 0.077778
2 0.482812 0.575000 0.050000 0.108333
2 0.490625 0.918750 0.048438 0.112500
2 0.523828 0.731250 0.050781 0.112500
2 0.550000 0.581944 0.043750 0.102778
2 0.594141 0.476389 0.064844 0.116667
2 0.592187 0.731250 0.042188 0.098611
2 0.598437 0.878472 0.048438 0.109722
2 0.635938 0.630556 0.040625 0.100000
2 0.694141 0.731944 0.057031 0.119444
3 0.262500 0.772222 0.064062 0.091667
3 0.260547 0.636111 0.058594 0.080556
3 0.285156 0.888889 0.070312 0.116667
3 0.322266 0.523611 0.061719 0.083333
3 0.344531 0.668750 0.068750 0.112500
3 0.358594 0.856250 0.065625 0.126389
3 0.418359 0.755556 0.058594 0.080556
5 0.255469 0.323611 0.043750 0.105556
5 0.416797 0.311111 0.044531 0.105556
6 0.305469 0.320139 0.045312 0.106944
6 0.362500 0.325000 0.043750 0.105556
11 0.255469 0.323611 0.043750 0.105556
16 0.305469 0.320139 0.045312 0.106944
17 0.362500 0.325000 0.043750 0.105556
18 0.416797 0.311111 0.044531 0.105556