0 0.224609 0.304167 0.042969 0.102778
0 0.228516 0.153472 0.042969 0.101389
0 0.282031 0.382639 0.060937 0.118056
0 0.304297 0.222222 0.044531 0.102778
0 0.336328 0.518750 0.044531 0.101389
0 0.356641 0.386111 0.042969 0.102778
0 0.375391 0.222917 0.053906 0.115278
0 0.405469 0.526389 0.046875 0.105556
0 0.432812 0.346528 0.045312 0.104167
0 0.440234 0.200000 0.049219 0.108333
0 0.473047 0.493750 0.052344 0.112500
0 0.483594 0.343056 0.056250 0.116667
0 0.482812 0.602778 0.054688 0.113889
0 0.505859 0.178472 0.050781 0.112500
0 0.536719 0.718056 0.065625 0.108333
0 0.546484 0.468750 0.057031 0.115278
0 0.547656 0.305556 0.056250 0.113889
0 0.548047 0.593750 0.055469 0.115278
0 0.573828 0.155556 0.053906 0.113889
0 0.612500 0.276389 0.059375 0.077778
0 0.618750 0.752083 0.064062 0.095833
0 0.619922 0.565972 0.060156 0.118056
0 0.636328 0.410417 0.066406 0.118056
0 0.648047 0.168056 0.066406 0.122222
0 0.680078 0.669444 0.058594 0.083333
0 0.708984 0.309028 0.064844 0.120833
0 0.713672 0.497917 0.066406 0.095833
0 0.729688 0.177778 0.067187 0.102778
0 0.776563 0.606944 0.064062 0.088889
0 0.785937 0.413889 0.064062 0.088889
0 0.792188 0.247917 0.070312 0.115278
1 0.224609 0.304167 0.042969 0.102778
1 0.228516 0.153472 0.042969 0.101389
1 0.282031 0.382639 0.060937 0.118056
1 0.304297 0.222222 0.044531 0.102778
1 0.336328 0.518750 0.044531 0.101389
1 0.356641 0.386111 0.042969 0.102778
1 0.375391 0.222917 0.053906 0.115278
1 0.405469 0.526389 0.046875 0.105556
1 0.432812 0.346528 0.045312 0.104167
1 0.440234 0.200000 0.049219 0.108333
1 0.473047 0.493750 0.052344 0.112500
1 0.483594 0.343056 0.056250 0.116667
1 0.482812 0.602778 0.054688 0.113889
1 0.505859 0.178472 0.050781 0.112500
1 0.546484 0.468750 0.057031 0.115278
1 0.547656 0.305556 0.056250 0.113889
1 0.548047 0.593750 0.055469 0.115278
1 0.573828 0.155556 0.053906 0.113889
1 0.612500 0.276389 0.059375 0.077778
1 0.618750 0.752083 0.064062 0.095833
1 0.619922 0.565972 0.060156 0.118056
1 0.636328 0.410417 0.066406 0.118056
1 0.648047 0.168056 0.066406 0.122222
1 0.680078 0.669444 0.058594 0.083333
1 0.708984 0.309028 0.064844 0.120833
1 0.713672 0.497917 0.066406 0.095833
1 0.729688 0.177778 0.067187 0.102778
1 0.776563 0.606944 0.064062 0.088889
1 0.785937 0.413889 0.064062 0.088889
1 0.792188 0.247917 0.070312 0.115278
3 0.536719 0.718056 0.065625 0.108333
4 0.336328 0.518750 0.044531 0.101389
4 0.440234 0.200000 0.049219 0.108333
4 0.473047 0.493750 0.052344 0.112500
4 0.483594 0.343056 0.056250 0.116667
4 0.546484 0.468750 0.057031 0.115278
4 0.548047 0.593750 0.055469 0.115278
4 0.713672 0.497917 0.066406 0.095833
4 0.785937 0.413889 0.064062 0.088889
5 0.282031 0.382639 0.060937 0.118056
5 0.304297 0.222222 0.044531 0.102778
5 0.405469 0.526389 0.046875 0.105556
5 0.505859 0.178472 0.050781 0.112500
5 0.547656 0.305556 0.056250 0.113889
5 0.612500 0.276389 0.059375 0.077778
5 0.619922 0.565972 0.060156 0.118056
5 0.729688 0.177778 0.067187 0.102778
6 0.228516 0.153472 0.042969 0.101389
6 0.375391 0.222917 0.053906 0.115278
6 0.482812 0.602778 0.054688 0.113889
6 0.618750 0.752083 0.064062 0.095833
6 0.636328 0.410417 0.066406 0.118056
7 0.224609 0.304167 0.042969 0.102778
7 0.356641 0.386111 0.042969 0.102778
7 0.432812 0.346528 0.045312 0.104167
7 0.573828 0.155556 0.053906 0.113889
7 0.648047 0.168056 0.066406 0.122222
7 0.680078 0.669444 0.058594 0.083333
7 0.708984 0.309028 0.064844 0.120833
7 0.776563 0.606944 0.064062 0.088889
7 0.792188 0.247917 0.070312 0.115278
8 0.432812 0.346528 0.045312 0.104167
8 0.546484 0.468750 0.057031 0.115278
9 0.573828 0.155556 0.053906 0.113889
9 0.619922 0.565972 0.060156 0.118056
10 0.405469 0.526389 0.046875 0.105556
10 0.548047 0.593750 0.055469 0.115278
10 0.648047 0.168056 0.066406 0.122222
11 0.224609 0.304167 0.042969 0.102778
11 0.336328 0.518750 0.044531 0.101389
11 0.729688 0.177778 0.067187 0.102778
12 0.228516 0.153472 0.042969 0.101389
13 0.303906 0.222222 0.043750 0.102778
13 0.440234 0.200000 0.049219 0.108333
13 0.792188 0.247917 0.070312 0.115278
14 0.636328 0.410417 0.066406 0.118056
14 0.708984 0.309028 0.064844 0.120833
15 0.356641 0.386111 0.042969 0.102778
16 0.282031 0.382639 0.060937 0.118056
16 0.618750 0.752083 0.064062 0.095833
17 0.482812 0.602778 0.054688 0.113889
17 0.547656 0.305556 0.056250 0.113889
17 0.713672 0.497917 0.066406 0.095833
18 0.473047 0.493750 0.052344 0.112500
18 0.505859 0.178472 0.050781 0.112500
18 0.680078 0.669444 0.058594 0.083333
19 0.375391 0.221528 0.053906 0.115278
19 0.483594 0.343056 0.056250 0.116667
19 0.776563 0.606944 0.064062 0.088889
20 0.612500 0.276389 0.059375 0.077778
20 0.785937 0.413889 0.064062 0.088889