0 0.156250 0.393750 0.062500 0.115278
0 0.193750 0.517361 0.056250 0.115278
0 0.195703 0.311806 0.052344 0.112500
0 0.216406 0.186111 0.062500 0.116667
0 0.248438 0.385417 0.051562 0.112500
0 0.258594 0.627083 0.064062 0.112500
0 0.256250 0.518750 0.050000 0.109722
0 0.273828 0.248611 0.060156 0.119444
0 0.291016 0.734722 0.057031 0.119444
0 0.312500 0.387500 0.050000 0.113889
0 0.309375 0.527778 0.042188 0.100000
0 0.325391 0.254861 0.063281 0.118056
0 0.347266 0.678472 0.064844 0.118056
0 0.346875 0.900000 0.060937 0.119444
0 0.371484 0.555556 0.053906 0.113889
0 0.377734 0.418056 0.064844 0.100000
0 0.403125 0.747222 0.059375 0.116667
0 0.413672 0.251389 0.066406 0.108333
0 0.420312 0.131250 0.059375 0.084722
0 0.428125 0.362500 0.050000 0.108333
0 0.444141 0.527778 0.061719 0.116667
0 0.443750 0.681250 0.043750 0.104167
0 0.460938 0.922222 0.056250 0.116667
0 0.475781 0.345139 0.057813 0.118056
0 0.473438 0.208333 0.043750 0.105556
0 0.485938 0.806944 0.048438 0.111111
0 0.514062 0.629861 0.065625 0.115278
0 0.525391 0.462500 0.066406 0.113889
0 0.545703 0.272917 0.066406 0.106944
0 0.549609 0.851389 0.041406 0.105556
0 0.564844 0.178472 0.060937 0.087500
0 0.572266 0.671528 0.042969 0.101389
0 0.602734 0.532639 0.063281 0.120833
0 0.606250 0.798611 0.056250 0.119444
0 0.617578 0.277083 0.067969 0.112500
0 0.650000 0.145139 0.062500 0.090278
0 0.650391 0.683333 0.058594 0.119444
0 0.669141 0.406944 0.066406 0.116667
0 0.680078 0.518750 0.069531 0.118056
0 0.673047 0.284028 0.047656 0.109722
0 0.728906 0.480556 0.059375 0.119444
0 0.737500 0.237500 0.068750 0.105556
0 0.732812 0.661111 0.050000 0.111111
0 0.773828 0.406250 0.058594 0.118056
0 0.818359 0.585417 0.067969 0.123611
1 0.156250 0.393750 0.062500 0.115278
1 0.193750 0.517361 0.056250 0.115278
1 0.195703 0.311806 0.052344 0.112500
1 0.216406 0.186111 0.062500 0.116667
1 0.248438 0.385417 0.051562 0.112500
1 0.258594 0.627083 0.064062 0.112500
1 0.256250 0.518750 0.050000 0.109722
1 0.273828 0.248611 0.060156 0.119444
1 0.291016 0.734722 0.057031 0.119444
1 0.312500 0.387500 0.050000 0.113889
1 0.309375 0.527778 0.042188 0.100000
1 0.325391 0.254861 0.063281 0.118056
1 0.347266 0.678472 0.064844 0.118056
1 0.346875 0.900000 0.060937 0.119444
1 0.371484 0.555556 0.053906 0.113889
1 0.377734 0.418056 0.064844 0.100000
1 0.403125 0.747222 0.059375 0.116667
1 0.413672 0.251389 0.066406 0.108333
1 0.420312 0.131250 0.059375 0.084722
1 0.444141 0.527778 0.061719 0.116667
1 0.443750 0.681250 0.043750 0.104167
1 0.460938 0.922222 0.056250 0.116667
1 0.475781 0.345139 0.057813 0.118056
1 0.473438 0.208333 0.043750 0.105556
1 0.485938 0.806944 0.048438 0.111111
1 0.514062 0.629861 0.065625 0.115278
1 0.525391 0.462500 0.066406 0.113889
1 0.545703 0.272917 0.066406 0.106944
1 0.549609 0.851389 0.041406 0.105556
1 0.564844 0.178472 0.060937 0.087500
1 0.572266 0.671528 0.042969 0.101389
1 0.602734 0.532639 0.063281 0.120833
1 0.606250 0.798611 0.056250 0.119444
1 0.617578 0.277083 0.067969 0.112500
1 0.650000 0.145139 0.062500 0.090278
1 0.650391 0.683333 0.058594 0.119444
1 0.669141 0.406944 0.066406 0.116667
1 0.680078 0.518750 0.069531 0.118056
1 0.673047 0.284028 0.047656 0.109722
1 0.728906 0.480556 0.059375 0.119444
1 0.737500 0.237500 0.068750 0.105556
1 0.732812 0.661111 0.050000 0.111111
1 0.773828 0.406250 0.058594 0.118056
1 0.818359 0.585417 0.067969 0.123611
2 0.428125 0.362500 0.050000 0.108333
4 0.258594 0.627083 0.064062 0.112500
4 0.309375 0.527778 0.042188 0.100000
4 0.325391 0.254861 0.063281 0.118056
4 0.346875 0.900000 0.060937 0.119444
4 0.371484 0.555556 0.053906 0.113889
4 0.413672 0.251389 0.066406 0.108333
4 0.420312 0.131250 0.059375 0.084722
4 0.444141 0.527778 0.061719 0.116667
4 0.728906 0.480556 0.059375 0.119444
4 0.737500 0.237500 0.068750 0.105556
5 0.248438 0.385417 0.051562 0.112500
5 0.273828 0.248611 0.060156 0.119444
5 0.473438 0.208333 0.043750 0.105556
5 0.545703 0.272917 0.066406 0.106944
5 0.602734 0.532639 0.063281 0.120833
5 0.606250 0.798611 0.056250 0.119444
5 0.617578 0.277083 0.067969 0.112500
5 0.669141 0.406944 0.066406 0.116667
5 0.680078 0.518750 0.069531 0.118056
5 0.673047 0.284028 0.047656 0.109722
5 0.773828 0.406250 0.058594 0.118056
6 0.156250 0.393750 0.062500 0.115278
6 0.291016 0.734722 0.057031 0.119444
6 0.312500 0.387500 0.050000 0.113889
6 0.347266 0.678472 0.064844 0.118056
6 0.403125 0.747222 0.059375 0.116667
6 0.460938 0.922222 0.056250 0.116667
6 0.525391 0.462500 0.066406 0.113889
6 0.549609 0.851389 0.041406 0.105556
6 0.572266 0.671528 0.042969 0.101389
6 0.650391 0.683333 0.058594 0.119444
6 0.732812 0.661111 0.050000 0.111111
7 0.193750 0.517361 0.056250 0.115278
7 0.195703 0.311806 0.052344 0.112500
7 0.216406 0.186111 0.062500 0.116667
7 0.256250 0.518750 0.050000 0.109722
7 0.377734 0.418056 0.064844 0.100000
7 0.443750 0.681250 0.043750 0.104167
7 0.475781 0.345139 0.057813 0.118056
7 0.485938 0.806944 0.048438 0.111111
7 0.514062 0.629861 0.065625 0.115278
7 0.564844 0.178472 0.060937 0.087500
7 0.650000 0.145139 0.062500 0.090278
7 0.818359 0.585417 0.067969 0.123611
8 0.325391 0.254861 0.063281 0.118056
8 0.514062 0.629861 0.065625 0.115278
8 0.773828 0.406250 0.058594 0.118056
9 0.195703 0.311806 0.052344 0.112500
9 0.460938 0.922222 0.056250 0.116667
9 0.606250 0.798611 0.056250 0.119444
10 0.291016 0.734722 0.057031 0.119444
10 0.413672 0.251389 0.066406 0.108333
10 0.485938 0.806944 0.048438 0.111111
11 0.248438 0.385417 0.051562 0.112500
11 0.347266 0.678472 0.064844 0.118056
11 0.371484 0.555556 0.053906 0.113889
11 0.443750 0.681250 0.043750 0.104167
12 0.312500 0.387500 0.050000 0.113889
12 0.473438 0.208333 0.043750 0.105556
13 0.156250 0.393750 0.062500 0.115278
13 0.650000 0.145139 0.062500 0.090278
13 0.680078 0.518750 0.069531 0.118056
14 0.346875 0.900000 0.060937 0.119444
14 0.475781 0.345139 0.057813 0.118056
14 0.549609 0.851389 0.041406 0.105556
14 0.617578 0.277083 0.067969 0.112500
15 0.256250 0.518750 0.050000 0.109722
15 0.545703 0.272917 0.066406 0.106944
15 0.669141 0.406944 0.066406 0.116667
15 0.737500 0.237500 0.068750 0.105556
16 0.377734 0.418056 0.064844 0.100000
16 0.444141 0.527778 0.061719 0.116667
16 0.525391 0.462500 0.066406 0.113889
16 0.673047 0.284028 0.047656 0.109722
17 0.193750 0.517361 0.056250 0.115278
17 0.403125 0.747222 0.059375 0.116667
17 0.420312 0.131250 0.059375 0.084722
18 0.258594 0.627083 0.064062 0.112500
18 0.602734 0.532639 0.063281 0.120833
18 0.732812 0.661111 0.050000 0.111111
18 0.818359 0.585417 0.067969 0.123611
19 0.216406 0.186111 0.062500 0.116667
19 0.309375 0.527778 0.042188 0.100000
19 0.572266 0.671528 0.042969 0.101389
20 0.273828 0.248611 0.060156 0.119444
20 0.564844 0.178472 0.060937 0.087500
20 0.650391 0.683333 0.058594 0.119444
20 0.728906 0.480556 0.059375 0.119444