0 0.105859 0.431250 0.058594 0.118056
0 0.141016 0.595139 0.067969 0.098611
0 0.153125 0.313889 0.053125 0.113889
0 0.162500 0.442361 0.051562 0.112500
0 0.193359 0.701389 0.066406 0.116667
0 0.206641 0.567361 0.067969 0.090278
0 0.212500 0.301389 0.051562 0.111111
0 0.213281 0.428472 0.048438 0.109722
0 0.233203 0.744444 0.069531 0.122222
0 0.268750 0.491667 0.067187 0.122222
0 0.277734 0.783333 0.064844 0.122222
0 0.275000 0.178472 0.043750 0.104167
0 0.280469 0.288889 0.046875 0.105556
0 0.300000 0.403472 0.060937 0.115278
0 0.306250 0.588889 0.065625 0.091667
0 0.334375 0.271528 0.043750 0.104167
0 0.336328 0.488889 0.046094 0.105556
0 0.337891 0.735417 0.049219 0.109722
0 0.365625 0.623611 0.065625 0.100000
0 0.361719 0.383333 0.054688 0.072222
0 0.382812 0.498611 0.046875 0.108333
0 0.392188 0.261111 0.043750 0.105556
0 0.394531 0.731944 0.046875 0.102778
0 0.419922 0.383333 0.057031 0.077778
0 0.432031 0.525000 0.042188 0.102778
0 0.442969 0.671528 0.042188 0.104167
0 0.447656 0.265972 0.042188 0.104167
0 0.481250 0.459722 0.048438 0.108333
0 0.491016 0.568056 0.066406 0.108333
1 0.153125 0.313889 0.053125 0.113889
1 0.162500 0.442361 0.051562 0.112500
1 0.212500 0.301389 0.051562 0.111111
1 0.213281 0.428472 0.048438 0.109722
1 0.334375 0.271528 0.043750 0.104167
1 0.336328 0.488889 0.046094 0.105556
1 0.337891 0.735417 0.049219 0.109722
1 0.382812 0.498611 0.046875 0.108333
1 0.392188 0.261111 0.043750 0.105556
1 0.432031 0.525000 0.042188 0.102778
1 0.442969 0.671528 0.042188 0.104167
1 0.447656 0.265972 0.042188 0.104167
1 0.481250 0.459722 0.048438 0.108333
2 0.105859 0.431250 0.058594 0.118056
2 0.193359 0.701389 0.066406 0.116667
2 0.233203 0.744444 0.069531 0.122222
2 0.268750 0.491667 0.067187 0.122222
2 0.277734 0.783333 0.064844 0.122222
2 0.275000 0.178472 0.043750 0.104167
2 0.280469 0.288889 0.046875 0.105556
2 0.300000 0.403472 0.060937 0.115278
2 0.361719 0.383333 0.054688 0.072222
2 0.419922 0.383333 0.057031 0.077778
2 0.491016 0.568056 0.066406 0.108333
3 0.141016 0.595139 0.067969 0.098611
3 0.206641 0.567361 0.067969 0.090278
3 0.306250 0.588889 0.065625 0.091667
3 0.365625 0.623611 0.065625 0.100000
3 0.394531 0.731944 0.046875 0.102778
4 0.153125 0.313889 0.053125 0.113889
4 0.212500 0.301389 0.051562 0.111111
4 0.334375 0.271528 0.043750 0.104167
5 0.162500 0.442361 0.051562 0.112500
5 0.447656 0.265972 0.042188 0.104167
6 0.337891 0.735417 0.049219 0.109722
6 0.442969 0.671528 0.042188 0.104167
6 0.481250 0.459722 0.048438 0.108333
7 0.213281 0.428472 0.048438 0.109722
7 0.336328 0.488889 0.046094 0.105556
7 0.382812 0.498611 0.046875 0.108333
7 0.392188 0.261111 0.043750 0.105556
7 0.432031 0.525000 0.042188 0.102778
10 0.442969 0.671528 0.042188 0.104167
11 0.213281 0.428472 0.048438 0.109722
13 0.153125 0.313889 0.053125 0.113889
15 0.336328 0.488889 0.046094 0.105556
15 0.337891 0.735417 0.049219 0.109722
16 0.212500 0.301389 0.051562 0.111111
17 0.392188 0.261111 0.043750 0.105556
18 0.447656 0.265972 0.042188 0.104167
19 0.334375 0.271528 0.043750 0.104167
19 0.432031 0.525000 0.042188 0.102778
20 0.162500 0.442361 0.051562 0.112500
20 0.382812 0.498611 0.046875 0.108333
20 0.481250 0.459722 0.048438 0.108333