0 0.075000 0.589583 0.050000 0.109722
0 0.120313 0.453472 0.071875 0.120833
0 0.135937 0.756944 0.068750 0.100000
0 0.148047 0.582639 0.066406 0.095833
0 0.183594 0.454861 0.054688 0.118056
0 0.190234 0.225000 0.061719 0.080556
0 0.209375 0.780556 0.056250 0.116667
0 0.212109 0.603472 0.055469 0.115278
0 0.243750 0.493750 0.065625 0.098611
0 0.258594 0.228472 0.059375 0.079167
0 0.266016 0.803472 0.061719 0.123611
0 0.272266 0.638889 0.069531 0.119444
0 0.323437 0.233333 0.059375 0.077778
0 0.328125 0.459722 0.056250 0.119444
0 0.361719 0.741667 0.046875 0.108333
0 0.371875 0.878472 0.059375 0.081944
0 0.386719 0.463889 0.053125 0.116667
0 0.392969 0.237500 0.057813 0.080556
0 0.426953 0.727083 0.049219 0.112500
0 0.434375 0.884028 0.053125 0.115278
0 0.453125 0.448611 0.050000 0.111111
0 0.479297 0.737500 0.042969 0.105556
0 0.512891 0.462500 0.049219 0.111111
0 0.515625 0.869444 0.046875 0.108333
0 0.538281 0.742361 0.043750 0.106944
0 0.565234 0.384722 0.063281 0.116667
0 0.573438 0.857639 0.059375 0.081944
0 0.598437 0.462500 0.065625 0.108333
0 0.586719 0.745139 0.042188 0.104167
0 0.631250 0.555556 0.056250 0.113889
0 0.644922 0.667361 0.052344 0.109722
0 0.649219 0.787500 0.042188 0.097222
1 0.190234 0.225000 0.061719 0.080556
1 0.258594 0.228472 0.059375 0.079167
1 0.323437 0.233333 0.059375 0.077778
1 0.328125 0.459722 0.056250 0.119444
1 0.361719 0.741667 0.046875 0.108333
1 0.386719 0.463889 0.053125 0.116667
1 0.392969 0.237500 0.057813 0.080556
1 0.426953 0.727083 0.049219 0.112500
1 0.453125 0.448611 0.050000 0.111111
1 0.479297 0.737500 0.042969 0.105556
1 0.512891 0.462500 0.049219 0.111111
1 0.538281 0.742361 0.043750 0.106944
1 0.586719 0.745139 0.042188 0.104167
2 0.120313 0.453472 0.071875 0.120833
2 0.135937 0.756944 0.068750 0.100000
2 0.183594 0.454861 0.054688 0.118056
2 0.209375 0.780556 0.056250 0.116667
2 0.243750 0.493750 0.065625 0.098611
2 0.266016 0.803472 0.061719 0.123611
2 0.565234 0.384722 0.063281 0.116667
2 0.598437 0.462500 0.065625 0.108333
2 0.631250 0.555556 0.056250 0.113889
2 0.644922 0.667361 0.052344 0.109722
2 0.649219 0.787500 0.042188 0.097222
3 0.075000 0.589583 0.050000 0.109722
3 0.148047 0.582639 0.066406 0.095833
3 0.212109 0.603472 0.055469 0.115278
3 0.272266 0.638889 0.069531 0.119444
3 0.371875 0.878472 0.059375 0.081944
3 0.434375 0.884028 0.053125 0.115278
3 0.515625 0.869444 0.046875 0.108333
3 0.573438 0.857639 0.059375 0.081944
4 0.190234 0.225000 0.061719 0.080556
4 0.258594 0.228472 0.059375 0.079167
4 0.323437 0.233333 0.059375 0.077778
4 0.328125 0.459722 0.056250 0.119444
4 0.361719 0.741667 0.046875 0.108333
4 0.386719 0.463889 0.053125 0.116667
4 0.392969 0.237500 0.057813 0.080556
4 0.426953 0.727083 0.049219 0.112500
4 0.453125 0.448611 0.050000 0.111111
4 0.479297 0.737500 0.042969 0.105556
4 0.512891 0.462500 0.049219 0.111111
4 0.538281 0.742361 0.043750 0.106944
4 0.586719 0.745139 0.042188 0.104167
8 0.586719 0.745139 0.042188 0.104167
9 0.538281 0.742361 0.043750 0.106944
10 0.479297 0.737500 0.042969 0.105556
11 0.426953 0.727083 0.049219 0.112500
12 0.361719 0.741667 0.046875 0.108333
13 0.190234 0.225000 0.061719 0.080556
14 0.258594 0.228472 0.059375 0.079167
15 0.323437 0.233333 0.059375 0.077778
16 0.392969 0.237500 0.057813 0.080556
17 0.328125 0.459722 0.056250 0.119444
18 0.386719 0.463889 0.053125 0.116667
19 0.453125 0.448611 0.050000 0.111111
20 0.512891 0.462500 0.049219 0.111111