0 0.296484 0.414583 0.046094 0.101389
0 0.334375 0.560417 0.060937 0.101389
0 0.340625 0.765972 0.059375 0.093056
0 0.378125 0.672222 0.062500 0.094444
0 0.474219 0.768056 0.053125 0.116667
0 0.525000 0.717361 0.056250 0.118056
0 0.564063 0.645139 0.042188 0.098611
0 0.674219 0.868750 0.057813 0.120833
2 0.296484 0.414583 0.046094 0.101389
2 0.334375 0.560417 0.060937 0.101389
2 0.474219 0.768056 0.053125 0.116667
2 0.525000 0.717361 0.056250 0.118056
2 0.564063 0.645139 0.042188 0.098611
2 0.674219 0.868750 0.057813 0.120833
3 0.340625 0.765972 0.059375 0.093056
3 0.378125 0.672222 0.062500 0.094444