0 0.232813 0.708333 0.053125 0.111111
0 0.256250 0.836111 0.043750 0.105556
0 0.310937 0.790278 0.053125 0.111111
0 0.342969 0.690278 0.065625 0.105556
0 0.350000 0.218750 0.056250 0.073611
0 0.358594 0.863889 0.056250 0.116667
0 0.356250 0.587500 0.050000 0.113889
0 0.404687 0.213194 0.057813 0.073611
0 0.418750 0.851389 0.060937 0.119444
0 0.422656 0.655556 0.053125 0.113889
0 0.459766 0.204861 0.057031 0.076389
0 0.471875 0.726389 0.043750 0.102778
0 0.486328 0.851389 0.049219 0.113889
0 0.493750 0.611111 0.043750 0.105556
0 0.517188 0.193750 0.056250 0.079167
0 0.543750 0.650000 0.043750 0.102778
0 0.565625 0.829861 0.043750 0.106944
0 0.597656 0.568750 0.046875 0.106944
0 0.624219 0.740278 0.048438 0.111111
0 0.708984 0.615278 0.047656 0.108333
1 0.350000 0.218750 0.056250 0.073611
1 0.404687 0.213194 0.057813 0.073611
1 0.459766 0.204861 0.057031 0.076389
1 0.517188 0.193750 0.056250 0.079167
2 0.232813 0.708333 0.053125 0.111111
2 0.256250 0.836111 0.043750 0.105556
2 0.310937 0.790278 0.053125 0.111111
2 0.342969 0.690278 0.065625 0.105556
2 0.358594 0.863889 0.056250 0.116667
2 0.356250 0.587500 0.050000 0.113889
2 0.422656 0.655556 0.053125 0.113889
2 0.493750 0.611111 0.043750 0.105556
2 0.543750 0.650000 0.043750 0.102778
2 0.597656 0.568750 0.046875 0.106944
3 0.418750 0.851389 0.060937 0.119444
3 0.471875 0.726389 0.043750 0.102778
3 0.486328 0.851389 0.049219 0.113889
3 0.565625 0.829861 0.043750 0.106944
3 0.624219 0.740278 0.048438 0.111111
3 0.708984 0.615278 0.047656 0.108333
4 0.350000 0.218750 0.056250 0.073611
4 0.404687 0.213194 0.057813 0.073611
7 0.459766 0.204861 0.057031 0.076389
7 0.517188 0.193750 0.056250 0.079167
8 0.350000 0.218750 0.056250 0.073611
13 0.516406 0.195139 0.056250 0.079167
16 0.405469 0.210417 0.057813 0.073611
18 0.459766 0.204861 0.057031 0.076389