0 0.154688 0.284722 0.069531 0.123611
0 0.154688 0.702778 0.055469 0.116667
0 0.219531 0.573611 0.052344 0.113889
0 0.242188 0.369444 0.064062 0.088889
0 0.261719 0.511111 0.060156 0.118056
0 0.303906 0.636111 0.066406 0.094444
0 0.325781 0.406944 0.065625 0.108333
0 0.357812 0.556944 0.067969 0.119444
0 0.364063 0.277778 0.067969 0.111111
0 0.369531 0.693056 0.064844 0.120833
0 0.396094 0.463889 0.064062 0.122222
0 0.403125 0.216667 0.068750 0.115278
0 0.427344 0.563889 0.064062 0.122222
0 0.427344 0.345833 0.057813 0.086111
0 0.443750 0.704167 0.059375 0.090278
0 0.489063 0.609722 0.063281 0.112500
0 0.497656 0.293056 0.063281 0.109722
0 0.506250 0.447222 0.065625 0.118056
0 0.555469 0.397222 0.065625 0.112500
1 0.219531 0.573611 0.052344 0.113889
1 0.261719 0.511111 0.060156 0.118056
1 0.396094 0.463889 0.064062 0.122222
1 0.427344 0.563889 0.064062 0.122222
2 0.154688 0.284722 0.069531 0.123611
2 0.154688 0.702778 0.055469 0.116667
2 0.242188 0.369444 0.064062 0.088889
2 0.325781 0.406944 0.065625 0.108333
2 0.357812 0.556944 0.067969 0.119444
2 0.369531 0.693056 0.064844 0.120833
2 0.427344 0.345833 0.057813 0.086111
2 0.443750 0.704167 0.059375 0.090278
2 0.489063 0.609722 0.063281 0.112500
2 0.497656 0.293056 0.063281 0.109722
2 0.506250 0.447222 0.065625 0.118056
3 0.303906 0.636111 0.066406 0.094444
3 0.364063 0.277778 0.067969 0.111111
3 0.403125 0.216667 0.068750 0.115278
3 0.555469 0.397222 0.065625 0.112500
4 0.427344 0.563889 0.064062 0.122222
5 0.219531 0.573611 0.052344 0.113889
5 0.396094 0.463889 0.064062 0.122222
6 0.261719 0.511111 0.060156 0.118056
13 0.427344 0.563889 0.064062 0.122222
14 0.219531 0.573611 0.052344 0.113889
17 0.261719 0.511111 0.060156 0.118056
19 0.396094 0.463889 0.064062 0.122222