0 0.207813 0.754861 0.071875 0.120833
0 0.341016 0.775000 0.058594 0.080556
0 0.366016 0.529861 0.042969 0.101389
0 0.391406 0.680556 0.057813 0.119444
0 0.443359 0.863889 0.063281 0.119444
0 0.533594 0.533333 0.065625 0.111111
0 0.537500 0.357639 0.048438 0.106944
0 0.607422 0.315278 0.060156 0.113889
0 0.607812 0.500000 0.056250 0.116667
0 0.653906 0.709028 0.054688 0.115278
0 0.687500 0.462500 0.057813 0.091667
0 0.686719 0.592361 0.050000 0.106944
2 0.207813 0.754861 0.071875 0.120833
2 0.341016 0.775000 0.058594 0.080556
2 0.366016 0.529861 0.042969 0.101389
2 0.391406 0.680556 0.057813 0.119444
2 0.533594 0.533333 0.065625 0.111111
2 0.537500 0.357639 0.048438 0.106944
2 0.607422 0.315278 0.060156 0.113889
2 0.687500 0.462500 0.057813 0.091667
2 0.686719 0.592361 0.050000 0.106944
3 0.443359 0.863889 0.063281 0.119444
3 0.607812 0.500000 0.056250 0.116667
3 0.653906 0.709028 0.054688 0.115278