0 0.364063 0.506944 0.065625 0.116667
0 0.399609 0.418750 0.066406 0.112500
0 0.404687 0.620139 0.062500 0.118056
0 0.409766 0.300000 0.058594 0.083333
0 0.478906 0.392361 0.062500 0.106944
0 0.490625 0.136111 0.050000 0.108333
0 0.535156 0.124306 0.051562 0.112500
0 0.575000 0.308333 0.050000 0.108333
0 0.580078 0.115278 0.047656 0.111111
0 0.662891 0.566667 0.063281 0.122222
0 0.685937 0.284722 0.068750 0.122222
0 0.730859 0.404167 0.049219 0.108333
0 0.746875 0.169444 0.067187 0.100000
0 0.791016 0.298611 0.061719 0.080556
1 0.364063 0.506944 0.065625 0.116667
1 0.399609 0.418750 0.066406 0.112500
1 0.404687 0.620139 0.062500 0.118056
1 0.409766 0.300000 0.058594 0.083333
2 0.478906 0.392361 0.062500 0.106944
2 0.490625 0.136111 0.050000 0.108333
2 0.535156 0.124306 0.051562 0.112500
2 0.580078 0.115278 0.047656 0.111111
2 0.662891 0.566667 0.063281 0.122222
3 0.575000 0.308333 0.050000 0.108333
3 0.685937 0.284722 0.068750 0.122222
3 0.730859 0.404167 0.049219 0.108333
3 0.746875 0.169444 0.067187 0.100000
3 0.791016 0.298611 0.061719 0.080556
4 0.404687 0.620139 0.062500 0.118056
5 0.409766 0.300000 0.058594 0.083333
6 0.399609 0.418750 0.066406 0.112500
7 0.364063 0.506944 0.065625 0.116667
9 0.364063 0.506944 0.065625 0.116667
9 0.399609 0.418750 0.066406 0.112500
14 0.404687 0.620139 0.062500 0.118056
15 0.409766 0.300000 0.058594 0.083333