0 0.440625 0.280556 0.060937 0.113889
0 0.465234 0.438889 0.055469 0.086111
0 0.503906 0.300694 0.057813 0.079167
0 0.506641 0.552778 0.061719 0.094444
0 0.522266 0.173611 0.060156 0.075000
0 0.542969 0.407639 0.067187 0.095833
0 0.586328 0.512500 0.064844 0.116667
0 0.601562 0.311806 0.068750 0.123611
0 0.605078 0.152778 0.066406 0.125000
0 0.646484 0.424306 0.061719 0.112500
0 0.678906 0.270833 0.071875 0.119444
0 0.708203 0.141667 0.057031 0.122222
0 0.719531 0.408333 0.059375 0.119444
0 0.775391 0.193056 0.057031 0.125000
1 0.601562 0.311806 0.068750 0.123611
2 0.440625 0.280556 0.060937 0.113889
2 0.465234 0.438889 0.055469 0.086111
2 0.503906 0.300694 0.057813 0.079167
2 0.506641 0.552778 0.061719 0.094444
2 0.542969 0.407639 0.067187 0.095833
2 0.586328 0.512500 0.064844 0.116667
2 0.605078 0.152778 0.066406 0.125000
2 0.646484 0.424306 0.061719 0.112500
2 0.678906 0.270833 0.071875 0.119444
2 0.719531 0.408333 0.059375 0.119444
2 0.775391 0.193056 0.057031 0.125000
3 0.522266 0.173611 0.060156 0.075000
3 0.708203 0.141667 0.057031 0.122222
4 0.601562 0.311806 0.068750 0.123611
11 0.601562 0.311806 0.068750 0.123611