0 0.323437 0.347222 0.064062 0.091667
0 0.330469 0.240278 0.065625 0.108333
0 0.408203 0.351389 0.067969 0.116667
0 0.407813 0.468750 0.064062 0.095833
0 0.455078 0.187500 0.046094 0.105556
0 0.468750 0.427778 0.062500 0.094444
0 0.486328 0.333333 0.057031 0.083333
0 0.516406 0.217361 0.043750 0.104167
0 0.560937 0.721528 0.062500 0.115278
0 0.565234 0.346528 0.064844 0.120833
0 0.580078 0.206250 0.053906 0.070833
0 0.624609 0.277778 0.060156 0.086111
1 0.407813 0.468750 0.064062 0.095833
2 0.330469 0.240278 0.065625 0.108333
2 0.408203 0.351389 0.067969 0.116667
2 0.455078 0.187500 0.046094 0.105556
2 0.486328 0.333333 0.057031 0.083333
2 0.516406 0.217361 0.043750 0.104167
2 0.560937 0.721528 0.062500 0.115278
2 0.565234 0.346528 0.064844 0.120833
2 0.580078 0.206250 0.053906 0.070833
2 0.624609 0.277778 0.060156 0.086111
3 0.323437 0.347222 0.064062 0.091667
3 0.468750 0.427778 0.062500 0.094444
5 0.407813 0.468750 0.064062 0.095833
9 0.407813 0.468750 0.064062 0.095833