0 0.277734 0.589583 0.052344 0.112500
0 0.312109 0.755556 0.046094 0.108333
0 0.337500 0.436111 0.045312 0.102778
0 0.348438 0.595833 0.054688 0.113889
0 0.367969 0.726389 0.046875 0.108333
0 0.394141 0.857639 0.047656 0.112500
0 0.401562 0.579861 0.050000 0.109722
0 0.415625 0.718750 0.045312 0.104167
0 0.448047 0.845833 0.039844 0.102778
0 0.457813 0.435417 0.057813 0.115278
0 0.455078 0.568056 0.046094 0.105556
0 0.468359 0.709722 0.047656 0.108333
0 0.503906 0.575000 0.054688 0.113889
0 0.501953 0.852778 0.047656 0.108333
0 0.517969 0.434028 0.045312 0.106944
0 0.586328 0.530556 0.042969 0.100000
0 0.644141 0.517361 0.050781 0.112500
0 0.650000 0.664583 0.045312 0.106944
1 0.277734 0.589583 0.052344 0.112500
1 0.312109 0.755556 0.046094 0.108333
1 0.337500 0.436111 0.045312 0.102778
1 0.348438 0.595833 0.054688 0.113889
1 0.367969 0.726389 0.046875 0.108333
1 0.394141 0.857639 0.047656 0.112500
1 0.401562 0.579861 0.050000 0.109722
1 0.448047 0.845833 0.039844 0.102778
1 0.455078 0.568056 0.046094 0.105556
1 0.468359 0.709722 0.047656 0.108333
1 0.503906 0.575000 0.054688 0.113889
1 0.501953 0.852778 0.047656 0.108333
1 0.517969 0.434028 0.045312 0.106944
1 0.644141 0.517361 0.050781 0.112500
1 0.650000 0.664583 0.045312 0.106944
2 0.457813 0.435417 0.057813 0.115278
3 0.415625 0.718750 0.045312 0.104167
3 0.586328 0.530556 0.042969 0.100000
4 0.348438 0.595833 0.054688 0.113889
4 0.401562 0.579861 0.050000 0.109722
4 0.455078 0.568056 0.046094 0.105556
4 0.468359 0.709722 0.047656 0.108333
5 0.277734 0.589583 0.052344 0.112500
5 0.312109 0.755556 0.046094 0.108333
5 0.517969 0.434028 0.045312 0.106944
6 0.337500 0.436111 0.045312 0.102778
6 0.367969 0.726389 0.046875 0.108333
6 0.394141 0.857639 0.047656 0.112500
6 0.448047 0.845833 0.039844 0.102778
6 0.503906 0.575000 0.054688 0.113889
6 0.650000 0.664583 0.045312 0.106944
7 0.501953 0.852778 0.047656 0.108333
7 0.644141 0.517361 0.050781 0.112500
8 0.312109 0.755556 0.046094 0.108333
8 0.448047 0.845833 0.039844 0.102778
9 0.455078 0.568056 0.046094 0.105556
10 0.337500 0.436111 0.045312 0.102778
11 0.503906 0.575000 0.054688 0.113889
12 0.401562 0.579861 0.050000 0.109722
12 0.517969 0.434028 0.045312 0.106944
13 0.394141 0.857639 0.047656 0.112500
14 0.348438 0.595833 0.054688 0.113889
15 0.468359 0.709722 0.047656 0.108333
15 0.650000 0.664583 0.045312 0.106944
16 0.644141 0.517361 0.050781 0.112500
19 0.277734 0.589583 0.052344 0.112500
20 0.367969 0.726389 0.046875 0.108333