0 0.292969 0.542361 0.060937 0.101389
0 0.366016 0.182639 0.061719 0.098611
0 0.411328 0.513889 0.060156 0.116667
0 0.443359 0.648611 0.058594 0.119444
0 0.490234 0.575000 0.061719 0.119444
0 0.555469 0.529861 0.048438 0.109722
0 0.607031 0.853472 0.065625 0.123611
0 0.617969 0.459028 0.064062 0.115278
0 0.737500 0.354861 0.060937 0.076389
0 0.757812 0.569444 0.060937 0.086111
1 0.490234 0.575000 0.061719 0.119444
1 0.555469 0.529861 0.048438 0.109722
1 0.607031 0.853472 0.065625 0.123611
2 0.411328 0.513889 0.060156 0.116667
2 0.443359 0.648611 0.058594 0.119444
2 0.617969 0.459028 0.064062 0.115278
2 0.757812 0.569444 0.060937 0.086111
3 0.292969 0.542361 0.060937 0.101389
3 0.366016 0.182639 0.061719 0.098611
3 0.737500 0.354861 0.060937 0.076389
4 0.490234 0.575000 0.061719 0.119444
5 0.607031 0.853472 0.065625 0.123611
6 0.555469 0.529861 0.048438 0.109722
12 0.490234 0.575000 0.061719 0.119444
14 0.555469 0.529861 0.048438 0.109722
14 0.607031 0.853472 0.065625 0.123611