0 0.271484 0.422222 0.044531 0.105556
0 0.295312 0.279167 0.043750 0.105556
0 0.318750 0.745833 0.053125 0.113889
0 0.321875 0.556250 0.042188 0.101389
0 0.361719 0.403472 0.045312 0.104167
0 0.390625 0.227083 0.050000 0.112500
0 0.385937 0.756944 0.040625 0.100000
0 0.409766 0.572917 0.041406 0.101389
0 0.425781 0.451389 0.046875 0.105556
0 0.460156 0.327778 0.059375 0.119444
0 0.466406 0.626389 0.054688 0.113889
0 0.480859 0.165278 0.044531 0.105556
0 0.479687 0.781944 0.042188 0.102778
0 0.494531 0.486806 0.050000 0.112500
0 0.542969 0.625000 0.040625 0.100000
0 0.565625 0.770833 0.057813 0.116667
0 0.571094 0.295139 0.043750 0.106944
0 0.587891 0.447222 0.039844 0.100000
0 0.597266 0.640278 0.053906 0.113889
0 0.653125 0.359722 0.051562 0.111111
0 0.676562 0.536111 0.043750 0.105556
0 0.687500 0.712500 0.045312 0.105556
0 0.705859 0.863889 0.038281 0.094444
0 0.740625 0.365972 0.046875 0.106944
0 0.754687 0.593750 0.048438 0.109722
0 0.775000 0.734028 0.043750 0.104167
1 0.295312 0.279167 0.043750 0.105556
1 0.318750 0.745833 0.053125 0.113889
1 0.321875 0.556250 0.042188 0.101389
1 0.361719 0.403472 0.045312 0.104167
1 0.390625 0.227083 0.050000 0.112500
1 0.385937 0.756944 0.040625 0.100000
1 0.409766 0.572917 0.041406 0.101389
1 0.425781 0.451389 0.046875 0.105556
1 0.460156 0.327778 0.059375 0.119444
1 0.466406 0.626389 0.054688 0.113889
1 0.480859 0.165278 0.044531 0.105556
1 0.479687 0.781944 0.042188 0.102778
1 0.494531 0.486806 0.050000 0.112500
1 0.542969 0.625000 0.040625 0.100000
1 0.565625 0.770833 0.057813 0.116667
1 0.571094 0.295139 0.043750 0.106944
1 0.587891 0.447222 0.039844 0.100000
1 0.597266 0.640278 0.053906 0.113889
1 0.653125 0.359722 0.051562 0.111111
1 0.676562 0.536111 0.043750 0.105556
1 0.687500 0.712500 0.045312 0.105556
1 0.705859 0.863889 0.038281 0.094444
1 0.740625 0.365972 0.046875 0.106944
1 0.754687 0.593750 0.048438 0.109722
1 0.775000 0.734028 0.043750 0.104167
2 0.271484 0.422222 0.044531 0.105556
4 0.318750 0.745833 0.053125 0.113889
4 0.321875 0.556250 0.042188 0.101389
4 0.390625 0.227083 0.050000 0.112500
4 0.466406 0.626389 0.054688 0.113889
5 0.295312 0.279167 0.043750 0.105556
5 0.480859 0.165278 0.044531 0.105556
5 0.479687 0.781944 0.042188 0.102778
5 0.740625 0.365972 0.046875 0.106944
5 0.754687 0.593750 0.048438 0.109722
6 0.361719 0.403472 0.045312 0.104167
6 0.385937 0.756944 0.040625 0.100000
6 0.425781 0.451389 0.046875 0.105556
6 0.460156 0.327778 0.059375 0.119444
6 0.494531 0.486806 0.050000 0.112500
6 0.565625 0.770833 0.057813 0.116667
6 0.687500 0.712500 0.045312 0.105556
6 0.705859 0.863889 0.038281 0.094444
7 0.409766 0.572917 0.041406 0.101389
7 0.542969 0.625000 0.040625 0.100000
7 0.571094 0.295139 0.043750 0.106944
7 0.587891 0.447222 0.039844 0.100000
7 0.597266 0.640278 0.053906 0.113889
7 0.653125 0.359722 0.051562 0.111111
7 0.676562 0.536111 0.043750 0.105556
7 0.775000 0.734028 0.043750 0.104167
8 0.479687 0.781944 0.042188 0.102778
8 0.676562 0.536111 0.043750 0.105556
9 0.390625 0.227083 0.050000 0.112500
9 0.409766 0.572917 0.041406 0.101389
9 0.494531 0.486806 0.050000 0.112500
10 0.361719 0.403472 0.045312 0.104167
10 0.542969 0.625000 0.040625 0.100000
12 0.466406 0.626389 0.054688 0.113889
12 0.565625 0.770833 0.057813 0.116667
12 0.571094 0.295139 0.043750 0.106944
13 0.318750 0.745833 0.053125 0.113889
13 0.687500 0.712500 0.045312 0.105556
13 0.740625 0.365972 0.046875 0.106944
14 0.385937 0.756944 0.040625 0.100000
14 0.587891 0.447222 0.039844 0.100000
15 0.460156 0.327778 0.059375 0.119444
15 0.754687 0.593750 0.048438 0.109722
15 0.775000 0.734028 0.043750 0.104167
17 0.480859 0.165278 0.044531 0.105556
18 0.597266 0.640278 0.053906 0.113889
19 0.321875 0.556250 0.042188 0.101389
19 0.653125 0.359722 0.051562 0.111111
19 0.705859 0.863889 0.038281 0.094444
20 0.295312 0.279167 0.043750 0.105556
20 0.425781 0.451389 0.046875 0.105556