0 0.309766 0.552083 0.060156 0.118056
0 0.330078 0.445139 0.063281 0.095833
0 0.390625 0.352778 0.065625 0.116667
0 0.413281 0.645139 0.056250 0.070833
0 0.436719 0.256250 0.062500 0.118056
0 0.577734 0.527083 0.055469 0.070833
1 0.330078 0.445139 0.063281 0.095833
1 0.390625 0.352778 0.065625 0.116667
1 0.413281 0.645139 0.056250 0.070833
1 0.436719 0.256250 0.062500 0.118056
1 0.577734 0.527083 0.055469 0.070833
3 0.309766 0.552083 0.060156 0.118056
4 0.390625 0.352778 0.065625 0.116667
4 0.436719 0.256250 0.062500 0.118056
5 0.577734 0.527083 0.055469 0.070833
6 0.413281 0.645139 0.056250 0.070833
7 0.330078 0.445139 0.063281 0.095833
12 0.413281 0.645139 0.056250 0.070833
13 0.330078 0.445139 0.063281 0.095833
15 0.390625 0.352778 0.065625 0.116667
16 0.436719 0.256250 0.062500 0.118056
17 0.577734 0.527083 0.055469 0.070833