0 0.271875 0.615278 0.059375 0.112500
0 0.268750 0.470833 0.042188 0.097222
0 0.312500 0.490278 0.039062 0.097222
0 0.334375 0.654167 0.051562 0.109722
0 0.364063 0.473611 0.049219 0.106944
0 0.412500 0.236111 0.058594 0.081944
0 0.453906 0.525000 0.060156 0.119444
0 0.459375 0.733333 0.064844 0.119444
0 0.471094 0.631944 0.057031 0.077778
0 0.467969 0.241667 0.046875 0.106944
0 0.511719 0.854167 0.060937 0.120833
0 0.514062 0.222222 0.044531 0.106944
0 0.522656 0.530556 0.058594 0.119444
0 0.529687 0.712500 0.052344 0.113889
0 0.566406 0.205556 0.060156 0.086111
0 0.575000 0.459722 0.064062 0.120833
0 0.583594 0.836111 0.058594 0.122222
0 0.633594 0.509722 0.057031 0.118056
0 0.654687 0.351389 0.052344 0.111111
0 0.701562 0.572222 0.071094 0.122222
0 0.745313 0.712500 0.071875 0.119444
1 0.412500 0.236111 0.058594 0.081944
1 0.467969 0.241667 0.046875 0.106944
1 0.514062 0.222222 0.044531 0.106944
1 0.566406 0.205556 0.060156 0.086111
2 0.271875 0.615278 0.059375 0.112500
2 0.268750 0.470833 0.042188 0.097222
2 0.312500 0.490278 0.039062 0.097222
2 0.334375 0.654167 0.051562 0.109722
2 0.364063 0.473611 0.049219 0.106944
2 0.453906 0.525000 0.060156 0.119444
2 0.471094 0.631944 0.057031 0.077778
2 0.522656 0.530556 0.058594 0.119444
2 0.575000 0.459722 0.064062 0.120833
2 0.633594 0.509722 0.057031 0.118056
2 0.701562 0.572222 0.071094 0.122222
3 0.459375 0.733333 0.064844 0.119444
3 0.511719 0.854167 0.060937 0.120833
3 0.529687 0.712500 0.052344 0.113889
3 0.583594 0.836111 0.058594 0.122222
3 0.654687 0.351389 0.052344 0.111111
3 0.745313 0.712500 0.071875 0.119444
6 0.412500 0.236111 0.058594 0.081944
6 0.467969 0.241667 0.046875 0.106944
6 0.514062 0.222222 0.044531 0.106944
6 0.566406 0.205556 0.060156 0.086111
10 0.514062 0.222222 0.044531 0.106944
11 0.566406 0.205556 0.060156 0.086111
16 0.412500 0.236111 0.058594 0.081944
19 0.467969 0.241667 0.046875 0.106944