0 0.171875 0.554167 0.067969 0.116667
0 0.186719 0.683333 0.057031 0.116667
0 0.235156 0.794444 0.046875 0.104167
0 0.242969 0.601389 0.051562 0.113889
0 0.249219 0.472222 0.062500 0.088889
0 0.285938 0.694444 0.056250 0.076389
0 0.311719 0.791667 0.057031 0.075000
0 0.320312 0.565278 0.067187 0.116667
0 0.328125 0.890278 0.058594 0.079167
0 0.335938 0.443056 0.061719 0.119444
0 0.340625 0.693056 0.041406 0.098611
0 0.378906 0.786111 0.054688 0.072222
0 0.389062 0.576389 0.048438 0.109722
0 0.399219 0.888889 0.062500 0.088889
0 0.401562 0.700000 0.060156 0.084722
0 0.408594 0.441667 0.054688 0.113889
0 0.444531 0.615278 0.046875 0.105556
0 0.451562 0.786111 0.060937 0.087500
0 0.464844 0.341667 0.066406 0.116667
0 0.482812 0.525000 0.050000 0.109722
0 0.494531 0.687500 0.056250 0.118056
0 0.523438 0.823611 0.064062 0.119444
0 0.546094 0.558333 0.058594 0.116667
0 0.557813 0.712500 0.056250 0.113889
0 0.595313 0.573611 0.057813 0.115278
1 0.186719 0.683333 0.057031 0.116667
1 0.242969 0.601389 0.051562 0.113889
1 0.249219 0.472222 0.062500 0.088889
1 0.311719 0.791667 0.057031 0.075000
1 0.320312 0.565278 0.067187 0.116667
1 0.328125 0.890278 0.058594 0.079167
1 0.335938 0.443056 0.061719 0.119444
1 0.340625 0.693056 0.041406 0.098611
1 0.389062 0.576389 0.048438 0.109722
1 0.399219 0.888889 0.062500 0.088889
1 0.401562 0.700000 0.060156 0.084722
1 0.408594 0.441667 0.054688 0.113889
1 0.451562 0.786111 0.060937 0.087500
1 0.464844 0.341667 0.066406 0.116667
1 0.494531 0.687500 0.056250 0.118056
1 0.523438 0.823611 0.064062 0.119444
1 0.546094 0.558333 0.058594 0.116667
2 0.285938 0.694444 0.056250 0.076389
3 0.171875 0.554167 0.067969 0.116667
3 0.235156 0.794444 0.046875 0.104167
3 0.378906 0.786111 0.054688 0.072222
3 0.444531 0.615278 0.046875 0.105556
3 0.482812 0.525000 0.050000 0.109722
3 0.557813 0.712500 0.056250 0.113889
3 0.595313 0.573611 0.057813 0.115278
4 0.249219 0.472222 0.062500 0.088889
4 0.340625 0.693056 0.041406 0.098611
4 0.464844 0.341667 0.066406 0.116667
5 0.186719 0.683333 0.057031 0.116667
5 0.242969 0.601389 0.051562 0.113889
5 0.320312 0.565278 0.067187 0.116667
5 0.451562 0.786111 0.060937 0.087500
5 0.494531 0.687500 0.056250 0.118056
5 0.523438 0.823611 0.064062 0.119444
5 0.546094 0.558333 0.058594 0.116667
6 0.335938 0.443056 0.061719 0.119444
6 0.399219 0.888889 0.062500 0.088889
6 0.408594 0.441667 0.054688 0.113889
7 0.311719 0.791667 0.057031 0.075000
7 0.328125 0.890278 0.058594 0.079167
7 0.389062 0.576389 0.048438 0.109722
7 0.401562 0.700000 0.060156 0.084722
8 0.340625 0.693056 0.041406 0.098611
9 0.401562 0.700000 0.060156 0.084722
10 0.494531 0.687500 0.056250 0.118056
11 0.311719 0.791667 0.057031 0.075000
11 0.451562 0.786111 0.060937 0.087500
12 0.335938 0.443056 0.061719 0.119444
13 0.242969 0.601389 0.051562 0.113889
13 0.389062 0.576389 0.048438 0.109722
15 0.523438 0.823611 0.064062 0.119444
16 0.399219 0.888889 0.062500 0.088889
17 0.249219 0.472222 0.062500 0.088889
17 0.320312 0.565278 0.067187 0.116667
17 0.408594 0.441667 0.054688 0.113889
18 0.186719 0.683333 0.057031 0.116667
19 0.328125 0.890278 0.058594 0.079167
20 0.464844 0.341667 0.066406 0.116667
20 0.546094 0.558333 0.058594 0.116667