0 0.421094 0.472917 0.054688 0.070833
0 0.567969 0.522222 0.064062 0.102778
0 0.585938 0.354167 0.056250 0.072222
0 0.608203 0.647222 0.064844 0.116667
0 0.622656 0.465972 0.067187 0.109722
0 0.668750 0.554167 0.064062 0.094444
0 0.689063 0.449306 0.059375 0.118056
1 0.421094 0.472917 0.054688 0.070833
1 0.567969 0.522222 0.064062 0.102778
1 0.585938 0.354167 0.056250 0.072222
1 0.608203 0.647222 0.064844 0.116667
1 0.622656 0.465972 0.067187 0.109722
1 0.668750 0.554167 0.064062 0.094444
3 0.689063 0.449306 0.059375 0.118056
4 0.608203 0.647222 0.064844 0.116667
5 0.421094 0.472917 0.054688 0.070833
6 0.567969 0.522222 0.064062 0.102778
6 0.585938 0.354167 0.056250 0.072222
7 0.622656 0.465972 0.067187 0.109722
7 0.668750 0.554167 0.064062 0.094444
11 0.622656 0.465972 0.067187 0.109722
12 0.585938 0.354167 0.056250 0.072222
13 0.567969 0.522222 0.064062 0.102778
13 0.668750 0.554167 0.064062 0.094444
15 0.608203 0.647222 0.064844 0.116667
17 0.421094 0.472917 0.054688 0.070833