0 0.231641 0.616667 0.069531 0.127778
0 0.272266 0.407639 0.072656 0.123611
0 0.289844 0.740278 0.065625 0.094444
0 0.334375 0.080556 0.065625 0.091667
0 0.377734 0.375000 0.066406 0.091667
0 0.383984 0.198611 0.072656 0.113889
0 0.395313 0.804861 0.057813 0.123611
0 0.399609 0.054167 0.064844 0.094444
0 0.426563 0.637500 0.054688 0.119444
0 0.466016 0.050694 0.067969 0.093056
0 0.466797 0.796528 0.058594 0.123611
0 0.501563 0.509722 0.067187 0.097222
0 0.515625 0.647222 0.051562 0.116667
0 0.566406 0.748611 0.053125 0.116667
0 0.579688 0.483333 0.068750 0.097222
0 0.617578 0.276389 0.066406 0.086111
0 0.623437 0.611111 0.070312 0.125000
0 0.650781 0.412500 0.065625 0.083333
0 0.662109 0.706944 0.066406 0.091667
0 0.686719 0.518056 0.071875 0.119444
0 0.701172 0.122917 0.078906 0.120833
0 0.708594 0.262500 0.073438 0.102778
0 0.766016 0.556944 0.069531 0.102778
1 0.377734 0.375000 0.066406 0.091667
1 0.383984 0.198611 0.072656 0.113889
1 0.701172 0.122917 0.078906 0.120833
1 0.708594 0.262500 0.073438 0.102778
2 0.272266 0.407639 0.072656 0.123611
2 0.334375 0.080556 0.065625 0.091667
2 0.466016 0.050694 0.067969 0.093056
2 0.501563 0.509722 0.067187 0.097222
2 0.566406 0.748611 0.053125 0.116667
2 0.579688 0.483333 0.068750 0.097222
2 0.623437 0.611111 0.070312 0.125000
2 0.650781 0.412500 0.065625 0.083333
2 0.662109 0.706944 0.066406 0.091667
2 0.686719 0.518056 0.071875 0.119444
2 0.766016 0.556944 0.069531 0.102778
3 0.231641 0.616667 0.069531 0.127778
3 0.289844 0.740278 0.065625 0.094444
3 0.395313 0.804861 0.057813 0.123611
3 0.399609 0.054167 0.064844 0.094444
3 0.426563 0.637500 0.054688 0.119444
3 0.466797 0.796528 0.058594 0.123611
3 0.515625 0.647222 0.051562 0.116667
3 0.617578 0.276389 0.066406 0.086111
6 0.701172 0.122917 0.078906 0.120833
6 0.708594 0.262500 0.073438 0.102778
7 0.377734 0.375000 0.066406 0.091667
7 0.383984 0.198611 0.072656 0.113889
12 0.377734 0.375000 0.066406 0.091667
14 0.383984 0.198611 0.072656 0.113889
18 0.701172 0.122917 0.078906 0.120833
20 0.708594 0.262500 0.073438 0.102778