0 0.166406 0.532639 0.057813 0.118056
0 0.176563 0.412500 0.068750 0.108333
0 0.187891 0.700000 0.052344 0.111111
0 0.237891 0.618750 0.066406 0.118056
0 0.252344 0.779167 0.065625 0.097222
0 0.265625 0.308333 0.059375 0.077778
0 0.267578 0.438889 0.052344 0.113889
0 0.315234 0.853472 0.066406 0.098611
0 0.331250 0.431944 0.059375 0.119444
0 0.361719 0.296528 0.059375 0.079167
0 0.400781 0.458333 0.067187 0.108333
0 0.425000 0.250000 0.053125 0.116667
0 0.466797 0.370139 0.060156 0.084722
0 0.484375 0.523611 0.050000 0.105556
0 0.485938 0.796528 0.042188 0.104167
0 0.501172 0.680556 0.052344 0.111111
0 0.549219 0.402083 0.067187 0.115278
0 0.548438 0.556944 0.059375 0.116667
0 0.551172 0.763889 0.057031 0.119444
0 0.596484 0.571528 0.057031 0.115278
0 0.604688 0.804861 0.051562 0.112500
0 0.608984 0.437500 0.053906 0.116667
0 0.652344 0.647222 0.048438 0.105556
0 0.664062 0.509722 0.046875 0.105556
1 0.166406 0.532639 0.057813 0.118056
1 0.176563 0.412500 0.068750 0.108333
1 0.237891 0.618750 0.066406 0.118056
1 0.252344 0.779167 0.065625 0.097222
1 0.265625 0.308333 0.059375 0.077778
1 0.267578 0.438889 0.052344 0.113889
1 0.315234 0.853472 0.066406 0.098611
1 0.331250 0.431944 0.059375 0.119444
1 0.361719 0.296528 0.059375 0.079167
1 0.400781 0.458333 0.067187 0.108333
1 0.425000 0.250000 0.053125 0.116667
1 0.466797 0.370139 0.060156 0.084722
1 0.485938 0.796528 0.042188 0.104167
1 0.549219 0.402083 0.067187 0.115278
1 0.548438 0.556944 0.059375 0.116667
1 0.551172 0.763889 0.057031 0.119444
1 0.604688 0.804861 0.051562 0.112500
1 0.608984 0.437500 0.053906 0.116667
1 0.652344 0.647222 0.048438 0.105556
1 0.664062 0.509722 0.046875 0.105556
3 0.187891 0.700000 0.052344 0.111111
3 0.484375 0.523611 0.050000 0.105556
3 0.501172 0.680556 0.052344 0.111111
3 0.596484 0.571528 0.057031 0.115278
4 0.166406 0.532639 0.057813 0.118056
4 0.237891 0.618750 0.066406 0.118056
4 0.466797 0.370139 0.060156 0.084722
4 0.549219 0.402083 0.067187 0.115278
5 0.267578 0.438889 0.052344 0.113889
5 0.400781 0.458333 0.067187 0.108333
5 0.548438 0.556944 0.059375 0.116667
5 0.551172 0.763889 0.057031 0.119444
5 0.604688 0.804861 0.051562 0.112500
6 0.252344 0.779167 0.065625 0.097222
6 0.265625 0.308333 0.059375 0.077778
6 0.315234 0.853472 0.066406 0.098611
6 0.361719 0.296528 0.059375 0.079167
6 0.608984 0.437500 0.053906 0.116667
7 0.176563 0.412500 0.068750 0.108333
7 0.331250 0.431944 0.059375 0.119444
7 0.425000 0.250000 0.053125 0.116667
7 0.485938 0.796528 0.042188 0.104167
7 0.652344 0.647222 0.048438 0.105556
7 0.664062 0.509722 0.046875 0.105556
8 0.466797 0.370139 0.060156 0.084722
9 0.425000 0.250000 0.053125 0.116667
10 0.166406 0.532639 0.057813 0.118056
10 0.176563 0.412500 0.068750 0.108333
10 0.604688 0.804861 0.051562 0.112500
11 0.551172 0.763889 0.057031 0.119444
11 0.652344 0.647222 0.048438 0.105556
12 0.315234 0.853472 0.066406 0.098611
13 0.485938 0.796528 0.042188 0.104167
14 0.252344 0.779167 0.065625 0.097222
15 0.400781 0.458333 0.067187 0.108333
15 0.664062 0.509722 0.046875 0.105556
16 0.265625 0.308333 0.059375 0.077778
17 0.237891 0.618750 0.066406 0.118056
17 0.608984 0.437500 0.053906 0.116667
18 0.267578 0.438889 0.052344 0.113889
18 0.331250 0.431944 0.059375 0.119444
19 0.361719 0.296528 0.059375 0.079167
20 0.549219 0.402083 0.067187 0.115278
20 0.548438 0.556944 0.059375 0.116667