0 0.398828 0.406944 0.067969 0.108333
0 0.420312 0.206250 0.056250 0.081944
0 0.459766 0.309028 0.050781 0.112500
0 0.481641 0.559028 0.066406 0.109722
0 0.552734 0.585417 0.066406 0.098611
0 0.591406 0.715278 0.064062 0.116667
0 0.597266 0.307639 0.046094 0.104167
1 0.459766 0.309028 0.050781 0.112500
1 0.481641 0.559028 0.066406 0.109722
2 0.420312 0.206250 0.056250 0.081944
2 0.591406 0.715278 0.064062 0.116667
2 0.597266 0.307639 0.046094 0.104167
3 0.398828 0.406944 0.067969 0.108333
3 0.552734 0.585417 0.066406 0.098611
6 0.481641 0.559028 0.066406 0.109722
7 0.459766 0.309028 0.050781 0.112500
18 0.459766 0.309028 0.050781 0.112500
19 0.481641 0.559028 0.066406 0.109722