0 0.165625 0.532639 0.056250 0.118056
0 0.176563 0.411806 0.068750 0.109722
0 0.187500 0.700000 0.053125 0.111111
0 0.244531 0.601389 0.051562 0.111111
0 0.247266 0.778472 0.046094 0.104167
0 0.265625 0.306250 0.057813 0.076389
0 0.267188 0.438889 0.053125 0.113889
0 0.312891 0.592361 0.061719 0.118056
0 0.328125 0.706250 0.056250 0.115278
0 0.330469 0.431944 0.059375 0.119444
0 0.350000 0.832639 0.059375 0.081944
0 0.361719 0.296528 0.059375 0.079167
0 0.378516 0.588889 0.042969 0.100000
0 0.400391 0.455556 0.066406 0.108333
0 0.420312 0.776389 0.057813 0.119444
0 0.424609 0.250000 0.053906 0.116667
0 0.445312 0.613889 0.046875 0.105556
0 0.489453 0.838889 0.064844 0.119444
0 0.483984 0.525000 0.049219 0.108333
0 0.500781 0.679861 0.053125 0.112500
0 0.548828 0.401389 0.066406 0.119444
0 0.547656 0.556944 0.059375 0.116667
0 0.550781 0.763889 0.057813 0.119444
0 0.596484 0.571528 0.057031 0.115278
0 0.604688 0.804861 0.051562 0.112500
0 0.608594 0.438889 0.054688 0.113889
0 0.652344 0.647222 0.048438 0.105556
0 0.663281 0.509722 0.046875 0.105556
1 0.165625 0.532639 0.056250 0.118056
1 0.176563 0.411806 0.068750 0.109722
1 0.244531 0.601389 0.051562 0.111111
1 0.247266 0.778472 0.046094 0.104167
1 0.265625 0.306250 0.057813 0.076389
1 0.267188 0.438889 0.053125 0.113889
1 0.312891 0.592361 0.061719 0.118056
1 0.328125 0.706250 0.056250 0.115278
1 0.330469 0.431944 0.059375 0.119444
1 0.350000 0.832639 0.059375 0.081944
1 0.361719 0.296528 0.059375 0.079167
1 0.378516 0.588889 0.042969 0.100000
1 0.400391 0.455556 0.066406 0.108333
1 0.424609 0.250000 0.053906 0.116667
1 0.489453 0.838889 0.064844 0.119444
1 0.548828 0.401389 0.066406 0.119444
1 0.547656 0.556944 0.059375 0.116667
1 0.550781 0.763889 0.057813 0.119444
1 0.604688 0.804861 0.051562 0.112500
1 0.608594 0.438889 0.054688 0.113889
1 0.652344 0.647222 0.048438 0.105556
1 0.663281 0.509722 0.046875 0.105556
2 0.420312 0.776389 0.057813 0.119444
3 0.187500 0.700000 0.053125 0.111111
3 0.445312 0.613889 0.046875 0.105556
3 0.483984 0.525000 0.049219 0.108333
3 0.500781 0.679861 0.053125 0.112500
3 0.596484 0.571528 0.057031 0.115278
4 0.165625 0.532639 0.056250 0.118056
4 0.312891 0.592361 0.061719 0.118056
4 0.328125 0.706250 0.056250 0.115278
4 0.548828 0.401389 0.066406 0.119444
5 0.244531 0.601389 0.051562 0.111111
5 0.267188 0.438889 0.053125 0.113889
5 0.378516 0.588889 0.042969 0.100000
5 0.400391 0.455556 0.066406 0.108333
5 0.547656 0.556944 0.059375 0.116667
5 0.550781 0.763889 0.057813 0.119444
5 0.604688 0.804861 0.051562 0.112500
6 0.247266 0.778472 0.046094 0.104167
6 0.265625 0.306250 0.057813 0.076389
6 0.350000 0.832639 0.059375 0.081944
6 0.361719 0.296528 0.059375 0.079167
6 0.608594 0.438889 0.054688 0.113889
7 0.176563 0.411806 0.068750 0.109722
7 0.330469 0.431944 0.059375 0.119444
7 0.424609 0.250000 0.053906 0.116667
7 0.489453 0.838889 0.064844 0.119444
7 0.652344 0.647222 0.048438 0.105556
7 0.663281 0.509722 0.046875 0.105556
8 0.312891 0.592361 0.061719 0.118056
9 0.378516 0.588889 0.042969 0.100000
9 0.424609 0.250000 0.053906 0.116667
10 0.165625 0.532639 0.056250 0.118056
10 0.176563 0.411806 0.068750 0.109722
10 0.604688 0.804861 0.051562 0.112500
11 0.550781 0.763889 0.057813 0.119444
11 0.652344 0.647222 0.048438 0.105556
12 0.350000 0.832639 0.059375 0.081944
13 0.244531 0.601389 0.051562 0.111111
13 0.489453 0.838889 0.064844 0.119444
14 0.247266 0.778472 0.046094 0.104167
15 0.400391 0.455556 0.066406 0.108333
15 0.663281 0.509722 0.046875 0.105556
16 0.265625 0.306250 0.057813 0.076389
17 0.328125 0.706250 0.056250 0.115278
17 0.608594 0.438889 0.054688 0.113889
18 0.267188 0.438889 0.053125 0.113889
18 0.330469 0.431944 0.059375 0.119444
19 0.361719 0.296528 0.059375 0.079167
20 0.548828 0.401389 0.066406 0.119444
20 0.547656 0.556944 0.059375 0.116667