0 0.182812 0.547222 0.068750 0.108333
0 0.208984 0.668056 0.060156 0.119444
0 0.235937 0.840278 0.056250 0.116667
0 0.243359 0.361111 0.041406 0.102778
0 0.264844 0.654167 0.065625 0.119444
0 0.264844 0.516667 0.060937 0.119444
0 0.280078 0.777778 0.066406 0.097222
0 0.319922 0.615278 0.066406 0.100000
0 0.324609 0.475000 0.067969 0.108333
0 0.335156 0.776389 0.048438 0.108333
0 0.346484 0.318750 0.063281 0.120833
0 0.373047 0.622917 0.041406 0.098611
0 0.381641 0.863889 0.057031 0.116667
0 0.387109 0.520139 0.066406 0.112500
0 0.401172 0.394444 0.042969 0.105556
0 0.405469 0.738889 0.040625 0.100000
0 0.426563 0.904861 0.046875 0.109722
0 0.448047 0.490278 0.041406 0.102778
0 0.468359 0.625000 0.049219 0.108333
0 0.483594 0.872222 0.042188 0.102778
0 0.501953 0.445139 0.042969 0.104167
0 0.528125 0.569444 0.062500 0.097222
0 0.529687 0.693056 0.042188 0.102778
0 0.547656 0.820833 0.043750 0.102778
0 0.562891 0.307639 0.060156 0.118056
0 0.576172 0.501389 0.066406 0.108333
0 0.585938 0.936111 0.059375 0.083333
0 0.603906 0.635417 0.040625 0.098611
0 0.617188 0.351389 0.060937 0.119444
0 0.612500 0.785417 0.050000 0.109722
0 0.638281 0.464583 0.039062 0.098611
0 0.662500 0.637500 0.059375 0.116667
0 0.669531 0.781250 0.048438 0.109722
0 0.703125 0.494444 0.053125 0.113889
1 0.182812 0.547222 0.068750 0.108333
1 0.208984 0.668056 0.060156 0.119444
1 0.235937 0.840278 0.056250 0.116667
1 0.243359 0.361111 0.041406 0.102778
1 0.264844 0.654167 0.065625 0.119444
1 0.264844 0.516667 0.060937 0.119444
1 0.280078 0.777778 0.066406 0.097222
1 0.319922 0.615278 0.066406 0.100000
1 0.324609 0.475000 0.067969 0.108333
1 0.335156 0.776389 0.048438 0.108333
1 0.346484 0.318750 0.063281 0.120833
1 0.373047 0.622917 0.041406 0.098611
1 0.381641 0.863889 0.057031 0.116667
1 0.387109 0.520139 0.066406 0.112500
1 0.401172 0.394444 0.042969 0.105556
1 0.405469 0.738889 0.040625 0.100000
1 0.426563 0.904861 0.046875 0.109722
1 0.468359 0.625000 0.049219 0.108333
1 0.483594 0.872222 0.042188 0.102778
1 0.529687 0.693056 0.042188 0.102778
1 0.562891 0.307639 0.060156 0.118056
1 0.576172 0.501389 0.066406 0.108333
1 0.585938 0.936111 0.059375 0.083333
1 0.617188 0.351389 0.060937 0.119444
1 0.638281 0.464583 0.039062 0.098611
1 0.662500 0.637500 0.059375 0.116667
1 0.703125 0.494444 0.053125 0.113889
3 0.448047 0.490278 0.041406 0.102778
3 0.501953 0.445139 0.042969 0.104167
3 0.528125 0.569444 0.062500 0.097222
3 0.547656 0.820833 0.043750 0.102778
3 0.603906 0.635417 0.040625 0.098611
3 0.612500 0.785417 0.050000 0.109722
3 0.669531 0.781250 0.048438 0.109722
4 0.264844 0.516667 0.060937 0.119444
4 0.346484 0.318750 0.063281 0.120833
4 0.562891 0.307639 0.060156 0.118056
4 0.576172 0.501389 0.066406 0.108333
4 0.585938 0.936111 0.059375 0.083333
4 0.617188 0.351389 0.060937 0.119444
5 0.208984 0.668056 0.060156 0.119444
5 0.235937 0.840278 0.056250 0.116667
5 0.280078 0.777778 0.066406 0.097222
5 0.319922 0.615278 0.066406 0.100000
5 0.373047 0.622917 0.041406 0.098611
5 0.401172 0.394444 0.042969 0.105556
5 0.426563 0.904861 0.046875 0.109722
5 0.529687 0.693056 0.042188 0.102778
6 0.243359 0.361111 0.041406 0.102778
6 0.264844 0.654167 0.065625 0.119444
6 0.335156 0.776389 0.048438 0.108333
6 0.381641 0.863889 0.057031 0.116667
6 0.387109 0.520139 0.066406 0.112500
6 0.405469 0.738889 0.040625 0.100000
6 0.638281 0.464583 0.039062 0.098611
6 0.662500 0.637500 0.059375 0.116667
6 0.703125 0.494444 0.053125 0.113889
7 0.182812 0.547222 0.068750 0.108333
7 0.324609 0.475000 0.067969 0.108333
7 0.468359 0.625000 0.049219 0.108333
7 0.483594 0.872222 0.042188 0.102778
8 0.638281 0.464583 0.039062 0.098611
9 0.243359 0.361111 0.041406 0.102778
9 0.319922 0.615278 0.066406 0.100000
9 0.346484 0.318750 0.063281 0.120833
10 0.264844 0.516667 0.060937 0.119444
10 0.280078 0.777778 0.066406 0.097222
11 0.182812 0.547222 0.068750 0.108333
11 0.335156 0.776389 0.048438 0.108333
11 0.576172 0.501389 0.066406 0.108333
12 0.235937 0.840278 0.056250 0.116667
12 0.381641 0.863889 0.057031 0.116667
12 0.562891 0.307639 0.060156 0.118056
13 0.324609 0.475000 0.067969 0.108333
13 0.426563 0.904861 0.046875 0.109722
14 0.483594 0.872222 0.042188 0.102778
14 0.529687 0.693056 0.042188 0.102778
14 0.617188 0.351389 0.060937 0.119444
15 0.387109 0.520139 0.066406 0.112500
15 0.468359 0.625000 0.049219 0.108333
16 0.264844 0.654167 0.065625 0.119444
17 0.208984 0.668056 0.060156 0.119444
17 0.662500 0.637500 0.059375 0.116667
18 0.585938 0.936111 0.059375 0.083333
18 0.703125 0.494444 0.053125 0.113889
19 0.373047 0.622917 0.041406 0.098611
19 0.405469 0.738889 0.040625 0.100000
20 0.401172 0.394444 0.042969 0.105556