0 0.225391 0.593750 0.058594 0.118056
0 0.265625 0.337500 0.050000 0.111111
0 0.318750 0.479167 0.068750 0.119444
0 0.330469 0.593750 0.067187 0.115278
0 0.348438 0.316667 0.059375 0.119444
0 0.395703 0.467361 0.063281 0.120833
0 0.393359 0.198611 0.055469 0.116667
0 0.426953 0.328472 0.041406 0.104167
0 0.472656 0.537500 0.065625 0.116667
0 0.484375 0.368750 0.065625 0.115278
0 0.510938 0.190972 0.053125 0.115278
0 0.522656 0.652778 0.057813 0.119444
0 0.553906 0.471528 0.060937 0.118056
0 0.554688 0.318056 0.043750 0.105556
0 0.569141 0.633333 0.050781 0.108333
0 0.584766 0.748611 0.064844 0.108333
0 0.595703 0.251389 0.060156 0.116667
0 0.621094 0.581250 0.064062 0.101389
0 0.626953 0.444444 0.053906 0.113889
0 0.656250 0.312500 0.064062 0.102778
0 0.672266 0.743750 0.064844 0.115278
0 0.685937 0.610417 0.050000 0.109722
0 0.689453 0.472222 0.042969 0.102778
0 0.738672 0.370139 0.063281 0.109722
0 0.741016 0.481250 0.050781 0.106944
0 0.750000 0.615278 0.051562 0.113889
1 0.225391 0.593750 0.058594 0.118056
1 0.265625 0.337500 0.050000 0.111111
1 0.318750 0.479167 0.068750 0.119444
1 0.330469 0.593750 0.067187 0.115278
1 0.348438 0.316667 0.059375 0.119444
1 0.395703 0.467361 0.063281 0.120833
1 0.393359 0.198611 0.055469 0.116667
1 0.426953 0.328472 0.041406 0.104167
1 0.472656 0.537500 0.065625 0.116667
1 0.484375 0.368750 0.065625 0.115278
1 0.510938 0.190972 0.053125 0.115278
1 0.522656 0.652778 0.057813 0.119444
1 0.553906 0.471528 0.060937 0.118056
1 0.554688 0.318056 0.043750 0.105556
1 0.584766 0.748611 0.064844 0.108333
1 0.595703 0.251389 0.060156 0.116667
1 0.621094 0.581250 0.064062 0.101389
1 0.626953 0.444444 0.053906 0.113889
1 0.656250 0.312500 0.064062 0.102778
1 0.672266 0.743750 0.064844 0.115278
1 0.685937 0.610417 0.050000 0.109722
1 0.689453 0.472222 0.042969 0.102778
1 0.738672 0.370139 0.063281 0.109722
1 0.741016 0.481250 0.050781 0.106944
1 0.750000 0.615278 0.051562 0.113889
2 0.569141 0.633333 0.050781 0.108333
4 0.553906 0.471528 0.060937 0.118056
4 0.584766 0.748611 0.064844 0.108333
4 0.626953 0.444444 0.053906 0.113889
4 0.672266 0.743750 0.064844 0.115278
4 0.689453 0.472222 0.042969 0.102778
4 0.738672 0.370139 0.063281 0.109722
5 0.225391 0.593750 0.058594 0.118056
5 0.318750 0.479167 0.068750 0.119444
5 0.330469 0.593750 0.067187 0.115278
5 0.395703 0.467361 0.063281 0.120833
5 0.393359 0.198611 0.055469 0.116667
5 0.750000 0.615278 0.051562 0.113889
6 0.265625 0.337500 0.050000 0.111111
6 0.348438 0.316667 0.059375 0.119444
6 0.426953 0.328472 0.041406 0.104167
6 0.472656 0.537500 0.065625 0.116667
6 0.595703 0.251389 0.060156 0.116667
6 0.656250 0.312500 0.064062 0.102778
6 0.685937 0.610417 0.050000 0.109722
7 0.484375 0.368750 0.065625 0.115278
7 0.510938 0.190972 0.053125 0.115278
7 0.522656 0.652778 0.057813 0.119444
7 0.554688 0.318056 0.043750 0.105556
7 0.621094 0.581250 0.064062 0.101389
7 0.741016 0.481250 0.050781 0.106944
8 0.225391 0.595139 0.058594 0.118056
8 0.484375 0.368750 0.065625 0.115278
8 0.672266 0.743750 0.064844 0.115278
9 0.393359 0.198611 0.055469 0.116667
10 0.510938 0.190972 0.053125 0.115278
10 0.584766 0.748611 0.064844 0.108333
11 0.554688 0.318056 0.043750 0.105556
11 0.626953 0.444444 0.053906 0.113889
11 0.656250 0.312500 0.064062 0.102778
11 0.750000 0.615278 0.051562 0.113889
12 0.685937 0.610417 0.050000 0.109722
13 0.318750 0.479167 0.068750 0.119444
14 0.522656 0.652778 0.057813 0.119444
15 0.330469 0.593750 0.067187 0.115278
15 0.741016 0.481250 0.050781 0.106944
16 0.472656 0.537500 0.065625 0.116667
16 0.553906 0.471528 0.060937 0.118056
16 0.621094 0.581250 0.064062 0.101389
17 0.595703 0.251389 0.060156 0.116667
18 0.265625 0.337500 0.050000 0.111111
18 0.395703 0.467361 0.063281 0.120833
18 0.738672 0.370139 0.063281 0.109722
19 0.426953 0.328472 0.041406 0.104167
19 0.689453 0.472222 0.042969 0.102778
20 0.348438 0.316667 0.059375 0.119444