0 0.170313 0.558333 0.071875 0.112500
0 0.191406 0.691667 0.071875 0.122222
0 0.237500 0.455556 0.048438 0.108333
0 0.310937 0.559722 0.065625 0.120833
0 0.317188 0.383333 0.066406 0.108333
0 0.325781 0.236111 0.069531 0.112500
0 0.335156 0.805556 0.064062 0.091667
0 0.342969 0.683333 0.057813 0.079167
0 0.351562 0.480556 0.043750 0.102778
0 0.386719 0.302778 0.060937 0.115278
0 0.434375 0.429167 0.058594 0.079167
0 0.435156 0.644444 0.053125 0.116667
0 0.440625 0.804167 0.059375 0.083333
0 0.456250 0.204167 0.060156 0.091667
0 0.482812 0.302778 0.058594 0.119444
0 0.510938 0.620833 0.064062 0.113889
0 0.516406 0.470833 0.043750 0.101389
0 0.545312 0.784722 0.066406 0.118056
0 0.571094 0.400000 0.062500 0.094444
0 0.603125 0.288889 0.064844 0.112500
0 0.611719 0.669444 0.060937 0.091667
0 0.615625 0.516667 0.060156 0.087500
0 0.682813 0.620833 0.063281 0.118056
1 0.237500 0.455556 0.048438 0.108333
1 0.434375 0.429167 0.058594 0.079167
1 0.435156 0.644444 0.053125 0.116667
1 0.682813 0.620833 0.063281 0.118056
2 0.170313 0.558333 0.071875 0.112500
2 0.310937 0.559722 0.065625 0.120833
2 0.317188 0.383333 0.066406 0.108333
2 0.325781 0.236111 0.069531 0.112500
2 0.342969 0.683333 0.057813 0.079167
2 0.351562 0.480556 0.043750 0.102778
2 0.386719 0.302778 0.060937 0.115278
2 0.456250 0.204167 0.060156 0.091667
2 0.482812 0.302778 0.058594 0.119444
2 0.510938 0.620833 0.064062 0.113889
2 0.516406 0.470833 0.043750 0.101389
3 0.191406 0.691667 0.071875 0.122222
3 0.335156 0.805556 0.064062 0.091667
3 0.440625 0.804167 0.059375 0.083333
3 0.545312 0.784722 0.066406 0.118056
3 0.571094 0.400000 0.062500 0.094444
3 0.603125 0.288889 0.064844 0.112500
3 0.611719 0.669444 0.060937 0.091667
3 0.615625 0.516667 0.060156 0.087500
4 0.682813 0.620833 0.063281 0.118056
5 0.434375 0.429167 0.058594 0.079167
5 0.435156 0.644444 0.053125 0.116667
6 0.237500 0.455556 0.048438 0.108333
9 0.434375 0.429167 0.058594 0.079167
13 0.682813 0.620833 0.063281 0.118056
14 0.435156 0.644444 0.053125 0.116667
16 0.237500 0.455556 0.048438 0.108333