0 0.151562 0.193750 0.064062 0.120833
0 0.186328 0.243750 0.063281 0.120833
0 0.248828 0.500000 0.067969 0.111111
0 0.265234 0.577083 0.067969 0.109722
0 0.283594 0.329861 0.068750 0.120833
0 0.336328 0.343056 0.066406 0.122222
0 0.399609 0.443750 0.067969 0.120833
0 0.430469 0.285417 0.062500 0.084722
0 0.433984 0.205556 0.061719 0.086111
0 0.442188 0.127778 0.060937 0.088889
0 0.449219 0.467361 0.067187 0.118056
0 0.448437 0.702778 0.060937 0.119444
0 0.483594 0.745139 0.057813 0.118056
0 0.494141 0.242361 0.066406 0.106944
0 0.517578 0.552778 0.058594 0.113889
0 0.530469 0.758333 0.060937 0.119444
0 0.551562 0.640278 0.054688 0.111111
0 0.606641 0.519444 0.061719 0.097222
0 0.644141 0.363889 0.058594 0.080556
0 0.658594 0.631944 0.065625 0.113889
1 0.283594 0.329861 0.068750 0.120833
1 0.336328 0.343056 0.066406 0.122222
1 0.399609 0.443750 0.067969 0.120833
1 0.449219 0.467361 0.067187 0.118056
2 0.430469 0.285417 0.062500 0.084722
2 0.433984 0.205556 0.061719 0.086111
2 0.442188 0.127778 0.060937 0.088889
2 0.494141 0.242361 0.066406 0.106944
2 0.517578 0.552778 0.058594 0.113889
2 0.551562 0.640278 0.054688 0.111111
2 0.606641 0.519444 0.061719 0.097222
2 0.644141 0.363889 0.058594 0.080556
2 0.658594 0.631944 0.065625 0.113889
3 0.151562 0.193750 0.064062 0.120833
3 0.186328 0.243750 0.063281 0.120833
3 0.248828 0.500000 0.067969 0.111111
3 0.265234 0.577083 0.067969 0.109722
3 0.448437 0.702778 0.060937 0.119444
3 0.483594 0.745139 0.057813 0.118056
3 0.530469 0.758333 0.060937 0.119444
4 0.399609 0.443750 0.067969 0.120833
5 0.283594 0.329861 0.068750 0.120833
5 0.449219 0.467361 0.067187 0.118056
7 0.336328 0.343056 0.066406 0.122222
16 0.283594 0.329861 0.068750 0.120833
16 0.336328 0.343056 0.066406 0.122222
18 0.399609 0.443750 0.067969 0.120833
18 0.449219 0.467361 0.067187 0.118056