0 0.209766 0.396528 0.061719 0.120833
0 0.232031 0.240278 0.051562 0.108333
0 0.260937 0.153472 0.067187 0.115278
0 0.273828 0.428472 0.057031 0.118056
0 0.334375 0.503472 0.064062 0.120833
0 0.374609 0.385417 0.064844 0.098611
0 0.375781 0.108333 0.064062 0.100000
0 0.416016 0.565278 0.055469 0.113889
0 0.421484 0.337500 0.053906 0.116667
0 0.419531 0.734028 0.042188 0.104167
0 0.456250 0.254167 0.056250 0.113889
0 0.461328 0.680556 0.061719 0.119444
0 0.506250 0.513889 0.059375 0.119444
0 0.510156 0.176389 0.054688 0.116667
0 0.514844 0.381944 0.057813 0.116667
0 0.538281 0.708333 0.056250 0.116667
0 0.572656 0.391667 0.043750 0.105556
0 0.585156 0.093750 0.056250 0.118056
0 0.607812 0.636111 0.062500 0.122222
0 0.636719 0.391667 0.060937 0.116667
0 0.653125 0.206250 0.059375 0.120833
0 0.692969 0.593750 0.059375 0.084722
0 0.721875 0.447222 0.064062 0.097222
1 0.209766 0.396528 0.061719 0.120833
1 0.260937 0.153472 0.067187 0.115278
1 0.374609 0.385417 0.064844 0.098611
1 0.514844 0.381944 0.057813 0.116667
2 0.232031 0.240278 0.051562 0.108333
2 0.416016 0.565278 0.055469 0.113889
2 0.419531 0.734028 0.042188 0.104167
2 0.461328 0.680556 0.061719 0.119444
2 0.506250 0.513889 0.059375 0.119444
2 0.538281 0.708333 0.056250 0.116667
2 0.572656 0.391667 0.043750 0.105556
2 0.607812 0.636111 0.062500 0.122222
2 0.636719 0.391667 0.060937 0.116667
2 0.692969 0.593750 0.059375 0.084722
2 0.721875 0.447222 0.064062 0.097222
3 0.273828 0.428472 0.057031 0.118056
3 0.334375 0.503472 0.064062 0.120833
3 0.375781 0.108333 0.064062 0.100000
3 0.421484 0.337500 0.053906 0.116667
3 0.456250 0.254167 0.056250 0.113889
3 0.510156 0.176389 0.054688 0.116667
3 0.585156 0.093750 0.056250 0.118056
3 0.653125 0.206250 0.059375 0.120833
4 0.374609 0.385417 0.064844 0.098611
5 0.260937 0.153472 0.067187 0.115278
6 0.209766 0.396528 0.061719 0.120833
7 0.514844 0.381944 0.057813 0.116667
11 0.260937 0.153472 0.067187 0.115278
14 0.209766 0.396528 0.061719 0.120833
15 0.374609 0.385417 0.064844 0.098611
20 0.514844 0.381944 0.057813 0.116667