0 0.073828 0.554167 0.049219 0.111111
0 0.116016 0.407639 0.067969 0.101389
0 0.139453 0.581250 0.063281 0.087500
0 0.182031 0.418750 0.054688 0.118056
0 0.210938 0.567361 0.054688 0.115278
0 0.362500 0.350000 0.062500 0.088889
0 0.364844 0.479861 0.054688 0.118056
0 0.373437 0.205556 0.057813 0.077778
0 0.388281 0.595833 0.057813 0.119444
0 0.397656 0.722222 0.059375 0.122222
0 0.419141 0.461111 0.055469 0.116667
0 0.434375 0.203472 0.056250 0.079167
0 0.433594 0.848611 0.051562 0.111111
0 0.443750 0.587500 0.059375 0.119444
0 0.445312 0.720139 0.059375 0.120833
0 0.477344 0.451389 0.057813 0.119444
0 0.494531 0.713889 0.059375 0.119444
0 0.495312 0.575000 0.056250 0.116667
0 0.504297 0.206250 0.055469 0.076389
0 0.512891 0.833333 0.047656 0.108333
0 0.571875 0.821528 0.059375 0.081944
1 0.362500 0.350000 0.062500 0.088889
1 0.364844 0.479861 0.054688 0.118056
1 0.388281 0.595833 0.057813 0.119444
1 0.397656 0.722222 0.059375 0.122222
1 0.419141 0.461111 0.055469 0.116667
1 0.443750 0.587500 0.059375 0.119444
1 0.445312 0.720139 0.059375 0.120833
1 0.477344 0.451389 0.057813 0.119444
1 0.494531 0.713889 0.059375 0.119444
1 0.495312 0.575000 0.056250 0.116667
2 0.116016 0.407639 0.067969 0.101389
2 0.182031 0.418750 0.054688 0.118056
2 0.373437 0.205556 0.057813 0.077778
2 0.434375 0.203472 0.056250 0.079167
2 0.504297 0.206250 0.055469 0.076389
3 0.073828 0.554167 0.049219 0.111111
3 0.139453 0.581250 0.063281 0.087500
3 0.210938 0.567361 0.054688 0.115278
3 0.433594 0.848611 0.051562 0.111111
3 0.512891 0.833333 0.047656 0.108333
3 0.571875 0.821528 0.059375 0.081944
6 0.362500 0.350000 0.062500 0.088889
6 0.364844 0.479861 0.054688 0.118056
6 0.388281 0.595833 0.057813 0.119444
6 0.397656 0.722222 0.059375 0.122222
6 0.419141 0.461111 0.055469 0.116667
6 0.443750 0.587500 0.059375 0.119444
6 0.445312 0.720139 0.059375 0.120833
6 0.477344 0.451389 0.057813 0.119444
6 0.494531 0.713889 0.059375 0.119444
6 0.495312 0.575000 0.056250 0.116667
8 0.494531 0.713889 0.059375 0.119444
9 0.445312 0.720139 0.059375 0.120833
10 0.397656 0.722222 0.059375 0.122222
12 0.495312 0.575000 0.056250 0.116667
13 0.443750 0.587500 0.059375 0.119444
14 0.388281 0.595833 0.057813 0.119444
16 0.477344 0.451389 0.057813 0.119444
17 0.419141 0.461111 0.055469 0.116667
18 0.364844 0.479861 0.054688 0.118056
20 0.362500 0.350000 0.062500 0.088889