0 0.112500 0.591667 0.050000 0.108333
0 0.156250 0.450000 0.068750 0.100000
0 0.171875 0.765278 0.062500 0.086111
0 0.175781 0.622222 0.062500 0.086111
0 0.219531 0.461111 0.054688 0.116667
0 0.239063 0.781250 0.054688 0.115278
0 0.244922 0.608333 0.053906 0.113889
0 0.271875 0.501389 0.065625 0.097222
0 0.296875 0.675694 0.062500 0.087500
0 0.298828 0.811111 0.064844 0.094444
0 0.323047 0.221528 0.058594 0.079167
0 0.375781 0.626389 0.045312 0.105556
0 0.377734 0.758333 0.049219 0.111111
0 0.398047 0.233333 0.060156 0.077778
0 0.400781 0.887500 0.059375 0.080556
0 0.431250 0.758333 0.043750 0.108333
0 0.440625 0.620139 0.048438 0.112500
0 0.463672 0.240278 0.058594 0.080556
0 0.463281 0.895139 0.051562 0.115278
0 0.486719 0.748611 0.045312 0.105556
0 0.493750 0.620139 0.053125 0.115278
0 0.540625 0.751389 0.043750 0.105556
0 0.543750 0.884722 0.046875 0.108333
0 0.559375 0.619444 0.051562 0.113889
0 0.603125 0.876389 0.060937 0.083333
0 0.608984 0.765278 0.046094 0.108333
0 0.625000 0.638889 0.056250 0.119444
0 0.695312 0.881250 0.060937 0.093056
0 0.703906 0.772222 0.062500 0.094444
0 0.714453 0.678472 0.061719 0.090278
0 0.716016 0.584722 0.060156 0.086111
0 0.728125 0.481250 0.062500 0.093056
1 0.323047 0.221528 0.058594 0.079167
1 0.375781 0.626389 0.045312 0.105556
1 0.377734 0.758333 0.049219 0.111111
1 0.398047 0.233333 0.060156 0.077778
1 0.431250 0.758333 0.043750 0.108333
1 0.440625 0.620139 0.048438 0.112500
1 0.463672 0.240278 0.058594 0.080556
1 0.486719 0.748611 0.045312 0.105556
1 0.493750 0.620139 0.053125 0.115278
1 0.540625 0.751389 0.043750 0.105556
1 0.559375 0.619444 0.051562 0.113889
1 0.608984 0.765278 0.046094 0.108333
1 0.625000 0.638889 0.056250 0.119444
2 0.156250 0.450000 0.068750 0.100000
2 0.171875 0.765278 0.062500 0.086111
2 0.219531 0.461111 0.054688 0.116667
2 0.239063 0.781250 0.054688 0.115278
2 0.271875 0.501389 0.065625 0.097222
2 0.298828 0.811111 0.064844 0.094444
2 0.695312 0.881250 0.060937 0.093056
2 0.703906 0.772222 0.062500 0.094444
2 0.714453 0.678472 0.061719 0.090278
2 0.716016 0.584722 0.060156 0.086111
2 0.728125 0.481250 0.062500 0.093056
3 0.112500 0.591667 0.050000 0.108333
3 0.175781 0.622222 0.062500 0.086111
3 0.244922 0.608333 0.053906 0.113889
3 0.296875 0.675694 0.062500 0.087500
3 0.400781 0.887500 0.059375 0.080556
3 0.463281 0.895139 0.051562 0.115278
3 0.543750 0.884722 0.046875 0.108333
3 0.603125 0.876389 0.060937 0.083333
5 0.323047 0.221528 0.058594 0.079167
5 0.375781 0.626389 0.045312 0.105556
5 0.377734 0.758333 0.049219 0.111111
5 0.398047 0.233333 0.060156 0.077778
5 0.431250 0.758333 0.043750 0.108333
5 0.440625 0.620139 0.048438 0.112500
5 0.463672 0.240278 0.058594 0.080556
5 0.486719 0.748611 0.045312 0.105556
5 0.493750 0.620139 0.053125 0.115278
5 0.540625 0.751389 0.043750 0.105556
5 0.559375 0.619444 0.051562 0.113889
5 0.608984 0.765278 0.046094 0.108333
5 0.625000 0.638889 0.056250 0.119444
8 0.608984 0.765278 0.046094 0.108333
9 0.540625 0.751389 0.043750 0.105556
10 0.486719 0.748611 0.045312 0.105556
11 0.431250 0.758333 0.043750 0.108333
12 0.377734 0.758333 0.049219 0.111111
13 0.625000 0.638889 0.056250 0.119444
14 0.559375 0.619444 0.051562 0.113889
15 0.493750 0.620139 0.053125 0.115278
16 0.440625 0.620139 0.048438 0.112500
17 0.375781 0.626389 0.045312 0.105556
18 0.323047 0.221528 0.058594 0.079167
19 0.398047 0.233333 0.060156 0.077778
20 0.463672 0.240278 0.058594 0.080556