0 0.450781 0.356250 0.059375 0.090278
0 0.455859 0.222222 0.061719 0.111111
0 0.509766 0.304861 0.063281 0.104167
0 0.525000 0.185417 0.060937 0.120833
0 0.542188 0.404861 0.059375 0.079167
0 0.541797 0.543056 0.053906 0.075000
0 0.615625 0.293750 0.060937 0.079167
0 0.619922 0.188889 0.061719 0.091667
0 0.626563 0.501389 0.067187 0.113889
0 0.661328 0.422917 0.052344 0.106944
0 0.691016 0.266667 0.061719 0.091667
0 0.700000 0.142361 0.070312 0.126389
0 0.743359 0.368056 0.067969 0.119444
0 0.774219 0.229861 0.065625 0.123611
1 0.615625 0.293750 0.060937 0.079167
2 0.450781 0.356250 0.059375 0.090278
2 0.455859 0.222222 0.061719 0.111111
2 0.509766 0.304861 0.063281 0.104167
2 0.542188 0.404861 0.059375 0.079167
2 0.541797 0.543056 0.053906 0.075000
2 0.619922 0.188889 0.061719 0.091667
2 0.626563 0.501389 0.067187 0.113889
2 0.661328 0.422917 0.052344 0.106944
2 0.691016 0.266667 0.061719 0.091667
2 0.743359 0.368056 0.067969 0.119444
2 0.774219 0.229861 0.065625 0.123611
3 0.525000 0.185417 0.060937 0.120833
3 0.700000 0.142361 0.070312 0.126389
7 0.615625 0.293750 0.060937 0.079167
16 0.615625 0.293750 0.060937 0.079167