0 0.271875 0.656250 0.059375 0.112500
0 0.334375 0.693750 0.053125 0.112500
0 0.405469 0.636111 0.065625 0.119444
0 0.418359 0.166667 0.057031 0.080556
0 0.423828 0.793750 0.066406 0.115278
0 0.440625 0.498611 0.062500 0.119444
0 0.472266 0.742361 0.067969 0.115278
0 0.471875 0.150000 0.056250 0.080556
0 0.499219 0.468750 0.067187 0.118056
0 0.513281 0.893056 0.062500 0.122222
0 0.527734 0.131944 0.057031 0.086111
0 0.529687 0.601389 0.057813 0.119444
0 0.541016 0.743750 0.067969 0.115278
0 0.601172 0.595139 0.064844 0.123611
0 0.592187 0.883333 0.046875 0.111111
0 0.608984 0.743750 0.067969 0.109722
0 0.625391 0.515278 0.067969 0.105556
0 0.684766 0.888889 0.071094 0.116667
0 0.726562 0.759722 0.057813 0.119444
0 0.753125 0.558333 0.067187 0.097222
0 0.796484 0.775000 0.071094 0.127778
1 0.499219 0.468750 0.067187 0.118056
1 0.529687 0.601389 0.057813 0.119444
2 0.271875 0.656250 0.059375 0.112500
2 0.334375 0.693750 0.053125 0.112500
2 0.405469 0.636111 0.065625 0.119444
2 0.418359 0.166667 0.057031 0.080556
2 0.440625 0.498611 0.062500 0.119444
2 0.472266 0.742361 0.067969 0.115278
2 0.471875 0.150000 0.056250 0.080556
2 0.527734 0.131944 0.057031 0.086111
2 0.541016 0.743750 0.067969 0.115278
2 0.601172 0.595139 0.064844 0.123611
2 0.753125 0.558333 0.067187 0.097222
3 0.423828 0.793750 0.066406 0.115278
3 0.513281 0.893056 0.062500 0.122222
3 0.592187 0.883333 0.046875 0.111111
3 0.608984 0.743750 0.067969 0.109722
3 0.625391 0.515278 0.067969 0.105556
3 0.684766 0.888889 0.071094 0.116667
3 0.726562 0.759722 0.057813 0.119444
3 0.796484 0.775000 0.071094 0.127778
6 0.499219 0.468750 0.067187 0.118056
6 0.529687 0.601389 0.057813 0.119444
10 0.529687 0.601389 0.057813 0.119444
19 0.499219 0.468750 0.067187 0.118056