0 0.087109 0.609028 0.069531 0.098611
0 0.105469 0.431250 0.057813 0.118056
0 0.134375 0.302778 0.046875 0.108333
0 0.143359 0.579167 0.055469 0.116667
0 0.178516 0.422222 0.050781 0.111111
0 0.198047 0.161111 0.066406 0.125000
0 0.205078 0.567361 0.067969 0.090278
0 0.206641 0.665278 0.066406 0.113889
0 0.232813 0.325000 0.059375 0.119444
0 0.259375 0.701389 0.060937 0.119444
0 0.267578 0.487500 0.066406 0.122222
0 0.275000 0.238889 0.056250 0.116667
0 0.298828 0.400694 0.061719 0.115278
0 0.303906 0.586111 0.064062 0.091667
0 0.321094 0.729861 0.062500 0.120833
0 0.327734 0.175000 0.064844 0.116667
0 0.334375 0.312500 0.067187 0.119444
0 0.371484 0.229167 0.063281 0.116667
0 0.382031 0.451389 0.067187 0.119444
0 0.415625 0.561111 0.059375 0.119444
0 0.409766 0.328472 0.042969 0.104167
0 0.431250 0.186111 0.067187 0.119444
0 0.464844 0.687500 0.065625 0.111111
0 0.464844 0.687500 0.065625 0.108333
0 0.463281 0.426389 0.060937 0.119444
0 0.490625 0.567361 0.065625 0.109722
0 0.517188 0.353472 0.046875 0.109722
0 0.538672 0.644444 0.057031 0.116667
0 0.552344 0.484028 0.045312 0.106944
1 0.134375 0.302778 0.046875 0.108333
1 0.143359 0.579167 0.055469 0.116667
1 0.178516 0.422222 0.050781 0.111111
1 0.198047 0.161111 0.066406 0.125000
1 0.232813 0.325000 0.059375 0.119444
1 0.275000 0.238889 0.056250 0.116667
1 0.382031 0.451389 0.067187 0.119444
1 0.415625 0.561111 0.059375 0.119444
1 0.409766 0.328472 0.042969 0.104167
1 0.463281 0.426389 0.060937 0.119444
1 0.517188 0.353472 0.046875 0.109722
1 0.538672 0.644444 0.057031 0.116667
1 0.552344 0.484028 0.045312 0.106944
2 0.105469 0.431250 0.057813 0.118056
2 0.206641 0.665278 0.066406 0.113889
2 0.259375 0.701389 0.060937 0.119444
2 0.267578 0.487500 0.066406 0.122222
2 0.298828 0.400694 0.061719 0.115278
2 0.321094 0.729861 0.062500 0.120833
2 0.327734 0.175000 0.064844 0.116667
2 0.334375 0.312500 0.067187 0.119444
2 0.371484 0.229167 0.063281 0.116667
2 0.431250 0.186111 0.067187 0.119444
2 0.490625 0.567361 0.065625 0.109722
3 0.087109 0.609028 0.069531 0.098611
3 0.205078 0.567361 0.067969 0.090278
3 0.303906 0.586111 0.064062 0.091667
3 0.464844 0.687500 0.065625 0.111111
3 0.464844 0.687500 0.065625 0.108333
4 0.275000 0.238889 0.056250 0.116667
4 0.538672 0.644444 0.057031 0.116667
5 0.178516 0.422222 0.050781 0.111111
5 0.232813 0.325000 0.059375 0.119444
5 0.463281 0.426389 0.060937 0.119444
6 0.143359 0.579167 0.055469 0.116667
6 0.409766 0.328472 0.042969 0.104167
7 0.134375 0.302778 0.046875 0.108333
7 0.198047 0.161111 0.066406 0.125000
7 0.382031 0.451389 0.067187 0.119444
7 0.415625 0.561111 0.059375 0.119444
7 0.517188 0.353472 0.046875 0.109722
7 0.552344 0.484028 0.045312 0.106944
8 0.232813 0.325000 0.059375 0.119444
8 0.517188 0.353472 0.046875 0.109722
10 0.198047 0.161111 0.066406 0.125000
12 0.415625 0.561111 0.059375 0.119444
12 0.463281 0.426389 0.060937 0.119444
13 0.134375 0.302778 0.046875 0.108333
13 0.409766 0.328472 0.042969 0.104167
14 0.382031 0.451389 0.067187 0.119444
15 0.275000 0.238889 0.056250 0.116667
16 0.143359 0.579167 0.055469 0.116667
16 0.178516 0.422222 0.050781 0.111111
18 0.538672 0.644444 0.057031 0.116667
18 0.552344 0.484028 0.045312 0.106944