0 0.078125 0.593056 0.050000 0.108333
0 0.123438 0.455556 0.071875 0.119444
0 0.139453 0.759722 0.069531 0.102778
0 0.149219 0.581944 0.067187 0.097222
0 0.182031 0.237500 0.059375 0.080556
0 0.185938 0.456250 0.054688 0.118056
0 0.212109 0.781250 0.057031 0.118056
0 0.215234 0.605556 0.053906 0.113889
0 0.246875 0.495139 0.067187 0.101389
0 0.246875 0.240278 0.059375 0.080556
0 0.270313 0.804861 0.062500 0.123611
0 0.275781 0.641667 0.070312 0.119444
0 0.310156 0.243750 0.060937 0.081944
0 0.331250 0.461111 0.056250 0.116667
0 0.353125 0.600000 0.059375 0.119444
0 0.372656 0.243750 0.057813 0.079167
0 0.375000 0.878472 0.059375 0.081944
0 0.389844 0.465278 0.051562 0.113889
0 0.418750 0.590278 0.046875 0.108333
0 0.437500 0.245139 0.059375 0.079167
0 0.437500 0.884722 0.053125 0.113889
0 0.456250 0.448611 0.050000 0.108333
0 0.473828 0.595833 0.042969 0.105556
0 0.516406 0.462500 0.048438 0.111111
0 0.518750 0.869444 0.046875 0.108333
0 0.534375 0.588889 0.043750 0.105556
0 0.567969 0.382639 0.062500 0.115278
0 0.576172 0.856250 0.060156 0.081944
0 0.601953 0.463889 0.063281 0.105556
0 0.632422 0.554861 0.057031 0.112500
0 0.649609 0.665972 0.052344 0.109722
0 0.652734 0.787500 0.042969 0.100000
1 0.182031 0.237500 0.059375 0.080556
1 0.246875 0.240278 0.059375 0.080556
1 0.310156 0.243750 0.060937 0.081944
1 0.331250 0.461111 0.056250 0.116667
1 0.353125 0.600000 0.059375 0.119444
1 0.372656 0.243750 0.057813 0.079167
1 0.389844 0.465278 0.051562 0.113889
1 0.418750 0.590278 0.046875 0.108333
1 0.437500 0.245139 0.059375 0.079167
1 0.456250 0.448611 0.050000 0.108333
1 0.473828 0.595833 0.042969 0.105556
1 0.516406 0.462500 0.048438 0.111111
1 0.534375 0.588889 0.043750 0.105556
2 0.123438 0.455556 0.071875 0.119444
2 0.139453 0.759722 0.069531 0.102778
2 0.185938 0.456250 0.054688 0.118056
2 0.212109 0.781250 0.057031 0.118056
2 0.246875 0.495139 0.067187 0.101389
2 0.270313 0.804861 0.062500 0.123611
2 0.567969 0.382639 0.062500 0.115278
2 0.601953 0.463889 0.063281 0.105556
2 0.632422 0.554861 0.057031 0.112500
2 0.649609 0.665972 0.052344 0.109722
2 0.652734 0.787500 0.042969 0.100000
3 0.078125 0.593056 0.050000 0.108333
3 0.149219 0.581944 0.067187 0.097222
3 0.215234 0.605556 0.053906 0.113889
3 0.275781 0.641667 0.070312 0.119444
3 0.375000 0.878472 0.059375 0.081944
3 0.437500 0.884722 0.053125 0.113889
3 0.518750 0.869444 0.046875 0.108333
3 0.576172 0.856250 0.060156 0.081944
4 0.182031 0.237500 0.059375 0.080556
4 0.246875 0.240278 0.059375 0.080556
4 0.310156 0.243750 0.060937 0.081944
4 0.331250 0.461111 0.056250 0.116667
4 0.353125 0.600000 0.059375 0.119444
4 0.372656 0.243750 0.057813 0.079167
4 0.389844 0.465278 0.051562 0.113889
4 0.418750 0.590278 0.046875 0.108333
4 0.437500 0.245139 0.059375 0.079167
4 0.456250 0.448611 0.050000 0.108333
4 0.473828 0.595833 0.042969 0.105556
4 0.516406 0.462500 0.048438 0.111111
4 0.534375 0.588889 0.043750 0.105556
8 0.182031 0.237500 0.059375 0.080556
9 0.246875 0.240278 0.059375 0.080556
10 0.310156 0.243750 0.060937 0.081944
11 0.373437 0.243750 0.057813 0.079167
12 0.437500 0.245139 0.059375 0.079167
13 0.353125 0.600000 0.059375 0.119444
14 0.418750 0.590278 0.046875 0.108333
15 0.473828 0.595833 0.042969 0.105556
16 0.534375 0.588889 0.043750 0.105556
17 0.331250 0.461111 0.056250 0.116667
18 0.389844 0.465278 0.051562 0.113889
19 0.456250 0.448611 0.050000 0.108333
20 0.516406 0.462500 0.048438 0.111111