0 0.175391 0.413889 0.069531 0.111111
0 0.243750 0.483333 0.068750 0.119444
0 0.256641 0.606250 0.060156 0.079167
0 0.265625 0.308333 0.057813 0.077778
0 0.277344 0.743750 0.043750 0.104167
0 0.301563 0.452083 0.057813 0.115278
0 0.347656 0.411806 0.064062 0.118056
0 0.345703 0.608333 0.047656 0.108333
0 0.353125 0.793750 0.062500 0.118056
0 0.361328 0.296528 0.058594 0.079167
0 0.387891 0.576389 0.049219 0.108333
0 0.427734 0.463889 0.063281 0.119444
0 0.424609 0.250000 0.053906 0.116667
0 0.430469 0.664583 0.048438 0.112500
0 0.467187 0.372222 0.059375 0.086111
0 0.469141 0.832639 0.050781 0.109722
0 0.483984 0.486111 0.042969 0.102778
0 0.500781 0.681944 0.051562 0.113889
0 0.537109 0.550000 0.049219 0.108333
0 0.551172 0.332639 0.061719 0.118056
0 0.541406 0.782639 0.039062 0.098611
0 0.565625 0.661111 0.065625 0.116667
0 0.590234 0.492361 0.046094 0.106944
0 0.614062 0.729167 0.046875 0.105556
0 0.618750 0.857639 0.050000 0.109722
0 0.630859 0.338889 0.044531 0.105556
0 0.660547 0.538889 0.041406 0.100000
1 0.175391 0.413889 0.069531 0.111111
1 0.243750 0.483333 0.068750 0.119444
1 0.256641 0.606250 0.060156 0.079167
1 0.265625 0.308333 0.057813 0.077778
1 0.301563 0.452083 0.057813 0.115278
1 0.345703 0.608333 0.047656 0.108333
1 0.353125 0.793750 0.062500 0.118056
1 0.361328 0.296528 0.058594 0.079167
1 0.427734 0.463889 0.063281 0.119444
1 0.424609 0.250000 0.053906 0.116667
1 0.467187 0.372222 0.059375 0.086111
1 0.469141 0.832639 0.050781 0.109722
1 0.483984 0.486111 0.042969 0.102778
1 0.537109 0.550000 0.049219 0.108333
1 0.551172 0.332639 0.061719 0.118056
1 0.541406 0.782639 0.039062 0.098611
1 0.565625 0.661111 0.065625 0.116667
1 0.590234 0.492361 0.046094 0.106944
1 0.614062 0.729167 0.046875 0.105556
1 0.618750 0.857639 0.050000 0.109722
1 0.630859 0.338889 0.044531 0.105556
1 0.660547 0.538889 0.041406 0.100000
2 0.430469 0.664583 0.048438 0.112500
3 0.277344 0.743750 0.043750 0.104167
3 0.347656 0.411806 0.064062 0.118056
3 0.387891 0.576389 0.049219 0.108333
3 0.500781 0.681944 0.051562 0.113889
4 0.243750 0.483333 0.068750 0.119444
4 0.467187 0.372222 0.059375 0.086111
4 0.483984 0.486111 0.042969 0.102778
4 0.537109 0.550000 0.049219 0.108333
4 0.551172 0.332639 0.061719 0.118056
5 0.256641 0.606250 0.060156 0.079167
5 0.301563 0.452083 0.057813 0.115278
5 0.427734 0.463889 0.063281 0.119444
5 0.469141 0.832639 0.050781 0.109722
5 0.541406 0.782639 0.039062 0.098611
5 0.618750 0.857639 0.050000 0.109722
5 0.660547 0.538889 0.041406 0.100000
6 0.265625 0.308333 0.057813 0.077778
6 0.345703 0.608333 0.047656 0.108333
6 0.361328 0.296528 0.058594 0.079167
6 0.565625 0.661111 0.065625 0.116667
6 0.630859 0.338889 0.044531 0.105556
7 0.175391 0.413889 0.069531 0.111111
7 0.353125 0.793750 0.062500 0.118056
7 0.424609 0.250000 0.053906 0.116667
7 0.590234 0.492361 0.046094 0.106944
7 0.614062 0.729167 0.046875 0.105556
8 0.467187 0.372222 0.059375 0.086111
8 0.590234 0.492361 0.046094 0.106944
9 0.424609 0.250000 0.053906 0.116667
9 0.618750 0.857639 0.050000 0.109722
10 0.175391 0.413889 0.069531 0.111111
10 0.537109 0.550000 0.049219 0.108333
10 0.541406 0.782639 0.039062 0.098611
11 0.469141 0.832639 0.050781 0.109722
11 0.614062 0.729167 0.046875 0.105556
12 0.565625 0.661111 0.065625 0.116667
13 0.256641 0.606250 0.060156 0.079167
13 0.353125 0.793750 0.062500 0.118056
13 0.483984 0.486111 0.042969 0.102778
14 0.345703 0.608333 0.047656 0.108333
15 0.427734 0.463889 0.063281 0.119444
16 0.265625 0.308333 0.057813 0.077778
17 0.243750 0.483333 0.068750 0.119444
17 0.630859 0.338889 0.044531 0.105556
18 0.301563 0.452083 0.057813 0.115278
19 0.361328 0.296528 0.058594 0.079167
20 0.551172 0.332639 0.061719 0.118056
20 0.660547 0.538889 0.041406 0.100000