0 0.103906 0.593056 0.049219 0.108333
0 0.147656 0.450000 0.067969 0.101389
0 0.164062 0.766667 0.061719 0.084722
0 0.167969 0.622222 0.061719 0.087500
0 0.210938 0.461111 0.054688 0.116667
0 0.232031 0.781944 0.053125 0.115278
0 0.237500 0.608333 0.055469 0.115278
0 0.264844 0.501389 0.065625 0.095833
0 0.290625 0.811111 0.064844 0.094444
0 0.289844 0.675000 0.062500 0.086111
0 0.370312 0.758333 0.049219 0.113889
0 0.385156 0.247222 0.058594 0.080556
0 0.393750 0.886111 0.058594 0.079167
0 0.419531 0.465278 0.046094 0.108333
0 0.425000 0.756944 0.043750 0.108333
0 0.450781 0.255556 0.063281 0.097222
0 0.456250 0.895833 0.052344 0.113889
0 0.479687 0.747222 0.044531 0.106944
0 0.480469 0.470833 0.043750 0.104167
0 0.514844 0.266667 0.060937 0.084722
0 0.533594 0.750000 0.044531 0.106944
0 0.536719 0.883333 0.046094 0.108333
0 0.541406 0.486111 0.043750 0.102778
0 0.582812 0.279167 0.064844 0.098611
0 0.596094 0.873611 0.059375 0.081944
0 0.602344 0.762500 0.046875 0.109722
0 0.649219 0.293056 0.058594 0.079167
0 0.688281 0.879167 0.060937 0.093056
0 0.696094 0.769444 0.061719 0.093056
0 0.706250 0.675000 0.061719 0.090278
0 0.708594 0.581944 0.060156 0.087500
0 0.720313 0.479167 0.061719 0.094444
1 0.370312 0.758333 0.049219 0.113889
1 0.385156 0.247222 0.058594 0.080556
1 0.419531 0.465278 0.046094 0.108333
1 0.425000 0.756944 0.043750 0.108333
1 0.450781 0.255556 0.063281 0.097222
1 0.479687 0.747222 0.044531 0.106944
1 0.480469 0.470833 0.043750 0.104167
1 0.514844 0.266667 0.060937 0.084722
1 0.533594 0.750000 0.044531 0.106944
1 0.541406 0.486111 0.043750 0.102778
1 0.582812 0.279167 0.064844 0.098611
1 0.602344 0.762500 0.046875 0.109722
1 0.649219 0.293056 0.058594 0.079167
2 0.147656 0.450000 0.067969 0.101389
2 0.164062 0.766667 0.061719 0.084722
2 0.210938 0.461111 0.054688 0.116667
2 0.232031 0.781944 0.053125 0.115278
2 0.264844 0.501389 0.065625 0.095833
2 0.290625 0.811111 0.064844 0.094444
2 0.688281 0.879167 0.060937 0.093056
2 0.696094 0.769444 0.061719 0.093056
2 0.706250 0.675000 0.061719 0.090278
2 0.708594 0.581944 0.060156 0.087500
2 0.720313 0.479167 0.061719 0.094444
3 0.103906 0.593056 0.049219 0.108333
3 0.167969 0.622222 0.061719 0.087500
3 0.237500 0.608333 0.055469 0.115278
3 0.289844 0.675000 0.062500 0.086111
3 0.393750 0.886111 0.058594 0.079167
3 0.456250 0.895833 0.052344 0.113889
3 0.536719 0.883333 0.046094 0.108333
3 0.596094 0.873611 0.059375 0.081944
5 0.370312 0.758333 0.049219 0.113889
5 0.385156 0.247222 0.058594 0.080556
5 0.419531 0.465278 0.046094 0.108333
5 0.425000 0.756944 0.043750 0.108333
5 0.450781 0.255556 0.063281 0.097222
5 0.479687 0.747222 0.044531 0.106944
5 0.480469 0.470833 0.043750 0.104167
5 0.514844 0.266667 0.060937 0.084722
5 0.533594 0.750000 0.044531 0.106944
5 0.541406 0.486111 0.043750 0.102778
5 0.582812 0.279167 0.064844 0.098611
5 0.602344 0.762500 0.046875 0.109722
5 0.649219 0.293056 0.058594 0.079167
8 0.602344 0.762500 0.046875 0.109722
9 0.533594 0.750000 0.044531 0.106944
10 0.479687 0.747222 0.044531 0.106944
11 0.425000 0.756944 0.043750 0.108333
12 0.370312 0.758333 0.049219 0.113889
13 0.385156 0.247222 0.058594 0.080556
14 0.450781 0.255556 0.063281 0.097222
15 0.514844 0.266667 0.060937 0.084722
16 0.582812 0.279167 0.064844 0.098611
17 0.649219 0.293056 0.058594 0.079167
18 0.419531 0.465278 0.046094 0.108333
19 0.480469 0.470833 0.043750 0.104167
20 0.541406 0.486111 0.043750 0.102778