0 0.160156 0.845833 0.060937 0.119444
0 0.153906 0.544444 0.043750 0.102778
0 0.242188 0.548611 0.059375 0.119444
0 0.246484 0.724306 0.050781 0.112500
0 0.259766 0.375000 0.060156 0.119444
0 0.273047 0.231250 0.058594 0.118056
0 0.311719 0.579861 0.057813 0.118056
0 0.317578 0.703472 0.063281 0.120833
0 0.324219 0.829167 0.053125 0.111111
0 0.333203 0.459722 0.067969 0.116667
0 0.341406 0.336111 0.059375 0.119444
0 0.388672 0.395139 0.067969 0.120833
0 0.395313 0.703472 0.065625 0.118056
0 0.444922 0.262500 0.067969 0.113889
0 0.537109 0.637500 0.057031 0.113889
0 0.533984 0.381250 0.049219 0.109722
0 0.553516 0.529861 0.058594 0.115278
0 0.603125 0.718750 0.050000 0.112500
0 0.617969 0.548611 0.056250 0.077778
1 0.160156 0.845833 0.060937 0.119444
1 0.153906 0.544444 0.043750 0.102778
1 0.242188 0.548611 0.059375 0.119444
1 0.246484 0.724306 0.050781 0.112500
1 0.259766 0.375000 0.060156 0.119444
1 0.273047 0.231250 0.058594 0.118056
1 0.311719 0.579861 0.057813 0.118056
1 0.317578 0.703472 0.063281 0.120833
1 0.324219 0.829167 0.053125 0.111111
1 0.333203 0.459722 0.067969 0.116667
1 0.341406 0.336111 0.059375 0.119444
1 0.388672 0.395139 0.067969 0.120833
1 0.395313 0.703472 0.065625 0.118056
1 0.444922 0.262500 0.067969 0.113889
1 0.537109 0.637500 0.057031 0.113889
1 0.533984 0.381250 0.049219 0.109722
1 0.553516 0.529861 0.058594 0.115278
1 0.603125 0.718750 0.050000 0.112500
1 0.617969 0.548611 0.056250 0.077778
4 0.160156 0.845833 0.060937 0.119444
4 0.242188 0.548611 0.059375 0.119444
4 0.259766 0.375000 0.060156 0.119444
4 0.388672 0.395139 0.067969 0.120833
4 0.395313 0.703472 0.065625 0.118056
4 0.537109 0.637500 0.057031 0.113889
4 0.533984 0.381250 0.049219 0.109722
5 0.246484 0.724306 0.050781 0.112500
5 0.273047 0.231250 0.058594 0.118056
5 0.341406 0.336111 0.059375 0.119444
5 0.553516 0.529861 0.058594 0.115278
6 0.153906 0.544444 0.043750 0.102778
6 0.317578 0.703472 0.063281 0.120833
6 0.444922 0.262500 0.067969 0.113889
6 0.617969 0.548611 0.056250 0.077778
7 0.311719 0.579861 0.057813 0.118056
7 0.324219 0.829167 0.053125 0.111111
7 0.333203 0.459722 0.067969 0.116667
7 0.603125 0.718750 0.050000 0.112500
8 0.153906 0.544444 0.043750 0.102778
8 0.395313 0.703472 0.065625 0.118056
10 0.160156 0.845833 0.060937 0.119444
10 0.246484 0.724306 0.050781 0.112500
11 0.324219 0.829167 0.053125 0.111111
11 0.444922 0.262500 0.067969 0.113889
11 0.553516 0.529861 0.058594 0.115278
12 0.341406 0.336111 0.059375 0.119444
13 0.311719 0.579861 0.057813 0.118056
14 0.533984 0.381250 0.049219 0.109722
15 0.259766 0.375000 0.060156 0.119444
16 0.537109 0.637500 0.057031 0.113889
17 0.242188 0.548611 0.059375 0.119444
17 0.603125 0.718750 0.050000 0.112500
17 0.617969 0.548611 0.056250 0.077778
18 0.273047 0.231250 0.058594 0.118056
18 0.317578 0.703472 0.063281 0.120833
18 0.388672 0.395139 0.067969 0.120833
20 0.333203 0.459722 0.067969 0.116667