0 0.421094 0.472917 0.054688 0.070833
0 0.506641 0.597222 0.064844 0.113889
0 0.562500 0.743750 0.062500 0.118056
0 0.585938 0.354167 0.056250 0.072222
1 0.421094 0.472917 0.054688 0.070833
1 0.506641 0.597222 0.064844 0.113889
1 0.562500 0.743750 0.062500 0.118056
1 0.585938 0.354167 0.056250 0.072222
4 0.562500 0.743750 0.062500 0.118056
5 0.421094 0.472917 0.054688 0.070833
5 0.506641 0.597222 0.064844 0.113889
6 0.585938 0.354167 0.056250 0.072222
10 0.506641 0.597222 0.064844 0.113889
12 0.585938 0.354167 0.056250 0.072222
16 0.562500 0.743750 0.062500 0.118056
17 0.421094 0.472917 0.054688 0.070833