0 0.240625 0.780556 0.066406 0.125000
0 0.328125 0.797222 0.067187 0.104167
0 0.371875 0.541667 0.050000 0.109722
0 0.400781 0.640278 0.058594 0.118056
0 0.432812 0.898611 0.066406 0.123611
0 0.458594 0.561111 0.052344 0.115278
0 0.509375 0.427778 0.042969 0.101389
0 0.552344 0.876389 0.051562 0.113889
0 0.585156 0.390278 0.060937 0.112500
0 0.687500 0.466667 0.057031 0.086111
0 0.688281 0.590278 0.053125 0.109722
2 0.240625 0.780556 0.066406 0.125000
2 0.328125 0.797222 0.067187 0.104167
2 0.371875 0.541667 0.050000 0.109722
2 0.458594 0.561111 0.052344 0.115278
2 0.509375 0.427778 0.042969 0.101389
2 0.585156 0.390278 0.060937 0.112500
2 0.687500 0.466667 0.057031 0.086111
2 0.688281 0.590278 0.053125 0.109722
3 0.400781 0.640278 0.058594 0.118056
3 0.432812 0.898611 0.066406 0.123611
3 0.552344 0.876389 0.051562 0.113889