0 0.200000 0.452778 0.052344 0.113889
0 0.214062 0.600000 0.058594 0.120833
0 0.265625 0.456944 0.058594 0.076389
0 0.274219 0.319444 0.045312 0.104167
0 0.300781 0.579167 0.059375 0.075000
0 0.343750 0.397222 0.053125 0.115278
0 0.355469 0.259722 0.047656 0.106944
0 0.357812 0.708333 0.048438 0.108333
0 0.373437 0.511111 0.058594 0.079167
0 0.414062 0.377778 0.046875 0.106944
0 0.415625 0.236111 0.039844 0.097222
0 0.435156 0.647222 0.054688 0.115278
0 0.449219 0.495833 0.043750 0.104167
0 0.476562 0.350000 0.052344 0.113889
0 0.478125 0.206944 0.048438 0.109722
0 0.517969 0.634722 0.058594 0.119444
0 0.525781 0.384722 0.039844 0.098611
0 0.556250 0.243056 0.065625 0.116667
0 0.562500 0.780556 0.053906 0.116667
0 0.596094 0.484722 0.057813 0.080556
0 0.619531 0.715278 0.067187 0.120833
0 0.657031 0.375000 0.057813 0.083333
0 0.667969 0.658333 0.060937 0.119444
0 0.685156 0.531944 0.062500 0.095833
1 0.562500 0.780556 0.053906 0.116667
1 0.619531 0.715278 0.067187 0.120833
1 0.667969 0.658333 0.060937 0.119444
1 0.685156 0.531944 0.062500 0.095833
2 0.200000 0.452778 0.052344 0.113889
2 0.214062 0.600000 0.058594 0.120833
2 0.274219 0.319444 0.045312 0.104167
2 0.343750 0.397222 0.053125 0.115278
2 0.357812 0.708333 0.048438 0.108333
2 0.414062 0.377778 0.046875 0.106944
2 0.415625 0.236111 0.039844 0.097222
2 0.435156 0.647222 0.054688 0.115278
2 0.449219 0.495833 0.043750 0.104167
2 0.476562 0.350000 0.052344 0.113889
2 0.525781 0.384722 0.039844 0.098611
3 0.265625 0.456944 0.058594 0.076389
3 0.300781 0.579167 0.059375 0.075000
3 0.355469 0.259722 0.047656 0.106944
3 0.373437 0.511111 0.058594 0.079167
3 0.478125 0.206944 0.048438 0.109722
3 0.517969 0.634722 0.058594 0.119444
3 0.556250 0.243056 0.065625 0.116667
3 0.596094 0.484722 0.057813 0.080556
3 0.657031 0.375000 0.057813 0.083333
5 0.562500 0.780556 0.053906 0.116667
5 0.685156 0.531944 0.062500 0.095833
7 0.619531 0.715278 0.067187 0.120833
7 0.667969 0.658333 0.060937 0.119444
10 0.619531 0.715278 0.067187 0.120833
10 0.685156 0.531944 0.062500 0.095833
11 0.667969 0.658333 0.060937 0.119444
15 0.562500 0.780556 0.053906 0.116667