0 0.425391 0.211111 0.057031 0.077778
0 0.431250 0.340972 0.060937 0.098611
0 0.475391 0.455556 0.058594 0.086111
0 0.483594 0.122917 0.046875 0.106944
0 0.500391 0.237500 0.066406 0.100000
0 0.541406 0.083333 0.057813 0.119444
0 0.543359 0.440972 0.042969 0.104167
0 0.583594 0.169444 0.059375 0.094444
0 0.606641 0.534722 0.058594 0.080556
0 0.612500 0.400000 0.051562 0.113889
0 0.658203 0.119444 0.067969 0.125000
0 0.650000 0.246528 0.050000 0.112500
0 0.687500 0.378472 0.062500 0.104167
0 0.706250 0.261806 0.045312 0.109722
1 0.706250 0.261806 0.045312 0.109722
2 0.431250 0.340972 0.060937 0.098611
2 0.475391 0.455556 0.058594 0.086111
2 0.483594 0.122917 0.046875 0.106944
2 0.541406 0.083333 0.057813 0.119444
2 0.543359 0.440972 0.042969 0.104167
2 0.583594 0.169444 0.059375 0.094444
2 0.606641 0.534722 0.058594 0.080556
2 0.612500 0.400000 0.051562 0.113889
2 0.658203 0.119444 0.067969 0.125000
2 0.650000 0.246528 0.050000 0.112500
2 0.687500 0.378472 0.062500 0.104167
3 0.425391 0.211111 0.057031 0.077778
3 0.500391 0.237500 0.066406 0.100000
6 0.706250 0.261806 0.045312 0.109722
11 0.706250 0.261806 0.045312 0.109722