0 0.390625 0.480556 0.050781 0.112500
0 0.389844 0.777778 0.049219 0.111111
0 0.453125 0.527778 0.042188 0.104167
0 0.487500 0.670833 0.057031 0.077778
0 0.491406 0.788889 0.062500 0.091667
0 0.501563 0.906944 0.068750 0.115278
0 0.530469 0.454167 0.050000 0.111111
0 0.546094 0.608333 0.044531 0.105556
0 0.564063 0.769444 0.059375 0.086111
0 0.596094 0.472222 0.056250 0.075000
0 0.608594 0.641667 0.061719 0.084722
0 0.617969 0.373611 0.058594 0.118056
0 0.638281 0.820833 0.061719 0.094444
0 0.653906 0.555556 0.067969 0.106944
0 0.667969 0.720833 0.057813 0.116667
0 0.682031 0.337500 0.053125 0.113889
0 0.732812 0.545833 0.060156 0.120833
0 0.756250 0.670833 0.059375 0.120833
0 0.764844 0.365278 0.065625 0.106944
0 0.798438 0.479167 0.057813 0.075000
0 0.803906 0.827778 0.068750 0.109722
0 0.852344 0.618056 0.064844 0.116667
0 0.935156 0.548611 0.050781 0.113889
1 0.390625 0.480556 0.050781 0.112500
1 0.491406 0.788889 0.062500 0.091667
1 0.732812 0.545833 0.060156 0.120833
1 0.756250 0.670833 0.059375 0.120833
2 0.389844 0.777778 0.049219 0.111111
2 0.453125 0.527778 0.042188 0.104167
2 0.487500 0.670833 0.057031 0.077778
2 0.501563 0.906944 0.068750 0.115278
2 0.530469 0.454167 0.050000 0.111111
2 0.617969 0.373611 0.058594 0.118056
2 0.682031 0.337500 0.053125 0.113889
2 0.764844 0.365278 0.065625 0.106944
2 0.798438 0.479167 0.057813 0.075000
2 0.852344 0.618056 0.064844 0.116667
2 0.935156 0.548611 0.050781 0.113889
3 0.546094 0.608333 0.044531 0.105556
3 0.564063 0.769444 0.059375 0.086111
3 0.596094 0.472222 0.056250 0.075000
3 0.608594 0.641667 0.061719 0.084722
3 0.638281 0.820833 0.061719 0.094444
3 0.653906 0.555556 0.067969 0.106944
3 0.667969 0.720833 0.057813 0.116667
3 0.803906 0.827778 0.068750 0.109722
4 0.756250 0.670833 0.059375 0.120833
5 0.491406 0.788889 0.062500 0.091667
6 0.390625 0.480556 0.050781 0.112500
7 0.732812 0.545833 0.060156 0.120833
11 0.491406 0.788889 0.062500 0.091667
14 0.390625 0.480556 0.050781 0.112500
15 0.756250 0.670833 0.059375 0.120833
20 0.732812 0.545833 0.060156 0.120833