0 0.154688 0.473611 0.046875 0.105556
0 0.193750 0.345833 0.068750 0.113889
0 0.210938 0.637500 0.064062 0.094444
0 0.221484 0.468056 0.063281 0.091667
0 0.255078 0.334028 0.061719 0.120833
0 0.279687 0.665278 0.053125 0.113889
0 0.283594 0.493750 0.053125 0.112500
0 0.310937 0.401389 0.062500 0.091667
0 0.334375 0.691667 0.056250 0.116667
0 0.341406 0.531250 0.067187 0.115278
0 0.434375 0.769444 0.056250 0.077778
0 0.430078 0.118056 0.044531 0.105556
0 0.479687 0.116667 0.043750 0.108333
0 0.496484 0.779861 0.049219 0.109722
0 0.525000 0.122222 0.045312 0.108333
0 0.556641 0.347222 0.064844 0.116667
0 0.573438 0.768750 0.043750 0.104167
0 0.574609 0.123611 0.044531 0.105556
0 0.599219 0.662500 0.060937 0.113889
0 0.627344 0.381944 0.062500 0.116667
0 0.633594 0.767361 0.060937 0.084722
0 0.674219 0.483333 0.067187 0.113889
0 0.694922 0.373611 0.050781 0.108333
1 0.430078 0.118056 0.044531 0.105556
1 0.479687 0.116667 0.043750 0.108333
1 0.525000 0.122222 0.045312 0.108333
1 0.574609 0.123611 0.044531 0.105556
2 0.193750 0.345833 0.068750 0.113889
2 0.210938 0.637500 0.064062 0.094444
2 0.255078 0.334028 0.061719 0.120833
2 0.279687 0.665278 0.053125 0.113889
2 0.310937 0.401389 0.062500 0.091667
2 0.334375 0.691667 0.056250 0.116667
2 0.556641 0.347222 0.064844 0.116667
2 0.599219 0.662500 0.060937 0.113889
2 0.627344 0.381944 0.062500 0.116667
2 0.674219 0.483333 0.067187 0.113889
2 0.694922 0.373611 0.050781 0.108333
3 0.154688 0.473611 0.046875 0.105556
3 0.221484 0.468056 0.063281 0.091667
3 0.283594 0.493750 0.053125 0.112500
3 0.341406 0.531250 0.067187 0.115278
3 0.434375 0.769444 0.056250 0.077778
3 0.496484 0.779861 0.049219 0.109722
3 0.573438 0.768750 0.043750 0.104167
3 0.633594 0.767361 0.060937 0.084722
4 0.574609 0.123611 0.044531 0.105556
5 0.430078 0.118056 0.044531 0.105556
6 0.525000 0.122222 0.045312 0.108333
7 0.479687 0.116667 0.043750 0.108333
8 0.479687 0.116667 0.043750 0.108333
8 0.525000 0.122222 0.045312 0.108333
8 0.574609 0.123611 0.044531 0.105556
11 0.430078 0.118056 0.044531 0.105556