0 0.184375 0.480556 0.056250 0.116667
0 0.212891 0.400000 0.057031 0.116667
0 0.268750 0.423611 0.056250 0.119444
0 0.337500 0.868750 0.050000 0.112500
0 0.348047 0.187500 0.063281 0.077778
0 0.346094 0.445833 0.057813 0.119444
0 0.379688 0.820139 0.046875 0.109722
0 0.391016 0.643750 0.063281 0.120833
0 0.399219 0.440278 0.060937 0.119444
0 0.404297 0.157639 0.057031 0.076389
0 0.438281 0.586111 0.067187 0.111111
0 0.464844 0.164583 0.056250 0.073611
0 0.475781 0.531250 0.067187 0.109722
0 0.537891 0.384722 0.058594 0.080556
0 0.550391 0.514583 0.055469 0.112500
0 0.596484 0.504167 0.057031 0.113889
0 0.631250 0.470833 0.056250 0.111111
0 0.671484 0.453472 0.058594 0.112500
0 0.708984 0.428472 0.058594 0.112500
2 0.348047 0.187500 0.063281 0.077778
2 0.391016 0.643750 0.063281 0.120833
2 0.404297 0.157639 0.057031 0.076389
2 0.438281 0.586111 0.067187 0.111111
2 0.464844 0.164583 0.056250 0.073611
2 0.475781 0.531250 0.067187 0.109722
2 0.550391 0.514583 0.055469 0.112500
2 0.596484 0.504167 0.057031 0.113889
2 0.631250 0.470833 0.056250 0.111111
2 0.671484 0.453472 0.058594 0.112500
2 0.708984 0.428472 0.058594 0.112500
3 0.184375 0.480556 0.056250 0.116667
3 0.212891 0.400000 0.057031 0.116667
3 0.268750 0.423611 0.056250 0.119444
3 0.337500 0.868750 0.050000 0.112500
3 0.346094 0.445833 0.057813 0.119444
3 0.379688 0.820139 0.046875 0.109722
3 0.399219 0.440278 0.060937 0.119444
3 0.537891 0.384722 0.058594 0.080556