0 0.189844 0.505556 0.054688 0.113889
0 0.242969 0.361111 0.042188 0.102778
0 0.263672 0.515278 0.060156 0.119444
0 0.290625 0.920139 0.045312 0.106944
0 0.323047 0.473611 0.067969 0.119444
0 0.345703 0.320139 0.061719 0.123611
0 0.346875 0.896528 0.042188 0.104167
0 0.354687 0.765972 0.054688 0.118056
0 0.380078 0.625000 0.066406 0.100000
0 0.387891 0.521528 0.063281 0.120833
0 0.400781 0.915278 0.050000 0.111111
0 0.399609 0.393750 0.042969 0.104167
0 0.403516 0.737500 0.041406 0.100000
0 0.443750 0.528472 0.042188 0.104167
0 0.466406 0.776389 0.057813 0.077778
0 0.468750 0.379167 0.043750 0.105556
0 0.477344 0.882639 0.056250 0.115278
0 0.505859 0.559722 0.046094 0.105556
0 0.505859 0.683333 0.042969 0.102778
0 0.525781 0.407639 0.059375 0.120833
0 0.526563 0.408333 0.059375 0.119444
0 0.549609 0.829167 0.041406 0.100000
0 0.562500 0.307639 0.059375 0.118056
0 0.560156 0.600000 0.043750 0.102778
0 0.575781 0.500000 0.065625 0.105556
0 0.586328 0.725000 0.039844 0.097222
0 0.616016 0.351389 0.060156 0.119444
0 0.638281 0.464583 0.039062 0.098611
0 0.657813 0.602778 0.051562 0.111111
0 0.661719 0.790278 0.050000 0.111111
0 0.702344 0.493750 0.054688 0.115278
1 0.189844 0.505556 0.054688 0.113889
1 0.242969 0.361111 0.042188 0.102778
1 0.263672 0.515278 0.060156 0.119444
1 0.290625 0.920139 0.045312 0.106944
1 0.323047 0.473611 0.067969 0.119444
1 0.345703 0.320139 0.061719 0.123611
1 0.346875 0.896528 0.042188 0.104167
1 0.354687 0.765972 0.054688 0.118056
1 0.380078 0.625000 0.066406 0.100000
1 0.387891 0.521528 0.063281 0.120833
1 0.400781 0.915278 0.050000 0.111111
1 0.399609 0.393750 0.042969 0.104167
1 0.403516 0.737500 0.041406 0.100000
1 0.443750 0.528472 0.042188 0.104167
1 0.466406 0.776389 0.057813 0.077778
1 0.468750 0.379167 0.043750 0.105556
1 0.477344 0.882639 0.056250 0.115278
1 0.505859 0.559722 0.046094 0.105556
1 0.505859 0.683333 0.042969 0.102778
1 0.525781 0.407639 0.059375 0.120833
1 0.526563 0.408333 0.059375 0.119444
1 0.549609 0.829167 0.041406 0.100000
1 0.562500 0.307639 0.059375 0.118056
1 0.560156 0.600000 0.043750 0.102778
1 0.575781 0.500000 0.065625 0.105556
1 0.586328 0.725000 0.039844 0.097222
1 0.616016 0.351389 0.060156 0.119444
1 0.638281 0.464583 0.039062 0.098611
1 0.657813 0.602778 0.051562 0.111111
1 0.661719 0.790278 0.050000 0.111111
1 0.702344 0.493750 0.054688 0.115278
4 0.263672 0.515278 0.060156 0.119444
4 0.290625 0.920139 0.045312 0.106944
4 0.345703 0.320139 0.061719 0.123611
4 0.380078 0.625000 0.066406 0.100000
4 0.477344 0.882639 0.056250 0.115278
4 0.562500 0.307639 0.059375 0.118056
4 0.575781 0.500000 0.065625 0.105556
4 0.616016 0.351389 0.060156 0.119444
5 0.387891 0.521528 0.063281 0.120833
5 0.399609 0.393750 0.042969 0.104167
5 0.505859 0.559722 0.046094 0.105556
5 0.505859 0.683333 0.042969 0.102778
5 0.525781 0.407639 0.059375 0.120833
5 0.526563 0.408333 0.059375 0.119444
5 0.560156 0.600000 0.043750 0.102778
5 0.661719 0.790278 0.050000 0.111111
6 0.242969 0.361111 0.042188 0.102778
6 0.346875 0.896528 0.042188 0.104167
6 0.354687 0.765972 0.054688 0.118056
6 0.403516 0.737500 0.041406 0.100000
6 0.443750 0.528472 0.042188 0.104167
6 0.468750 0.379167 0.043750 0.105556
6 0.586328 0.725000 0.039844 0.097222
6 0.638281 0.464583 0.039062 0.098611
6 0.657813 0.602778 0.051562 0.111111
6 0.702344 0.493750 0.054688 0.115278
7 0.189844 0.505556 0.054688 0.113889
7 0.323047 0.473611 0.067969 0.119444
7 0.400781 0.915278 0.050000 0.111111
7 0.466406 0.776389 0.057813 0.077778
7 0.549609 0.829167 0.041406 0.100000
8 0.638281 0.464583 0.039062 0.098611
9 0.242969 0.361111 0.042188 0.102778
9 0.345703 0.320139 0.061719 0.123611
9 0.661719 0.790278 0.050000 0.111111
10 0.263672 0.515278 0.060156 0.119444
10 0.505859 0.683333 0.042969 0.102778
11 0.466406 0.776389 0.057813 0.077778
11 0.468750 0.379167 0.043750 0.105556
11 0.575781 0.500000 0.065625 0.105556
12 0.346875 0.896528 0.042188 0.104167
12 0.525781 0.407639 0.059375 0.120833
12 0.526563 0.408333 0.059375 0.119444
12 0.562500 0.307639 0.059375 0.118056
13 0.323047 0.473611 0.067969 0.119444
13 0.505859 0.559722 0.046094 0.105556
14 0.400781 0.915278 0.050000 0.111111
14 0.560156 0.600000 0.043750 0.102778
14 0.616016 0.351389 0.060156 0.119444
15 0.387891 0.521528 0.063281 0.120833
15 0.549609 0.829167 0.041406 0.100000
15 0.586328 0.725000 0.039844 0.097222
16 0.477344 0.882639 0.056250 0.115278
16 0.657813 0.602778 0.051562 0.111111
17 0.290625 0.920139 0.045312 0.106944
17 0.354687 0.765972 0.054688 0.118056
18 0.702344 0.493750 0.054688 0.115278
19 0.189844 0.505556 0.054688 0.113889
19 0.403516 0.737500 0.041406 0.100000
20 0.380078 0.625000 0.066406 0.100000
20 0.399609 0.393750 0.042969 0.104167
20 0.443750 0.528472 0.042188 0.104167