0 0.348047 0.781944 0.049219 0.108333
0 0.357812 0.905556 0.043750 0.102778
0 0.426563 0.830556 0.067187 0.116667
0 0.440234 0.364583 0.063281 0.101389
0 0.519141 0.580556 0.060156 0.116667
0 0.569141 0.894444 0.064844 0.111111
0 0.575781 0.527778 0.051562 0.111111
0 0.632812 0.576389 0.062500 0.116667
0 0.627734 0.905556 0.042969 0.102778
0 0.642188 0.400000 0.051562 0.111111
0 0.671094 0.818056 0.045312 0.105556
0 0.703516 0.709028 0.057031 0.115278
0 0.715625 0.345139 0.053125 0.112500
1 0.348047 0.781944 0.049219 0.108333
1 0.357812 0.905556 0.043750 0.102778
1 0.426563 0.830556 0.067187 0.116667
1 0.519141 0.580556 0.060156 0.116667
1 0.575781 0.527778 0.051562 0.111111
1 0.632812 0.576389 0.062500 0.116667
1 0.642188 0.400000 0.051562 0.111111
1 0.703516 0.709028 0.057031 0.115278
1 0.715625 0.345139 0.053125 0.112500
2 0.440234 0.364583 0.063281 0.101389
3 0.569141 0.894444 0.064844 0.111111
3 0.627734 0.905556 0.042969 0.102778
3 0.671094 0.818056 0.045312 0.105556
4 0.348047 0.781944 0.049219 0.108333
4 0.519141 0.580556 0.060156 0.116667
4 0.575781 0.527778 0.051562 0.111111
5 0.642188 0.400000 0.051562 0.111111
5 0.703516 0.709028 0.057031 0.115278
6 0.632812 0.576389 0.062500 0.116667
7 0.357812 0.905556 0.043750 0.102778
7 0.426563 0.830556 0.067187 0.116667
7 0.715625 0.345139 0.053125 0.112500
8 0.632812 0.576389 0.062500 0.116667
10 0.348047 0.781944 0.049219 0.108333
10 0.715625 0.345139 0.053125 0.112500
12 0.426563 0.830556 0.067187 0.116667
14 0.642188 0.400000 0.051562 0.111111
16 0.357812 0.905556 0.043750 0.102778
18 0.575781 0.527778 0.051562 0.111111
19 0.519141 0.580556 0.060156 0.116667
20 0.703516 0.709028 0.057031 0.115278