0 0.380078 0.665972 0.046094 0.104167
0 0.416797 0.788889 0.044531 0.105556
0 0.444141 0.448611 0.055469 0.080556
0 0.446484 0.633333 0.042969 0.105556
0 0.464062 0.898611 0.050000 0.111111
0 0.489063 0.768750 0.059375 0.081944
0 0.502734 0.508333 0.055469 0.113889
0 0.512500 0.651389 0.056250 0.119444
0 0.549219 0.381250 0.059375 0.115278
0 0.557813 0.843750 0.064062 0.098611
0 0.571484 0.554167 0.066406 0.105556
0 0.578906 0.697917 0.056250 0.076389
0 0.630859 0.486111 0.063281 0.122222
0 0.636328 0.608333 0.064844 0.111111
0 0.650391 0.369444 0.064844 0.122222
0 0.687109 0.688889 0.066406 0.122222
0 0.702344 0.419444 0.051562 0.113889
0 0.737500 0.527778 0.062500 0.088889
0 0.770312 0.648611 0.068750 0.105556
0 0.821875 0.857639 0.067187 0.109722
0 0.851562 0.613889 0.065625 0.119444
0 0.934375 0.543750 0.050000 0.112500
1 0.650391 0.369444 0.064844 0.122222
1 0.702344 0.419444 0.051562 0.113889
1 0.737500 0.527778 0.062500 0.088889
1 0.770312 0.648611 0.068750 0.105556
2 0.380078 0.665972 0.046094 0.104167
2 0.416797 0.788889 0.044531 0.105556
2 0.444141 0.448611 0.055469 0.080556
2 0.446484 0.633333 0.042969 0.105556
2 0.512500 0.651389 0.056250 0.119444
2 0.549219 0.381250 0.059375 0.115278
2 0.578906 0.697917 0.056250 0.076389
2 0.636328 0.608333 0.064844 0.111111
2 0.851562 0.613889 0.065625 0.119444
2 0.934375 0.543750 0.050000 0.112500
3 0.464062 0.898611 0.050000 0.111111
3 0.489063 0.768750 0.059375 0.081944
3 0.502734 0.508333 0.055469 0.113889
3 0.557813 0.843750 0.064062 0.098611
3 0.571484 0.554167 0.066406 0.105556
3 0.630859 0.486111 0.063281 0.122222
3 0.687109 0.688889 0.066406 0.122222
3 0.821875 0.857639 0.067187 0.109722
4 0.650391 0.369444 0.064844 0.122222
5 0.702344 0.419444 0.051562 0.113889
7 0.737500 0.527778 0.062500 0.088889
7 0.770312 0.648611 0.068750 0.105556
8 0.770312 0.648611 0.068750 0.105556
10 0.737500 0.527778 0.062500 0.088889
16 0.702344 0.419444 0.051562 0.113889
18 0.650391 0.369444 0.064844 0.122222