0 0.459375 0.373611 0.062500 0.111111
0 0.481641 0.199306 0.053906 0.073611
0 0.491406 0.488889 0.064062 0.108333
0 0.542969 0.275694 0.067187 0.098611
0 0.552734 0.429167 0.061719 0.094444
0 0.557422 0.156250 0.060156 0.090278
0 0.571094 0.562500 0.053125 0.113889
0 0.621484 0.423611 0.058594 0.091667
0 0.626563 0.302778 0.045312 0.105556
0 0.643359 0.180556 0.061719 0.083333
0 0.648438 0.513889 0.042188 0.094444
0 0.696094 0.372222 0.064062 0.094444
0 0.733984 0.236111 0.046094 0.108333
0 0.747656 0.445833 0.050000 0.111111
1 0.626563 0.302778 0.045312 0.105556
2 0.459375 0.373611 0.062500 0.111111
2 0.481641 0.199306 0.053906 0.073611
2 0.491406 0.488889 0.064062 0.108333
2 0.552734 0.429167 0.061719 0.094444
2 0.557422 0.156250 0.060156 0.090278
2 0.621484 0.423611 0.058594 0.091667
2 0.643359 0.180556 0.061719 0.083333
2 0.648438 0.513889 0.042188 0.094444
2 0.696094 0.372222 0.064062 0.094444
2 0.733984 0.236111 0.046094 0.108333
2 0.747656 0.445833 0.050000 0.111111
3 0.542969 0.275694 0.067187 0.098611
3 0.571094 0.562500 0.053125 0.113889
4 0.626563 0.302778 0.045312 0.105556
15 0.626563 0.302778 0.045312 0.105556