0 0.335156 0.606479 0.046359 0.107403
0 0.344789 0.464819 0.040625 0.100000
0 0.364063 0.330090 0.045828 0.104625
0 0.417187 0.245375 0.064578 0.105556
0 0.412762 0.618979 0.046352 0.106486
0 0.432289 0.390278 0.062500 0.117583
0 0.466930 0.136576 0.064062 0.099069
0 0.480992 0.333799 0.060937 0.087958
0 0.484375 0.583333 0.061453 0.118528
0 0.494270 0.455090 0.064586 0.117597
0 0.547914 0.306479 0.062500 0.090736
0 0.548438 0.675465 0.057297 0.117597
0 0.547918 0.556944 0.051039 0.110194
0 0.555207 0.193056 0.057289 0.076861
0 0.566926 0.413424 0.065102 0.115736
0 0.608855 0.242132 0.048961 0.106486
0 0.608855 0.572688 0.044789 0.100931
0 0.652867 0.144910 0.048438 0.110181
0 0.663023 0.387965 0.065625 0.118514
0 0.662762 0.563889 0.046352 0.103694
0 0.688281 0.244903 0.047391 0.108333
0 0.726562 0.391667 0.044797 0.101861
1 0.335156 0.606479 0.046359 0.107403
1 0.364063 0.330090 0.045828 0.104625
1 0.417187 0.245375 0.064578 0.105556
1 0.412762 0.618979 0.046352 0.106486
1 0.432289 0.390278 0.062500 0.117583
1 0.466930 0.136576 0.064062 0.099069
1 0.480992 0.333799 0.060937 0.087958
1 0.484375 0.583333 0.061453 0.118528
1 0.494270 0.455090 0.064586 0.117597
1 0.547914 0.306479 0.062500 0.090736
1 0.548438 0.675465 0.057297 0.117597
1 0.547918 0.556944 0.051039 0.110194
1 0.555207 0.193056 0.057289 0.076861
1 0.566926 0.413424 0.065102 0.115736
1 0.608855 0.242132 0.048961 0.106486
1 0.652867 0.144910 0.048438 0.110181
1 0.663023 0.387965 0.065625 0.118514
1 0.662762 0.563889 0.046352 0.103694
1 0.688281 0.244903 0.047391 0.108333
2 0.608855 0.572688 0.044789 0.100931
3 0.344789 0.464819 0.040625 0.100000
3 0.726562 0.391667 0.044797 0.101861
4 0.364063 0.330090 0.045828 0.104625
4 0.417187 0.245375 0.064578 0.105556
4 0.412762 0.618979 0.046352 0.106486
4 0.547914 0.306479 0.062500 0.090736
4 0.547918 0.556944 0.051039 0.110194
5 0.335156 0.606479 0.046359 0.107403
5 0.566926 0.413424 0.065102 0.115736
5 0.652867 0.144910 0.048438 0.110181
5 0.688281 0.244903 0.047391 0.108333
6 0.466930 0.136576 0.064062 0.099069
6 0.484375 0.583333 0.061453 0.118528
6 0.494270 0.455090 0.064586 0.117597
6 0.548438 0.675465 0.057297 0.117597
6 0.555207 0.193056 0.057289 0.076861
6 0.608855 0.242132 0.048961 0.106486
6 0.663023 0.387965 0.065625 0.118514
6 0.662762 0.563889 0.046352 0.103694
7 0.432289 0.390278 0.062500 0.117583
7 0.480992 0.333799 0.060937 0.087958
8 0.484375 0.583333 0.061453 0.118528
8 0.688281 0.244903 0.047391 0.108333
9 0.466930 0.136576 0.064062 0.099069
9 0.547918 0.556944 0.051039 0.110194
10 0.662762 0.563889 0.046352 0.103694
11 0.494270 0.455090 0.064586 0.117597
12 0.335156 0.606479 0.046359 0.107403
12 0.364063 0.330090 0.045828 0.104625
12 0.480992 0.333799 0.060937 0.087958
13 0.663023 0.387965 0.065625 0.118514
14 0.547914 0.306479 0.062500 0.090736
14 0.651820 0.143056 0.048438 0.110194
15 0.412762 0.618979 0.046352 0.106486
15 0.608855 0.242132 0.048961 0.106486
16 0.417187 0.245375 0.064578 0.105556
16 0.432289 0.390278 0.062500 0.117583
18 0.555207 0.193056 0.057289 0.076861
19 0.566926 0.413424 0.065102 0.115736
20 0.548438 0.675465 0.057297 0.117597