0 0.121875 0.218056 0.065625 0.125000
0 0.117969 0.619444 0.050781 0.111111
0 0.124219 0.458333 0.054688 0.115278
0 0.154688 0.731944 0.044531 0.106944
0 0.180469 0.556944 0.067187 0.111111
0 0.175000 0.284722 0.054688 0.113889
0 0.192969 0.405556 0.057031 0.076389
0 0.218750 0.159722 0.066406 0.125000
0 0.226562 0.694444 0.058594 0.119444
0 0.242188 0.472222 0.064062 0.122222
0 0.260937 0.298611 0.050000 0.109722
0 0.280469 0.570833 0.061719 0.120833
0 0.278906 0.168056 0.045312 0.108333
0 0.296875 0.723611 0.060156 0.118056
0 0.303906 0.413889 0.046094 0.104167
0 0.325000 0.616667 0.053906 0.116667
0 0.328906 0.265278 0.053906 0.115278
0 0.361719 0.530556 0.064844 0.104167
0 0.355469 0.408333 0.051562 0.111111
0 0.360156 0.780556 0.050000 0.111111
0 0.385156 0.159722 0.045312 0.106944
0 0.400000 0.291667 0.057813 0.120833
0 0.396875 0.655556 0.042188 0.104167
0 0.425781 0.547222 0.066406 0.116667
0 0.430469 0.415278 0.060156 0.086111
0 0.449219 0.163889 0.045312 0.108333
0 0.459375 0.294444 0.065625 0.120833
0 0.472656 0.655556 0.050000 0.109722
0 0.498437 0.515278 0.052344 0.112500
0 0.508594 0.383333 0.042188 0.102778
1 0.121875 0.218056 0.065625 0.125000
1 0.154688 0.731944 0.044531 0.106944
1 0.218750 0.159722 0.066406 0.125000
1 0.278906 0.168056 0.045312 0.108333
1 0.328906 0.265278 0.053906 0.115278
1 0.360156 0.780556 0.050000 0.111111
1 0.385156 0.159722 0.045312 0.106944
1 0.400000 0.291667 0.057813 0.120833
1 0.396875 0.655556 0.042188 0.104167
1 0.449219 0.163889 0.045312 0.108333
1 0.459375 0.294444 0.065625 0.120833
1 0.472656 0.655556 0.050000 0.109722
1 0.498437 0.515278 0.052344 0.112500
1 0.508594 0.383333 0.042188 0.102778
2 0.180469 0.556944 0.067187 0.111111
2 0.192969 0.405556 0.057031 0.076389
2 0.226562 0.694444 0.058594 0.119444
2 0.242188 0.472222 0.064062 0.122222
2 0.280469 0.570833 0.061719 0.120833
2 0.296875 0.723611 0.060156 0.118056
2 0.325000 0.616667 0.053906 0.116667
2 0.361719 0.530556 0.064844 0.104167
2 0.355469 0.408333 0.051562 0.111111
2 0.425781 0.547222 0.066406 0.116667
2 0.430469 0.415278 0.060156 0.086111
3 0.117969 0.619444 0.050781 0.111111
3 0.124219 0.458333 0.054688 0.115278
3 0.175000 0.284722 0.054688 0.113889
3 0.260937 0.298611 0.050000 0.109722
3 0.303906 0.413889 0.046094 0.104167
4 0.121875 0.218056 0.065625 0.125000
4 0.328906 0.265278 0.053906 0.115278
4 0.459375 0.294444 0.065625 0.120833
4 0.508594 0.383333 0.042188 0.102778
5 0.154688 0.731944 0.044531 0.106944
6 0.218750 0.159722 0.066406 0.125000
6 0.278906 0.168056 0.045312 0.108333
6 0.360156 0.780556 0.050000 0.111111
6 0.385156 0.159722 0.045312 0.106944
6 0.400000 0.291667 0.057813 0.120833
6 0.472656 0.655556 0.050000 0.109722
6 0.498437 0.515278 0.052344 0.112500
7 0.396875 0.655556 0.042188 0.104167
7 0.449219 0.163889 0.045312 0.108333
9 0.385156 0.159722 0.045312 0.106944
9 0.508594 0.383333 0.042188 0.102778
11 0.278906 0.168056 0.045312 0.108333
12 0.459375 0.294444 0.065625 0.120833
12 0.472656 0.655556 0.050000 0.109722
13 0.328906 0.265278 0.053906 0.115278
14 0.400000 0.291667 0.057813 0.120833
14 0.449219 0.163889 0.045312 0.108333
15 0.121875 0.218056 0.065625 0.125000
15 0.360156 0.780556 0.050000 0.111111
16 0.154688 0.731944 0.044531 0.106944
16 0.218750 0.159722 0.066406 0.125000
17 0.498437 0.515278 0.052344 0.112500
20 0.396875 0.655556 0.042188 0.104167