0 0.486719 0.436111 0.067969 0.115278
0 0.532031 0.579167 0.063281 0.095833
0 0.542969 0.286111 0.060937 0.118056
0 0.551562 0.695833 0.052344 0.069444
0 0.573438 0.393056 0.064062 0.112500
0 0.583594 0.487500 0.066406 0.116667
0 0.623437 0.634722 0.053906 0.113889
0 0.649219 0.366667 0.051562 0.116667
0 0.667188 0.255556 0.066406 0.109722
0 0.682031 0.152778 0.069531 0.111111
0 0.673438 0.491667 0.050000 0.111111
0 0.699219 0.608333 0.064844 0.095833
0 0.728906 0.354167 0.063281 0.125000
0 0.767969 0.454167 0.061719 0.116667
1 0.486719 0.436111 0.067969 0.115278
2 0.542969 0.286111 0.060937 0.118056
2 0.551562 0.695833 0.052344 0.069444
2 0.573438 0.393056 0.064062 0.112500
2 0.623437 0.634722 0.053906 0.113889
2 0.649219 0.366667 0.051562 0.116667
2 0.667188 0.255556 0.066406 0.109722
2 0.682031 0.152778 0.069531 0.111111
2 0.673438 0.491667 0.050000 0.111111
2 0.728906 0.354167 0.063281 0.125000
2 0.767969 0.454167 0.061719 0.116667
3 0.532031 0.579167 0.063281 0.095833
3 0.583594 0.487500 0.066406 0.116667
3 0.699219 0.608333 0.064844 0.095833
5 0.486719 0.436111 0.067969 0.115278
9 0.486719 0.436111 0.067969 0.115278