0 0.043359 0.302083 0.053906 0.112500
0 0.046484 0.426389 0.055469 0.116667
0 0.064062 0.559028 0.056250 0.115278
0 0.082812 0.675000 0.056250 0.119444
0 0.107813 0.284722 0.048438 0.111111
0 0.108203 0.417361 0.047656 0.106944
0 0.120313 0.542361 0.048438 0.109722
0 0.137500 0.664583 0.048438 0.109722
0 0.167187 0.273611 0.046875 0.108333
0 0.168750 0.410417 0.050000 0.109722
0 0.178516 0.529167 0.046094 0.108333
0 0.188281 0.653472 0.050000 0.112500
0 0.225391 0.400000 0.049219 0.111111
0 0.225000 0.279861 0.046875 0.109722
0 0.231250 0.523611 0.040625 0.097222
0 0.240625 0.648611 0.043750 0.105556
0 0.279687 0.411111 0.045312 0.105556
0 0.281641 0.531944 0.042969 0.102778
0 0.282813 0.284028 0.043750 0.104167
0 0.286719 0.651389 0.039062 0.097222
0 0.337500 0.530556 0.043750 0.105556
0 0.335938 0.647917 0.040625 0.098611
0 0.338281 0.407639 0.042188 0.104167
0 0.338281 0.304861 0.040625 0.101389
0 0.384375 0.529861 0.040625 0.101389
0 0.387500 0.648611 0.043750 0.102778
0 0.390625 0.298611 0.043750 0.105556
0 0.390234 0.411111 0.041406 0.102778
1 0.043359 0.302083 0.053906 0.112500
1 0.046484 0.426389 0.055469 0.116667
1 0.064062 0.559028 0.056250 0.115278
1 0.082812 0.675000 0.056250 0.119444
1 0.107813 0.284722 0.048438 0.111111
1 0.120313 0.542361 0.048438 0.109722
1 0.167187 0.273611 0.046875 0.108333
1 0.188281 0.653472 0.050000 0.112500
1 0.225391 0.400000 0.049219 0.111111
1 0.225000 0.279861 0.046875 0.109722
1 0.337500 0.530556 0.043750 0.105556
1 0.390234 0.411111 0.041406 0.102778
2 0.168750 0.410417 0.050000 0.109722
2 0.178516 0.529167 0.046094 0.108333
2 0.231250 0.523611 0.040625 0.097222
2 0.240625 0.648611 0.043750 0.105556
2 0.279687 0.411111 0.045312 0.105556
2 0.281641 0.531944 0.042969 0.102778
2 0.286719 0.651389 0.039062 0.097222
2 0.335938 0.647917 0.040625 0.098611
2 0.338281 0.407639 0.042188 0.104167
2 0.338281 0.304861 0.040625 0.101389
2 0.384375 0.529861 0.040625 0.101389
3 0.108203 0.417361 0.047656 0.106944
3 0.137500 0.664583 0.048438 0.109722
3 0.282813 0.284028 0.043750 0.104167
3 0.387500 0.648611 0.043750 0.102778
3 0.390625 0.298611 0.043750 0.105556
4 0.046484 0.426389 0.055469 0.116667
4 0.225391 0.400000 0.049219 0.111111
5 0.043359 0.302083 0.053906 0.112500
5 0.120313 0.542361 0.048438 0.109722
5 0.188281 0.653472 0.050000 0.112500
5 0.390234 0.411111 0.041406 0.102778
6 0.064062 0.559028 0.056250 0.115278
6 0.082812 0.675000 0.056250 0.119444
6 0.107813 0.284722 0.048438 0.111111
6 0.337500 0.530556 0.043750 0.105556
7 0.167187 0.273611 0.046875 0.108333
7 0.225000 0.279861 0.046875 0.109722
8 0.064062 0.559028 0.056250 0.115278
9 0.082812 0.675000 0.056250 0.119444
10 0.225000 0.279861 0.046875 0.109722
10 0.390234 0.411111 0.041406 0.102778
11 0.188281 0.653472 0.050000 0.112500
13 0.120313 0.542361 0.048438 0.109722
13 0.225391 0.400000 0.049219 0.111111
14 0.043359 0.302083 0.053906 0.112500
14 0.046484 0.426389 0.055469 0.116667
15 0.107813 0.284722 0.048438 0.111111
18 0.337500 0.530556 0.043750 0.105556
20 0.167187 0.273611 0.046875 0.108333