0 0.348828 0.343750 0.052344 0.115278
0 0.407031 0.622222 0.067187 0.105556
0 0.403125 0.376389 0.056250 0.113889
0 0.427734 0.200000 0.066406 0.116667
0 0.460156 0.536806 0.042188 0.104167
0 0.498047 0.320833 0.060156 0.083333
0 0.510938 0.150000 0.067187 0.119444
0 0.506641 0.631944 0.052344 0.111111
0 0.525391 0.510417 0.061719 0.104167
0 0.545703 0.236806 0.063281 0.120833
0 0.549609 0.426389 0.060156 0.116667
0 0.585156 0.670833 0.067187 0.125000
0 0.589844 0.167361 0.062500 0.098611
0 0.612109 0.305556 0.046094 0.105556
0 0.642969 0.618750 0.064062 0.098611
0 0.643750 0.481250 0.050000 0.109722
0 0.671094 0.238889 0.048438 0.108333
0 0.705859 0.355556 0.064844 0.119444
0 0.726562 0.481250 0.057813 0.076389
1 0.407031 0.622222 0.067187 0.105556
1 0.498047 0.320833 0.060156 0.083333
2 0.348828 0.343750 0.052344 0.115278
2 0.460156 0.536806 0.042188 0.104167
2 0.510938 0.150000 0.067187 0.119444
2 0.506641 0.631944 0.052344 0.111111
2 0.525391 0.510417 0.061719 0.104167
2 0.545703 0.236806 0.063281 0.120833
2 0.549609 0.426389 0.060156 0.116667
2 0.589844 0.167361 0.062500 0.098611
2 0.642969 0.618750 0.064062 0.098611
2 0.671094 0.238889 0.048438 0.108333
2 0.705859 0.355556 0.064844 0.119444
3 0.403125 0.376389 0.056250 0.113889
3 0.427734 0.200000 0.066406 0.116667
3 0.585156 0.670833 0.067187 0.125000
3 0.612109 0.305556 0.046094 0.105556
3 0.643750 0.481250 0.050000 0.109722
3 0.726562 0.481250 0.057813 0.076389
5 0.407031 0.622222 0.067187 0.105556
7 0.498047 0.320833 0.060156 0.083333
16 0.407031 0.622222 0.067187 0.105556
16 0.498047 0.320833 0.060156 0.083333