0 0.422656 0.209722 0.067187 0.111111
0 0.423438 0.377083 0.060937 0.081944
0 0.469531 0.465972 0.060937 0.095833
0 0.496875 0.161806 0.064062 0.115278
0 0.503516 0.304167 0.060156 0.111111
0 0.542969 0.458333 0.067187 0.113889
0 0.550391 0.070833 0.060156 0.083333
0 0.570703 0.188889 0.052344 0.116667
0 0.577734 0.308333 0.066406 0.100000
0 0.607422 0.539583 0.058594 0.073611
0 0.613672 0.419444 0.067969 0.108333
0 0.652734 0.262500 0.069531 0.113889
0 0.679297 0.141667 0.053906 0.119444
0 0.680078 0.556944 0.044531 0.102778
1 0.680078 0.556944 0.044531 0.102778
2 0.423438 0.377083 0.060937 0.081944
2 0.469531 0.465972 0.060937 0.095833
2 0.496875 0.161806 0.064062 0.115278
2 0.503516 0.304167 0.060156 0.111111
2 0.542969 0.458333 0.067187 0.113889
2 0.550391 0.070833 0.060156 0.083333
2 0.570703 0.188889 0.052344 0.116667
2 0.607422 0.539583 0.058594 0.073611
2 0.613672 0.419444 0.067969 0.108333
2 0.652734 0.262500 0.069531 0.113889
2 0.679297 0.141667 0.053906 0.119444
3 0.422656 0.209722 0.067187 0.111111
3 0.577734 0.308333 0.066406 0.100000
5 0.680078 0.556944 0.044531 0.102778
17 0.680078 0.556944 0.044531 0.102778