0 0.289062 0.548611 0.057813 0.113889
0 0.328906 0.218750 0.050000 0.106944
0 0.359766 0.428472 0.044531 0.104167
0 0.373047 0.318750 0.039844 0.098611
0 0.385156 0.547222 0.046875 0.105556
0 0.389844 0.173611 0.050000 0.108333
0 0.401953 0.654861 0.042969 0.101389
0 0.421484 0.361806 0.041406 0.101389
0 0.439453 0.129167 0.061719 0.119444
0 0.446094 0.513194 0.046875 0.106944
0 0.460156 0.670833 0.043750 0.105556
0 0.476172 0.317361 0.050781 0.109722
0 0.517188 0.582639 0.064062 0.118056
0 0.520703 0.181944 0.064844 0.116667
0 0.512500 0.456944 0.040625 0.100000
0 0.539062 0.754861 0.065625 0.104167
0 0.565234 0.651389 0.058594 0.116667
0 0.575000 0.167361 0.042188 0.101389
0 0.603906 0.555556 0.065625 0.116667
0 0.618359 0.753472 0.064844 0.101389
0 0.633984 0.207639 0.050781 0.112500
0 0.674219 0.580556 0.042188 0.102778
0 0.686328 0.707639 0.066406 0.095833
0 0.689453 0.429167 0.058594 0.075000
0 0.696484 0.190972 0.049219 0.109722
0 0.709375 0.308333 0.065625 0.094444
0 0.769141 0.477083 0.063281 0.090278
0 0.791406 0.247917 0.068750 0.115278
1 0.289062 0.548611 0.057813 0.113889
1 0.328906 0.218750 0.050000 0.106944
1 0.359766 0.428472 0.044531 0.104167
1 0.373047 0.318750 0.039844 0.098611
1 0.385156 0.547222 0.046875 0.105556
1 0.389844 0.173611 0.050000 0.108333
1 0.401953 0.654861 0.042969 0.101389
1 0.421484 0.361806 0.041406 0.101389
1 0.439453 0.129167 0.061719 0.119444
1 0.446094 0.513194 0.046875 0.106944
1 0.460156 0.670833 0.043750 0.105556
1 0.476172 0.317361 0.050781 0.109722
1 0.517188 0.582639 0.064062 0.118056
1 0.520703 0.181944 0.064844 0.116667
1 0.512500 0.456944 0.040625 0.100000
1 0.565234 0.651389 0.058594 0.116667
1 0.575000 0.167361 0.042188 0.101389
1 0.603906 0.555556 0.065625 0.116667
1 0.618359 0.753472 0.064844 0.101389
1 0.633984 0.207639 0.050781 0.112500
1 0.674219 0.580556 0.042188 0.102778
1 0.686328 0.707639 0.066406 0.095833
1 0.689453 0.429167 0.058594 0.075000
1 0.696484 0.190972 0.049219 0.109722
1 0.709375 0.308333 0.065625 0.094444
1 0.769141 0.477083 0.063281 0.090278
1 0.791406 0.247917 0.068750 0.115278
3 0.539062 0.754861 0.065625 0.104167
4 0.385156 0.547222 0.046875 0.105556
4 0.389844 0.173611 0.050000 0.108333
4 0.401953 0.654861 0.042969 0.101389
4 0.460156 0.670833 0.043750 0.105556
4 0.476172 0.317361 0.050781 0.109722
4 0.603906 0.555556 0.065625 0.116667
4 0.709375 0.308333 0.065625 0.094444
5 0.289062 0.548611 0.057813 0.113889
5 0.373047 0.318750 0.039844 0.098611
5 0.421484 0.361806 0.041406 0.101389
5 0.446094 0.513194 0.046875 0.106944
5 0.520703 0.181944 0.064844 0.116667
5 0.512500 0.456944 0.040625 0.100000
5 0.565234 0.651389 0.058594 0.116667
5 0.575000 0.167361 0.042188 0.101389
6 0.328906 0.218750 0.050000 0.106944
6 0.439453 0.129167 0.061719 0.119444
6 0.618359 0.753472 0.064844 0.101389
6 0.769141 0.477083 0.063281 0.090278
7 0.359766 0.428472 0.044531 0.104167
7 0.517188 0.582639 0.064062 0.118056
7 0.633984 0.207639 0.050781 0.112500
7 0.674219 0.580556 0.042188 0.102778
7 0.686328 0.707639 0.066406 0.095833
7 0.689453 0.429167 0.058594 0.075000
7 0.696484 0.190972 0.049219 0.109722
7 0.791406 0.247917 0.068750 0.115278
8 0.389844 0.173611 0.050000 0.108333
8 0.689453 0.429167 0.058594 0.075000
9 0.565234 0.651389 0.058594 0.116667
9 0.633984 0.207639 0.050781 0.112500
10 0.373047 0.318750 0.039844 0.098611
10 0.401953 0.654861 0.042969 0.101389
10 0.696484 0.190972 0.049219 0.109722
11 0.359766 0.428472 0.044531 0.104167
11 0.385156 0.547222 0.046875 0.105556
11 0.575000 0.167361 0.042188 0.101389
12 0.769141 0.477083 0.063281 0.090278
13 0.446094 0.513194 0.046875 0.106944
13 0.476172 0.317361 0.050781 0.109722
13 0.791406 0.247917 0.068750 0.115278
14 0.328906 0.218750 0.050000 0.106944
15 0.517188 0.582639 0.064062 0.118056
16 0.289062 0.548611 0.057813 0.113889
16 0.618359 0.753472 0.064844 0.101389
17 0.460156 0.670833 0.043750 0.105556
17 0.520703 0.181944 0.064844 0.116667
17 0.512500 0.456944 0.040625 0.100000
18 0.421484 0.361806 0.041406 0.101389
18 0.603906 0.555556 0.065625 0.116667
18 0.686328 0.707639 0.066406 0.095833
19 0.439453 0.129167 0.061719 0.119444
19 0.674219 0.580556 0.042188 0.102778
20 0.709375 0.308333 0.065625 0.094444