0 0.096094 0.526389 0.048438 0.108333
0 0.136719 0.381250 0.067187 0.101389
0 0.161328 0.554167 0.061719 0.086111
0 0.160938 0.696528 0.060937 0.081944
0 0.200391 0.390278 0.053906 0.116667
0 0.228125 0.709028 0.050000 0.112500
0 0.234375 0.131250 0.059375 0.081944
0 0.230859 0.537500 0.052344 0.111111
0 0.255859 0.430556 0.064844 0.094444
0 0.284375 0.602083 0.062500 0.087500
0 0.287891 0.737500 0.063281 0.091667
0 0.296094 0.318750 0.056250 0.079167
0 0.296875 0.079167 0.056250 0.077778
0 0.325000 0.456250 0.057813 0.118056
0 0.344531 0.579861 0.057813 0.118056
0 0.362500 0.698611 0.059375 0.119444
0 0.369141 0.170833 0.058594 0.075000
0 0.378516 0.318750 0.061719 0.087500
0 0.383984 0.448611 0.055469 0.119444
0 0.391016 0.806944 0.058594 0.080556
0 0.407031 0.563889 0.057813 0.119444
0 0.417187 0.690278 0.059375 0.119444
0 0.437109 0.428472 0.055469 0.118056
0 0.453125 0.812500 0.050000 0.113889
0 0.462500 0.554861 0.059375 0.120833
0 0.463672 0.687500 0.058594 0.119444
0 0.489844 0.245833 0.065625 0.119444
0 0.494141 0.418056 0.057031 0.116667
0 0.512500 0.679861 0.059375 0.118056
0 0.513281 0.540972 0.057813 0.118056
0 0.532813 0.797222 0.046875 0.105556
0 0.590625 0.786111 0.059375 0.080556
1 0.325000 0.456250 0.057813 0.118056
1 0.344531 0.579861 0.057813 0.118056
1 0.362500 0.698611 0.059375 0.119444
1 0.378516 0.318750 0.061719 0.087500
1 0.383984 0.448611 0.055469 0.119444
1 0.407031 0.563889 0.057813 0.119444
1 0.417187 0.690278 0.059375 0.119444
1 0.437109 0.428472 0.055469 0.118056
1 0.462500 0.554861 0.059375 0.120833
1 0.463672 0.687500 0.058594 0.119444
1 0.494141 0.418056 0.057031 0.116667
1 0.512500 0.679861 0.059375 0.118056
1 0.513281 0.540972 0.057813 0.118056
2 0.136719 0.381250 0.067187 0.101389
2 0.160938 0.696528 0.060937 0.081944
2 0.200391 0.390278 0.053906 0.116667
2 0.228125 0.709028 0.050000 0.112500
2 0.234375 0.131250 0.059375 0.081944
2 0.255859 0.430556 0.064844 0.094444
2 0.287891 0.737500 0.063281 0.091667
2 0.296094 0.318750 0.056250 0.079167
2 0.296875 0.079167 0.056250 0.077778
2 0.369141 0.170833 0.058594 0.075000
2 0.489844 0.245833 0.065625 0.119444
3 0.096094 0.526389 0.048438 0.108333
3 0.161328 0.554167 0.061719 0.086111
3 0.230859 0.537500 0.052344 0.111111
3 0.284375 0.602083 0.062500 0.087500
3 0.391016 0.806944 0.058594 0.080556
3 0.453125 0.812500 0.050000 0.113889
3 0.532813 0.797222 0.046875 0.105556
3 0.590625 0.786111 0.059375 0.080556
6 0.325000 0.456250 0.057813 0.118056
6 0.344531 0.579861 0.057813 0.118056
6 0.362500 0.698611 0.059375 0.119444
6 0.378516 0.318750 0.061719 0.087500
6 0.383984 0.448611 0.055469 0.119444
6 0.407031 0.563889 0.057813 0.119444
6 0.417187 0.690278 0.059375 0.119444
6 0.437109 0.428472 0.055469 0.118056
6 0.462500 0.554861 0.059375 0.120833
6 0.463672 0.687500 0.058594 0.119444
6 0.494141 0.418056 0.057031 0.116667
6 0.512500 0.679861 0.059375 0.118056
6 0.513281 0.540972 0.057813 0.118056
8 0.512500 0.679861 0.059375 0.118056
9 0.463672 0.687500 0.058594 0.119444
10 0.417187 0.690278 0.059375 0.119444
11 0.362500 0.698611 0.059375 0.119444
12 0.513281 0.540972 0.057813 0.118056
13 0.462500 0.554861 0.059375 0.120833
14 0.407031 0.563889 0.057813 0.119444
15 0.344531 0.579861 0.057813 0.118056
16 0.494141 0.418056 0.057031 0.116667
17 0.437109 0.428472 0.055469 0.118056
18 0.383984 0.448611 0.055469 0.119444
19 0.325000 0.456250 0.057813 0.118056
20 0.378516 0.318750 0.061719 0.087500