0 0.271484 0.593750 0.046094 0.106944
0 0.336719 0.634722 0.059375 0.119444
0 0.343750 0.795139 0.043750 0.104167
0 0.369141 0.520833 0.061719 0.116667
0 0.380469 0.404861 0.068750 0.106944
0 0.395313 0.674306 0.065625 0.118056
0 0.412500 0.852083 0.064062 0.101389
0 0.435547 0.738889 0.064844 0.108333
0 0.433984 0.509722 0.058594 0.083333
0 0.450000 0.312500 0.053125 0.113889
0 0.469141 0.604861 0.057031 0.115278
0 0.500781 0.868056 0.065625 0.113889
0 0.506250 0.717361 0.062500 0.115278
0 0.521875 0.346528 0.065625 0.101389
0 0.527344 0.476389 0.057813 0.080556
0 0.546875 0.604167 0.046875 0.105556
0 0.592969 0.217361 0.048438 0.109722
0 0.600000 0.787500 0.059375 0.119444
0 0.609375 0.629861 0.064062 0.101389
0 0.646875 0.330556 0.062500 0.097222
0 0.665234 0.666667 0.064844 0.116667
0 0.719531 0.481250 0.046875 0.106944
0 0.858984 0.506250 0.044531 0.104167
0 0.949219 0.528472 0.040625 0.098611
1 0.271484 0.593750 0.046094 0.106944
1 0.336719 0.634722 0.059375 0.119444
1 0.343750 0.795139 0.043750 0.104167
1 0.369141 0.520833 0.061719 0.116667
1 0.380469 0.404861 0.068750 0.106944
1 0.395313 0.674306 0.065625 0.118056
1 0.412500 0.852083 0.064062 0.101389
1 0.435547 0.738889 0.064844 0.108333
1 0.433984 0.509722 0.058594 0.083333
1 0.527344 0.476389 0.057813 0.080556
1 0.592969 0.217361 0.048438 0.109722
1 0.600000 0.787500 0.059375 0.119444
1 0.609375 0.629861 0.064062 0.101389
1 0.646875 0.330556 0.062500 0.097222
1 0.665234 0.666667 0.064844 0.116667
1 0.858984 0.506250 0.044531 0.104167
1 0.949219 0.528472 0.040625 0.098611
2 0.450000 0.312500 0.053125 0.113889
3 0.469141 0.604861 0.057031 0.115278
3 0.500781 0.868056 0.065625 0.113889
3 0.506250 0.717361 0.062500 0.115278
3 0.521875 0.346528 0.065625 0.101389
3 0.546875 0.604167 0.046875 0.105556
3 0.719531 0.481250 0.046875 0.106944
4 0.435547 0.738889 0.064844 0.108333
4 0.527344 0.476389 0.057813 0.080556
4 0.646875 0.330556 0.062500 0.097222
4 0.858984 0.506250 0.044531 0.104167
5 0.600000 0.787500 0.059375 0.119444
5 0.609375 0.629861 0.064062 0.101389
5 0.665234 0.666667 0.064844 0.116667
5 0.949219 0.528472 0.040625 0.098611
6 0.271484 0.593750 0.046094 0.106944
6 0.336719 0.634722 0.059375 0.119444
6 0.343750 0.795139 0.043750 0.104167
6 0.380469 0.404861 0.068750 0.106944
6 0.395313 0.674306 0.065625 0.118056
6 0.412500 0.852083 0.064062 0.101389
7 0.369141 0.520833 0.061719 0.116667
7 0.433984 0.509722 0.058594 0.083333
7 0.592969 0.217361 0.048438 0.109722
8 0.271484 0.593750 0.046094 0.106944
8 0.665234 0.666667 0.064844 0.116667
10 0.343750 0.795139 0.043750 0.104167
10 0.600000 0.787500 0.059375 0.119444
11 0.412500 0.852083 0.064062 0.101389
12 0.949219 0.528472 0.040625 0.098611
13 0.592969 0.217361 0.048438 0.109722
13 0.646875 0.330556 0.062500 0.097222
15 0.395313 0.674306 0.065625 0.118056
15 0.433984 0.509722 0.058594 0.083333
15 0.609375 0.629861 0.064062 0.101389
16 0.369141 0.520833 0.061719 0.116667
17 0.527344 0.476389 0.057813 0.080556
18 0.336719 0.634722 0.059375 0.119444
19 0.380469 0.404861 0.068750 0.106944
19 0.858984 0.506250 0.044531 0.104167
20 0.435547 0.738889 0.064844 0.108333