0 0.167187 0.479167 0.057813 0.119444
0 0.177344 0.642361 0.060937 0.120833
0 0.196484 0.397222 0.057031 0.116667
0 0.225000 0.638889 0.059375 0.119444
0 0.247266 0.411111 0.057031 0.119444
0 0.271875 0.634028 0.059375 0.120833
0 0.327344 0.596528 0.056250 0.118056
0 0.330469 0.445833 0.060937 0.122222
0 0.329688 0.182639 0.057813 0.073611
0 0.377344 0.640972 0.062500 0.120833
0 0.383984 0.438889 0.060156 0.119444
0 0.387891 0.156944 0.055469 0.072222
0 0.419531 0.769444 0.065625 0.127778
0 0.423438 0.584722 0.067187 0.113889
0 0.450781 0.163194 0.059375 0.073611
0 0.453125 0.725000 0.064062 0.122222
0 0.460156 0.529861 0.067187 0.109722
0 0.523828 0.381250 0.058594 0.079167
0 0.539062 0.509722 0.054688 0.111111
0 0.581250 0.502083 0.056250 0.112500
0 0.616406 0.468750 0.056250 0.112500
0 0.656250 0.452083 0.057813 0.112500
0 0.693750 0.426389 0.056250 0.108333
1 0.177344 0.642361 0.060937 0.120833
1 0.225000 0.638889 0.059375 0.119444
1 0.271875 0.634028 0.059375 0.120833
1 0.327344 0.596528 0.056250 0.118056
2 0.329688 0.182639 0.057813 0.073611
2 0.377344 0.640972 0.062500 0.120833
2 0.387891 0.156944 0.055469 0.072222
2 0.423438 0.584722 0.067187 0.113889
2 0.450781 0.163194 0.059375 0.073611
2 0.460156 0.529861 0.067187 0.109722
2 0.539062 0.509722 0.054688 0.111111
2 0.581250 0.502083 0.056250 0.112500
2 0.616406 0.468750 0.056250 0.112500
2 0.656250 0.452083 0.057813 0.112500
2 0.693750 0.426389 0.056250 0.108333
3 0.167187 0.479167 0.057813 0.119444
3 0.196484 0.397222 0.057031 0.116667
3 0.247266 0.411111 0.057031 0.119444
3 0.330469 0.445833 0.060937 0.122222
3 0.383984 0.438889 0.060156 0.119444
3 0.419531 0.769444 0.065625 0.127778
3 0.453125 0.725000 0.064062 0.122222
3 0.523828 0.381250 0.058594 0.079167
4 0.271875 0.634028 0.059375 0.120833
5 0.177344 0.642361 0.060937 0.120833
5 0.225000 0.638889 0.059375 0.119444
7 0.327344 0.596528 0.056250 0.118056
9 0.271875 0.634028 0.059375 0.120833
10 0.177344 0.642361 0.060937 0.120833
19 0.225000 0.638889 0.059375 0.119444
19 0.327344 0.596528 0.056250 0.118056