0 0.176953 0.412500 0.069531 0.108333
0 0.196875 0.656944 0.046875 0.108333
0 0.206250 0.784028 0.043750 0.104167
0 0.244141 0.481250 0.069531 0.118056
0 0.257422 0.606250 0.060156 0.079167
0 0.266406 0.308333 0.057813 0.077778
0 0.290625 0.758333 0.048438 0.108333
0 0.303125 0.419444 0.057813 0.080556
0 0.325000 0.636111 0.068750 0.116667
0 0.352734 0.527778 0.041406 0.102778
0 0.362109 0.297222 0.058594 0.080556
0 0.366016 0.776389 0.055469 0.113889
0 0.387500 0.675000 0.059375 0.086111
0 0.387109 0.395833 0.050781 0.111111
0 0.401172 0.556250 0.044531 0.104167
0 0.425000 0.250000 0.053125 0.116667
0 0.433984 0.796528 0.044531 0.104167
0 0.449609 0.473611 0.041406 0.102778
0 0.453516 0.652083 0.041406 0.098611
0 0.482812 0.348611 0.064062 0.119444
0 0.498437 0.481250 0.043750 0.104167
0 0.504687 0.663889 0.045312 0.108333
0 0.529687 0.798611 0.045312 0.105556
0 0.537500 0.548611 0.050000 0.108333
0 0.552734 0.333333 0.061719 0.119444
0 0.566406 0.661111 0.065625 0.116667
0 0.591406 0.491667 0.046875 0.105556
0 0.622266 0.612500 0.061719 0.094444
0 0.614844 0.729167 0.046875 0.105556
0 0.619141 0.858333 0.049219 0.108333
0 0.632031 0.338889 0.045312 0.105556
1 0.176953 0.412500 0.069531 0.108333
1 0.196875 0.656944 0.046875 0.108333
1 0.206250 0.784028 0.043750 0.104167
1 0.244141 0.481250 0.069531 0.118056
1 0.257422 0.606250 0.060156 0.079167
1 0.266406 0.308333 0.057813 0.077778
1 0.290625 0.758333 0.048438 0.108333
1 0.325000 0.636111 0.068750 0.116667
1 0.352734 0.527778 0.041406 0.102778
1 0.362109 0.297222 0.058594 0.080556
1 0.366016 0.776389 0.055469 0.113889
1 0.387500 0.675000 0.059375 0.086111
1 0.387109 0.395833 0.050781 0.111111
1 0.401172 0.556250 0.044531 0.104167
1 0.425000 0.250000 0.053125 0.116667
1 0.433984 0.796528 0.044531 0.104167
1 0.449609 0.473611 0.041406 0.102778
1 0.453516 0.652083 0.041406 0.098611
1 0.482812 0.348611 0.064062 0.119444
1 0.498437 0.481250 0.043750 0.104167
1 0.504687 0.663889 0.045312 0.108333
1 0.529687 0.798611 0.045312 0.105556
1 0.537500 0.548611 0.050000 0.108333
1 0.552734 0.333333 0.061719 0.119444
1 0.566406 0.661111 0.065625 0.116667
1 0.591406 0.491667 0.046875 0.105556
1 0.622266 0.612500 0.061719 0.094444
1 0.614844 0.729167 0.046875 0.105556
1 0.619141 0.858333 0.049219 0.108333
1 0.632031 0.338889 0.045312 0.105556
2 0.303125 0.419444 0.057813 0.080556
4 0.196875 0.656944 0.046875 0.108333
4 0.244141 0.481250 0.069531 0.118056
4 0.352734 0.527778 0.041406 0.102778
4 0.449609 0.473611 0.041406 0.102778
4 0.504687 0.663889 0.045312 0.108333
4 0.529687 0.798611 0.045312 0.105556
4 0.537500 0.548611 0.050000 0.108333
4 0.552734 0.333333 0.061719 0.119444
5 0.257422 0.606250 0.060156 0.079167
5 0.387500 0.675000 0.059375 0.086111
5 0.387109 0.395833 0.050781 0.111111
5 0.433984 0.796528 0.044531 0.104167
5 0.453516 0.652083 0.041406 0.098611
5 0.482812 0.348611 0.064062 0.119444
5 0.498437 0.481250 0.043750 0.104167
5 0.622266 0.612500 0.061719 0.094444
5 0.619141 0.858333 0.049219 0.108333
6 0.266406 0.308333 0.057813 0.077778
6 0.325000 0.636111 0.068750 0.116667
6 0.362109 0.297222 0.058594 0.080556
6 0.566406 0.661111 0.065625 0.116667
6 0.632031 0.338889 0.045312 0.105556
7 0.176953 0.412500 0.069531 0.108333
7 0.206250 0.784028 0.043750 0.104167
7 0.290625 0.758333 0.048438 0.108333
7 0.366016 0.776389 0.055469 0.113889
7 0.401172 0.556250 0.044531 0.104167
7 0.425000 0.250000 0.053125 0.116667
7 0.591406 0.491667 0.046875 0.105556
7 0.614844 0.729167 0.046875 0.105556
8 0.352734 0.527778 0.041406 0.102778
8 0.591406 0.491667 0.046875 0.105556
9 0.425000 0.250000 0.053125 0.116667
9 0.619141 0.858333 0.049219 0.108333
10 0.176953 0.412500 0.069531 0.108333
10 0.433984 0.796528 0.044531 0.104167
10 0.537500 0.548611 0.050000 0.108333
11 0.453516 0.652083 0.041406 0.098611
11 0.504687 0.663889 0.045312 0.108333
11 0.614844 0.729167 0.046875 0.105556
12 0.566406 0.661111 0.065625 0.116667
13 0.257422 0.606250 0.060156 0.079167
13 0.366016 0.776389 0.055469 0.113889
13 0.449609 0.473611 0.041406 0.102778
14 0.325000 0.636111 0.068750 0.116667
14 0.401172 0.556250 0.044531 0.104167
15 0.290625 0.758333 0.048438 0.108333
15 0.387109 0.395833 0.050781 0.111111
16 0.266406 0.308333 0.057813 0.077778
16 0.387500 0.675000 0.059375 0.086111
17 0.244141 0.481250 0.069531 0.118056
17 0.498437 0.481250 0.043750 0.104167
17 0.632031 0.338889 0.045312 0.105556
18 0.196875 0.656944 0.046875 0.108333
18 0.206250 0.784028 0.043750 0.104167
18 0.622266 0.612500 0.061719 0.094444
19 0.362109 0.297222 0.058594 0.080556
19 0.529687 0.798611 0.045312 0.105556
20 0.482812 0.348611 0.064062 0.119444
20 0.552734 0.333333 0.061719 0.119444