0 0.374219 0.690278 0.046094 0.109722
0 0.408594 0.802778 0.058594 0.118056
0 0.419531 0.598611 0.055469 0.118056
0 0.412500 0.401389 0.039844 0.098611
0 0.460938 0.688889 0.050000 0.113889
0 0.473438 0.893056 0.065625 0.106944
0 0.489063 0.397222 0.064062 0.102778
0 0.501563 0.508333 0.055469 0.113889
0 0.521094 0.743056 0.061719 0.091667
0 0.547656 0.613889 0.064062 0.118056
0 0.551562 0.341667 0.060156 0.116667
0 0.557031 0.843056 0.064844 0.097222
0 0.603125 0.702778 0.062500 0.115278
0 0.605469 0.536111 0.062500 0.118056
0 0.675000 0.688889 0.062500 0.123611
0 0.821094 0.855556 0.068750 0.109722
0 0.850000 0.612500 0.064844 0.116667
0 0.933594 0.543056 0.050000 0.112500
2 0.374219 0.690278 0.046094 0.109722
2 0.419531 0.598611 0.055469 0.118056
2 0.412500 0.401389 0.039844 0.098611
2 0.460938 0.688889 0.050000 0.113889
2 0.489063 0.397222 0.064062 0.102778
2 0.521094 0.743056 0.061719 0.091667
2 0.551562 0.341667 0.060156 0.116667
2 0.603125 0.702778 0.062500 0.115278
2 0.850000 0.612500 0.064844 0.116667
2 0.933594 0.543056 0.050000 0.112500
3 0.408594 0.802778 0.058594 0.118056
3 0.473438 0.893056 0.065625 0.106944
3 0.501563 0.508333 0.055469 0.113889
3 0.547656 0.613889 0.064062 0.118056
3 0.557031 0.843056 0.064844 0.097222
3 0.605469 0.536111 0.062500 0.118056
3 0.675000 0.688889 0.062500 0.123611
3 0.821094 0.855556 0.068750 0.109722