0 0.439063 0.210417 0.054688 0.118056
0 0.464453 0.329861 0.049219 0.112500
0 0.498047 0.119444 0.063281 0.094444
0 0.500391 0.518750 0.061719 0.118056
0 0.516797 0.399306 0.058594 0.084722
0 0.521094 0.198611 0.057813 0.086111
0 0.566797 0.286111 0.061719 0.116667
0 0.582812 0.462500 0.051562 0.108333
0 0.618750 0.579167 0.042188 0.102778
0 0.654687 0.270833 0.056250 0.119444
0 0.655469 0.442361 0.042188 0.101389
0 0.717578 0.323611 0.061719 0.119444
1 0.654687 0.270833 0.056250 0.119444
2 0.464453 0.329861 0.049219 0.112500
2 0.498047 0.119444 0.063281 0.094444
2 0.500391 0.518750 0.061719 0.118056
2 0.516797 0.399306 0.058594 0.084722
2 0.521094 0.198611 0.057813 0.086111
2 0.566797 0.286111 0.061719 0.116667
2 0.582812 0.462500 0.051562 0.108333
2 0.618750 0.579167 0.042188 0.102778
2 0.717578 0.323611 0.061719 0.119444
3 0.439063 0.210417 0.054688 0.118056
3 0.655469 0.442361 0.042188 0.101389
4 0.654687 0.270833 0.056250 0.119444
19 0.654687 0.270833 0.056250 0.119444