0 0.240625 0.505556 0.046875 0.105556
0 0.262500 0.641667 0.062500 0.119444
0 0.265625 0.787500 0.059375 0.116667
0 0.297266 0.427778 0.046094 0.105556
0 0.325781 0.547917 0.060937 0.084722
0 0.323047 0.712500 0.041406 0.105556
0 0.340234 0.849306 0.066406 0.118056
0 0.378516 0.704861 0.046094 0.106944
0 0.387109 0.412500 0.049219 0.111111
0 0.400391 0.828472 0.066406 0.109722
0 0.397656 0.562500 0.056250 0.072222
0 0.437500 0.702778 0.043750 0.105556
0 0.449609 0.358333 0.057031 0.077778
0 0.464062 0.531944 0.050000 0.111111
0 0.485156 0.795833 0.065625 0.113889
0 0.492188 0.665972 0.064062 0.118056
0 0.537500 0.501389 0.064062 0.116667
0 0.542188 0.627778 0.050000 0.108333
0 0.555469 0.775000 0.053125 0.111111
0 0.607812 0.648611 0.040625 0.100000
1 0.240625 0.505556 0.046875 0.105556
1 0.262500 0.641667 0.062500 0.119444
1 0.297266 0.427778 0.046094 0.105556
1 0.325781 0.547917 0.060937 0.084722
1 0.323047 0.712500 0.041406 0.105556
1 0.340234 0.849306 0.066406 0.118056
1 0.378516 0.704861 0.046094 0.106944
1 0.387109 0.412500 0.049219 0.111111
1 0.400391 0.828472 0.066406 0.109722
1 0.397656 0.562500 0.056250 0.072222
1 0.437500 0.702778 0.043750 0.105556
1 0.464062 0.531944 0.050000 0.111111
1 0.485156 0.795833 0.065625 0.113889
1 0.492188 0.665972 0.064062 0.118056
1 0.537500 0.501389 0.064062 0.116667
1 0.542188 0.627778 0.050000 0.108333
1 0.555469 0.775000 0.053125 0.111111
1 0.607812 0.648611 0.040625 0.100000
2 0.265625 0.787500 0.059375 0.116667
2 0.449609 0.358333 0.057031 0.077778
4 0.378516 0.704861 0.046094 0.106944
4 0.397656 0.562500 0.056250 0.072222
4 0.485156 0.795833 0.065625 0.113889
4 0.555469 0.775000 0.053125 0.111111
5 0.323047 0.712500 0.041406 0.105556
5 0.340234 0.849306 0.066406 0.118056
5 0.492188 0.665972 0.064062 0.118056
6 0.387109 0.412500 0.049219 0.111111
6 0.400391 0.828472 0.066406 0.109722
6 0.437500 0.702778 0.043750 0.105556
7 0.240625 0.505556 0.046875 0.105556
7 0.262500 0.641667 0.062500 0.119444
7 0.297266 0.427778 0.046094 0.105556
7 0.325781 0.547917 0.060937 0.084722
7 0.464062 0.531944 0.050000 0.111111
7 0.537500 0.501389 0.064062 0.116667
7 0.542188 0.627778 0.050000 0.108333
7 0.607812 0.648611 0.040625 0.100000
8 0.297266 0.427778 0.046094 0.105556
8 0.340234 0.850694 0.066406 0.118056
8 0.485156 0.795833 0.065625 0.113889
9 0.240625 0.505556 0.046875 0.105556
10 0.387109 0.412500 0.049219 0.111111
10 0.542188 0.627778 0.050000 0.108333
12 0.607812 0.648611 0.040625 0.100000
13 0.437500 0.702778 0.043750 0.105556
13 0.555469 0.775000 0.053125 0.111111
14 0.400391 0.828472 0.066406 0.109722
15 0.378516 0.704861 0.046094 0.106944
16 0.262500 0.641667 0.062500 0.119444
16 0.492188 0.665972 0.064062 0.118056
17 0.537500 0.501389 0.064062 0.116667
18 0.325781 0.547917 0.060937 0.084722
18 0.323047 0.712500 0.041406 0.105556
19 0.397656 0.562500 0.056250 0.072222
20 0.464062 0.531944 0.050000 0.111111