0 0.225781 0.425000 0.062500 0.084722
0 0.289844 0.438889 0.058594 0.081944
0 0.338281 0.312500 0.065625 0.116667
0 0.348438 0.558333 0.069531 0.116667
0 0.357812 0.447222 0.058594 0.077778
0 0.407813 0.744444 0.042969 0.097222
0 0.409375 0.634722 0.043750 0.101389
0 0.410156 0.233333 0.042969 0.102778
0 0.410156 0.345833 0.041406 0.102778
0 0.414062 0.530556 0.042969 0.102778
0 0.464062 0.426389 0.057031 0.080556
0 0.478125 0.288889 0.061719 0.122222
0 0.494531 0.569444 0.067187 0.116667
0 0.525781 0.415278 0.055469 0.076389
0 0.585156 0.412500 0.048438 0.072222
1 0.348438 0.558333 0.069531 0.116667
2 0.289844 0.438889 0.058594 0.081944
2 0.338281 0.312500 0.065625 0.116667
2 0.357812 0.447222 0.058594 0.077778
2 0.407813 0.744444 0.042969 0.097222
2 0.409375 0.634722 0.043750 0.101389
2 0.410156 0.233333 0.042969 0.102778
2 0.410156 0.345833 0.041406 0.102778
2 0.464062 0.426389 0.057031 0.080556
2 0.494531 0.569444 0.067187 0.116667
2 0.525781 0.415278 0.055469 0.076389
2 0.585156 0.412500 0.048438 0.072222
3 0.225781 0.425000 0.062500 0.084722
3 0.414062 0.530556 0.042969 0.102778
3 0.478125 0.288889 0.061719 0.122222
5 0.348438 0.558333 0.069531 0.116667
12 0.348438 0.558333 0.069531 0.116667