0 0.286844 0.600000 0.046297 0.105194
0 0.312336 0.755472 0.047469 0.106778
0 0.337973 0.436451 0.044242 0.103125
0 0.339289 0.872917 0.042781 0.104167
0 0.348961 0.568750 0.041609 0.102083
0 0.368590 0.726042 0.045711 0.106250
0 0.391738 0.428646 0.042195 0.098958
0 0.401258 0.564847 0.047172 0.107806
0 0.402430 0.839847 0.042484 0.102611
0 0.451656 0.443493 0.050687 0.110931
0 0.456340 0.572917 0.046586 0.104167
0 0.455316 0.861451 0.040430 0.101042
0 0.469969 0.705472 0.045703 0.105722
0 0.506152 0.846354 0.046586 0.107292
0 0.506590 0.548951 0.041023 0.101042
0 0.533109 0.683333 0.048344 0.108333
0 0.560945 0.825521 0.044828 0.105208
0 0.592883 0.685417 0.054203 0.114583
0 0.594055 0.536201 0.041312 0.100514
0 0.606062 0.824222 0.041312 0.099472
0 0.655141 0.537243 0.040437 0.098431
0 0.661441 0.691146 0.050102 0.109375
1 0.286844 0.600000 0.046297 0.105194
1 0.312336 0.755472 0.047469 0.106778
1 0.337973 0.436451 0.044242 0.103125
1 0.339289 0.872917 0.042781 0.104167
1 0.348961 0.568750 0.041609 0.102083
1 0.368590 0.726042 0.045711 0.106250
1 0.401258 0.564847 0.047172 0.107806
1 0.402430 0.839847 0.042484 0.102611
1 0.451656 0.443493 0.050687 0.110931
1 0.456340 0.572917 0.046586 0.104167
1 0.455316 0.861451 0.040430 0.101042
1 0.469969 0.705472 0.045703 0.105722
1 0.506152 0.846354 0.046586 0.107292
1 0.506590 0.548951 0.041023 0.101042
1 0.533109 0.683333 0.048344 0.108333
1 0.560945 0.825521 0.044828 0.105208
1 0.592883 0.685417 0.054203 0.114583
1 0.594055 0.536201 0.041312 0.100514
1 0.661441 0.691146 0.050102 0.109375
2 0.391738 0.428646 0.042195 0.098958
3 0.606062 0.824222 0.041312 0.099472
3 0.655141 0.537243 0.040437 0.098431
4 0.401258 0.564847 0.047172 0.107806
4 0.451656 0.443493 0.050687 0.110931
4 0.456340 0.572917 0.046586 0.104167
4 0.506152 0.846354 0.046586 0.107292
4 0.560945 0.825521 0.044828 0.105208
5 0.312336 0.755472 0.047469 0.106778
5 0.348961 0.568750 0.041609 0.102083
5 0.469969 0.705472 0.045703 0.105722
5 0.506590 0.548951 0.041023 0.101042
6 0.286844 0.600000 0.046297 0.105194
6 0.337973 0.436451 0.044242 0.103125
6 0.339289 0.872917 0.042781 0.104167
6 0.368590 0.726042 0.045711 0.106250
6 0.402430 0.839847 0.042484 0.102611
6 0.533109 0.683333 0.048344 0.108333
6 0.592883 0.685417 0.054203 0.114583
6 0.594055 0.536201 0.041312 0.100514
7 0.455316 0.861451 0.040430 0.101042
7 0.661441 0.691146 0.050102 0.109375
8 0.312043 0.754944 0.047461 0.106778
8 0.402430 0.839847 0.042484 0.102611
9 0.451359 0.442972 0.050687 0.110944
9 0.592586 0.684375 0.054203 0.114583
10 0.337676 0.435424 0.044242 0.103125
11 0.593758 0.535153 0.041312 0.100528
12 0.456637 0.571875 0.046586 0.104167
12 0.455316 0.861451 0.040430 0.101042
12 0.506301 0.548951 0.041023 0.101042
13 0.286551 0.599479 0.046289 0.105208
14 0.400969 0.564326 0.047172 0.107819
14 0.470262 0.704944 0.045711 0.105722
15 0.339000 0.871875 0.042781 0.104167
15 0.506152 0.846354 0.046586 0.107292
16 0.560945 0.825521 0.044828 0.105208
16 0.661148 0.690104 0.050109 0.109375
18 0.532816 0.683333 0.048352 0.108333
19 0.348668 0.568229 0.041602 0.102069
20 0.368297 0.725528 0.045703 0.106250