0 0.390234 0.227083 0.050781 0.112500
0 0.430859 0.450694 0.039844 0.101389
0 0.465625 0.626389 0.053125 0.113889
0 0.473438 0.340278 0.050000 0.111111
0 0.479687 0.165278 0.045312 0.105556
0 0.478125 0.781944 0.040625 0.102778
0 0.496875 0.469444 0.056250 0.116667
0 0.539062 0.311111 0.046875 0.108333
0 0.555078 0.470139 0.055469 0.115278
0 0.553906 0.641667 0.043750 0.102778
0 0.564844 0.770833 0.056250 0.116667
0 0.601562 0.833333 0.048438 0.111111
0 0.618750 0.501389 0.040625 0.100000
0 0.625000 0.656250 0.043750 0.104167
0 0.628125 0.348611 0.046875 0.108333
0 0.685937 0.726389 0.051562 0.111111
0 0.694531 0.376389 0.050000 0.108333
0 0.705078 0.865278 0.038281 0.097222
0 0.742188 0.431944 0.053125 0.111111
0 0.748047 0.888889 0.039844 0.097222
0 0.753906 0.593750 0.048438 0.109722
0 0.774219 0.732639 0.045312 0.104167
0 0.793750 0.415278 0.043750 0.105556
1 0.390234 0.227083 0.050781 0.112500
1 0.430859 0.450694 0.039844 0.101389
1 0.465625 0.626389 0.053125 0.113889
1 0.473438 0.340278 0.050000 0.111111
1 0.479687 0.165278 0.045312 0.105556
1 0.478125 0.781944 0.040625 0.102778
1 0.539062 0.311111 0.046875 0.108333
1 0.555078 0.470139 0.055469 0.115278
1 0.553906 0.641667 0.043750 0.102778
1 0.564844 0.770833 0.056250 0.116667
1 0.601562 0.833333 0.048438 0.111111
1 0.618750 0.501389 0.040625 0.100000
1 0.625000 0.656250 0.043750 0.104167
1 0.628125 0.348611 0.046875 0.108333
1 0.685937 0.726389 0.051562 0.111111
1 0.694531 0.376389 0.050000 0.108333
1 0.705078 0.865278 0.038281 0.097222
1 0.742188 0.431944 0.053125 0.111111
1 0.748047 0.888889 0.039844 0.097222
1 0.753906 0.593750 0.048438 0.109722
1 0.774219 0.732639 0.045312 0.104167
1 0.793750 0.415278 0.043750 0.105556
2 0.496875 0.469444 0.056250 0.116667
4 0.390234 0.227083 0.050781 0.112500
4 0.465625 0.626389 0.053125 0.113889
4 0.601562 0.833333 0.048438 0.111111
4 0.685937 0.726389 0.051562 0.111111
4 0.748047 0.888889 0.039844 0.097222
5 0.479687 0.165278 0.045312 0.105556
5 0.478125 0.781944 0.040625 0.102778
5 0.753906 0.593750 0.048438 0.109722
5 0.793750 0.415278 0.043750 0.105556
6 0.430859 0.450694 0.039844 0.101389
6 0.553906 0.641667 0.043750 0.102778
6 0.564844 0.770833 0.056250 0.116667
6 0.618750 0.501389 0.040625 0.100000
6 0.625000 0.656250 0.043750 0.104167
6 0.705078 0.865278 0.038281 0.097222
7 0.473438 0.340278 0.050000 0.111111
7 0.539062 0.311111 0.046875 0.108333
7 0.555078 0.470139 0.055469 0.115278
7 0.628125 0.348611 0.046875 0.108333
7 0.694531 0.376389 0.050000 0.108333
7 0.742188 0.431944 0.053125 0.111111
7 0.774219 0.732639 0.045312 0.104167
8 0.478125 0.781944 0.040625 0.102778
8 0.694531 0.376389 0.050000 0.108333
9 0.390234 0.227083 0.050781 0.112500
9 0.625000 0.656250 0.043750 0.104167
10 0.555078 0.470139 0.055469 0.115278
10 0.553906 0.641667 0.043750 0.102778
12 0.465625 0.626389 0.053125 0.113889
12 0.539062 0.311111 0.046875 0.108333
12 0.564844 0.770833 0.056250 0.116667
13 0.430859 0.450694 0.039844 0.101389
13 0.685937 0.726389 0.051562 0.111111
13 0.793750 0.415278 0.043750 0.105556
14 0.628125 0.348611 0.046875 0.108333
15 0.753906 0.593750 0.048438 0.109722
15 0.774219 0.732639 0.045312 0.104167
17 0.479687 0.165278 0.045312 0.105556
18 0.473438 0.340278 0.050000 0.111111
19 0.705078 0.865278 0.038281 0.097222
19 0.742188 0.431944 0.053125 0.111111
19 0.748047 0.888889 0.039844 0.097222
20 0.601562 0.833333 0.048438 0.111111
20 0.618750 0.501389 0.040625 0.100000