0 0.194141 0.725000 0.067969 0.119444
0 0.197656 0.327778 0.070312 0.113889
0 0.210938 0.590972 0.065625 0.095833
0 0.259375 0.696528 0.056250 0.115278
0 0.283594 0.595833 0.068750 0.102778
0 0.297656 0.464583 0.054688 0.115278
0 0.307812 0.236806 0.043750 0.104167
0 0.345313 0.563889 0.054688 0.113889
0 0.364844 0.441667 0.062500 0.119444
0 0.367969 0.192361 0.067187 0.115278
0 0.366797 0.736806 0.058594 0.118056
0 0.385156 0.648611 0.065625 0.100000
0 0.392969 0.304861 0.064062 0.120833
0 0.412109 0.786806 0.067969 0.109722
0 0.416406 0.079861 0.057813 0.115278
0 0.437500 0.615278 0.068750 0.113889
0 0.462500 0.238889 0.065625 0.113889
0 0.460938 0.132639 0.056250 0.118056
0 0.465234 0.366667 0.060156 0.088889
0 0.489453 0.803472 0.066406 0.112500
0 0.527734 0.311111 0.066406 0.119444
0 0.534375 0.422222 0.064062 0.116667
0 0.537891 0.206250 0.055469 0.115278
0 0.542188 0.734028 0.057813 0.084722
0 0.548828 0.531944 0.057031 0.119444
0 0.564453 0.640278 0.047656 0.108333
0 0.589844 0.209722 0.048438 0.111111
0 0.600391 0.439583 0.058594 0.084722
0 0.606641 0.559722 0.061719 0.119444
0 0.605859 0.365972 0.058594 0.079167
0 0.608594 0.781944 0.057813 0.077778
0 0.626172 0.687500 0.063281 0.116667
0 0.647266 0.865972 0.060156 0.084722
0 0.664062 0.428472 0.064062 0.101389
0 0.664062 0.265278 0.054688 0.113889
0 0.694141 0.347222 0.064844 0.108333
0 0.722656 0.440278 0.054688 0.113889
1 0.194141 0.725000 0.067969 0.119444
1 0.197656 0.327778 0.070312 0.113889
1 0.210938 0.590972 0.065625 0.095833
1 0.259375 0.696528 0.056250 0.115278
1 0.283594 0.595833 0.068750 0.102778
1 0.297656 0.464583 0.054688 0.115278
1 0.307812 0.236806 0.043750 0.104167
1 0.345313 0.563889 0.054688 0.113889
1 0.364844 0.441667 0.062500 0.119444
1 0.367969 0.192361 0.067187 0.115278
1 0.366797 0.736806 0.058594 0.118056
1 0.385156 0.648611 0.065625 0.100000
1 0.392969 0.304861 0.064062 0.120833
1 0.412109 0.786806 0.067969 0.109722
1 0.416406 0.079861 0.057813 0.115278
1 0.437500 0.615278 0.068750 0.113889
1 0.462500 0.238889 0.065625 0.113889
1 0.460938 0.132639 0.056250 0.118056
1 0.489453 0.803472 0.066406 0.112500
1 0.527734 0.311111 0.066406 0.119444
1 0.534375 0.422222 0.064062 0.116667
1 0.537891 0.206250 0.055469 0.115278
1 0.542188 0.734028 0.057813 0.084722
1 0.548828 0.531944 0.057031 0.119444
1 0.589844 0.209722 0.048438 0.111111
1 0.600391 0.439583 0.058594 0.084722
1 0.606641 0.559722 0.061719 0.119444
1 0.605859 0.365972 0.058594 0.079167
1 0.608594 0.781944 0.057813 0.077778
1 0.626172 0.687500 0.063281 0.116667
1 0.647266 0.865972 0.060156 0.084722
1 0.664062 0.428472 0.064062 0.101389
1 0.664062 0.265278 0.054688 0.113889
1 0.694141 0.347222 0.064844 0.108333
1 0.722656 0.440278 0.054688 0.113889
2 0.465234 0.366667 0.060156 0.088889
2 0.564453 0.640278 0.047656 0.108333
4 0.210938 0.590972 0.065625 0.095833
4 0.283594 0.595833 0.068750 0.102778
4 0.345313 0.563889 0.054688 0.113889
4 0.412109 0.786806 0.067969 0.109722
4 0.416406 0.079861 0.057813 0.115278
4 0.608594 0.781944 0.057813 0.077778
4 0.664062 0.265278 0.054688 0.113889
4 0.694141 0.347222 0.064844 0.108333
4 0.722656 0.440278 0.054688 0.113889
5 0.307812 0.236806 0.043750 0.104167
5 0.367969 0.192361 0.067187 0.115278
5 0.366797 0.736806 0.058594 0.118056
5 0.392969 0.304861 0.064062 0.120833
5 0.462500 0.238889 0.065625 0.113889
5 0.542188 0.734028 0.057813 0.084722
5 0.647266 0.865972 0.060156 0.084722
6 0.194141 0.725000 0.067969 0.119444
6 0.197656 0.327778 0.070312 0.113889
6 0.460938 0.132639 0.056250 0.118056
6 0.489453 0.803472 0.066406 0.112500
6 0.537891 0.206250 0.055469 0.115278
6 0.600391 0.439583 0.058594 0.084722
6 0.606641 0.559722 0.061719 0.119444
6 0.605859 0.365972 0.058594 0.079167
7 0.259375 0.696528 0.056250 0.115278
7 0.297656 0.464583 0.054688 0.115278
7 0.364844 0.441667 0.062500 0.119444
7 0.385156 0.648611 0.065625 0.100000
7 0.437500 0.615278 0.068750 0.113889
7 0.527734 0.311111 0.066406 0.119444
7 0.534375 0.422222 0.064062 0.116667
7 0.548828 0.531944 0.057031 0.119444
7 0.589844 0.209722 0.048438 0.111111
7 0.626172 0.687500 0.063281 0.116667
7 0.664062 0.428472 0.064062 0.101389
8 0.307812 0.236806 0.043750 0.104167
8 0.345313 0.563889 0.054688 0.113889
8 0.460938 0.132639 0.056250 0.118056
8 0.534375 0.422222 0.064062 0.116667
9 0.462500 0.238889 0.065625 0.113889
9 0.626172 0.687500 0.063281 0.116667
10 0.283594 0.595833 0.068750 0.102778
10 0.527734 0.311111 0.066406 0.119444
10 0.600391 0.439583 0.058594 0.084722
11 0.194141 0.725000 0.067969 0.119444
11 0.259375 0.696528 0.056250 0.115278
11 0.412109 0.786806 0.067969 0.109722
12 0.197656 0.327778 0.070312 0.113889
12 0.416406 0.079861 0.057813 0.115278
12 0.542188 0.734028 0.057813 0.084722
13 0.364844 0.441667 0.062500 0.119444
13 0.694141 0.347222 0.064844 0.108333
14 0.210938 0.590972 0.065625 0.095833
14 0.437500 0.615278 0.068750 0.113889
14 0.537891 0.206250 0.055469 0.115278
15 0.548828 0.531944 0.057031 0.119444
15 0.647266 0.865972 0.060156 0.084722
16 0.297656 0.464583 0.054688 0.115278
16 0.367969 0.192361 0.067187 0.115278
17 0.489453 0.803472 0.066406 0.112500
17 0.589844 0.209722 0.048438 0.111111
17 0.608594 0.781944 0.057813 0.077778
18 0.664062 0.428472 0.064062 0.101389
19 0.385156 0.648611 0.065625 0.100000
19 0.392969 0.304861 0.064062 0.120833
19 0.605859 0.365972 0.058594 0.079167
19 0.722656 0.440278 0.054688 0.113889
20 0.366797 0.736806 0.058594 0.118056
20 0.606641 0.559722 0.061719 0.119444
20 0.664062 0.265278 0.054688 0.113889