0 0.250781 0.668056 0.062500 0.084722
0 0.250000 0.533333 0.059375 0.077778
0 0.297656 0.755556 0.058594 0.076389
0 0.312500 0.423611 0.060156 0.081944
0 0.329688 0.654167 0.058594 0.076389
0 0.330469 0.545833 0.059375 0.081944
0 0.329688 0.654167 0.057813 0.077778
0 0.367969 0.759722 0.057813 0.077778
0 0.392969 0.183333 0.043750 0.104167
0 0.397656 0.381944 0.050781 0.113889
0 0.403906 0.659722 0.057813 0.077778
0 0.405469 0.543056 0.058594 0.079167
0 0.467969 0.202778 0.049219 0.106944
0 0.484375 0.479167 0.048438 0.108333
0 0.522656 0.752778 0.055469 0.116667
0 0.521875 0.225000 0.052344 0.111111
0 0.580469 0.251389 0.057031 0.118056
0 0.606250 0.459722 0.051562 0.115278
0 0.635156 0.276389 0.053906 0.112500
0 0.672656 0.498611 0.052344 0.112500
2 0.392969 0.183333 0.043750 0.104167
2 0.397656 0.381944 0.050781 0.113889
2 0.405469 0.543056 0.058594 0.079167
2 0.467969 0.202778 0.049219 0.106944
2 0.484375 0.479167 0.048438 0.108333
2 0.522656 0.752778 0.055469 0.116667
2 0.521875 0.225000 0.052344 0.111111
2 0.580469 0.251389 0.057031 0.118056
2 0.606250 0.459722 0.051562 0.115278
2 0.635156 0.276389 0.053906 0.112500
2 0.672656 0.498611 0.052344 0.112500
3 0.250781 0.668056 0.062500 0.084722
3 0.250000 0.533333 0.059375 0.077778
3 0.297656 0.755556 0.058594 0.076389
3 0.312500 0.423611 0.060156 0.081944
3 0.329688 0.654167 0.058594 0.076389
3 0.330469 0.545833 0.059375 0.081944
3 0.329688 0.654167 0.057813 0.077778
3 0.367969 0.759722 0.057813 0.077778
3 0.403906 0.659722 0.057813 0.077778