0 0.330078 0.211111 0.047656 0.108333
0 0.337500 0.340278 0.043750 0.102778
0 0.354687 0.499306 0.050000 0.109722
0 0.400000 0.348611 0.062500 0.094444
0 0.402734 0.229167 0.047656 0.108333
0 0.419141 0.671528 0.064844 0.101389
0 0.411719 0.505556 0.042188 0.102778
0 0.456250 0.366667 0.054688 0.113889
0 0.466406 0.229167 0.045312 0.105556
0 0.478516 0.659722 0.052344 0.113889
0 0.488281 0.493750 0.043750 0.104167
0 0.517969 0.234722 0.048438 0.108333
0 0.538672 0.754167 0.064844 0.108333
0 0.545312 0.522222 0.039062 0.100000
0 0.558984 0.360417 0.039844 0.101389
0 0.573438 0.665972 0.056250 0.118056
0 0.580078 0.206944 0.044531 0.105556
0 0.618750 0.752778 0.065625 0.102778
0 0.614062 0.343750 0.051562 0.112500
0 0.628906 0.629167 0.056250 0.116667
0 0.631250 0.204167 0.045312 0.105556
0 0.674219 0.581250 0.042188 0.104167
0 0.686719 0.706250 0.065625 0.098611
0 0.680078 0.341667 0.041406 0.102778
0 0.694531 0.478472 0.065625 0.095833
0 0.683984 0.190972 0.042969 0.101389
0 0.746484 0.331250 0.052344 0.112500
0 0.744531 0.584028 0.046875 0.106944
0 0.757422 0.197222 0.046094 0.105556
0 0.775000 0.438889 0.050000 0.108333
1 0.330078 0.211111 0.047656 0.108333
1 0.337500 0.340278 0.043750 0.102778
1 0.354687 0.499306 0.050000 0.109722
1 0.400000 0.348611 0.062500 0.094444
1 0.402734 0.229167 0.047656 0.108333
1 0.419141 0.671528 0.064844 0.101389
1 0.411719 0.505556 0.042188 0.102778
1 0.456250 0.366667 0.054688 0.113889
1 0.466406 0.229167 0.045312 0.105556
1 0.478516 0.659722 0.052344 0.113889
1 0.488281 0.493750 0.043750 0.104167
1 0.517969 0.234722 0.048438 0.108333
1 0.545312 0.522222 0.039062 0.100000
1 0.558984 0.360417 0.039844 0.101389
1 0.573438 0.665972 0.056250 0.118056
1 0.580078 0.206944 0.044531 0.105556
1 0.618750 0.752778 0.065625 0.102778
1 0.614062 0.343750 0.051562 0.112500
1 0.628906 0.629167 0.056250 0.116667
1 0.631250 0.204167 0.045312 0.105556
1 0.674219 0.581250 0.042188 0.104167
1 0.686719 0.706250 0.065625 0.098611
1 0.680078 0.341667 0.041406 0.102778
1 0.694531 0.478472 0.065625 0.095833
1 0.683984 0.190972 0.042969 0.101389
1 0.746484 0.331250 0.052344 0.112500
1 0.744531 0.584028 0.046875 0.106944
1 0.757422 0.197222 0.046094 0.105556
1 0.775000 0.438889 0.050000 0.108333
3 0.538672 0.754167 0.064844 0.108333
4 0.402734 0.229167 0.047656 0.108333
4 0.411719 0.505556 0.042188 0.102778
4 0.456250 0.366667 0.054688 0.113889
4 0.466406 0.229167 0.045312 0.105556
4 0.478516 0.659722 0.052344 0.113889
4 0.628906 0.629167 0.056250 0.116667
4 0.680078 0.341667 0.041406 0.102778
4 0.746484 0.331250 0.052344 0.112500
5 0.354687 0.499306 0.050000 0.109722
5 0.488281 0.493750 0.043750 0.104167
5 0.517969 0.234722 0.048438 0.108333
5 0.545312 0.522222 0.039062 0.100000
5 0.573438 0.665972 0.056250 0.118056
5 0.614062 0.343750 0.051562 0.112500
5 0.631250 0.204167 0.045312 0.105556
5 0.744531 0.584028 0.046875 0.106944
6 0.558984 0.360417 0.039844 0.101389
6 0.618750 0.752778 0.065625 0.102778
6 0.694531 0.478472 0.065625 0.095833
6 0.775000 0.438889 0.050000 0.108333
7 0.330078 0.211111 0.047656 0.108333
7 0.337500 0.340278 0.043750 0.102778
7 0.400000 0.348611 0.062500 0.094444
7 0.419141 0.671528 0.064844 0.101389
7 0.580078 0.206944 0.044531 0.105556
7 0.674219 0.581250 0.042188 0.104167
7 0.686719 0.706250 0.065625 0.098611
7 0.683984 0.190972 0.042969 0.101389
7 0.757422 0.197222 0.046094 0.105556
8 0.400000 0.348611 0.062500 0.094444
8 0.402734 0.229167 0.047656 0.108333
9 0.573438 0.665972 0.056250 0.118056
9 0.757422 0.197222 0.046094 0.105556
10 0.330078 0.211111 0.047656 0.108333
10 0.411719 0.505556 0.042188 0.102778
10 0.631250 0.204167 0.045312 0.105556
11 0.337500 0.340278 0.043750 0.102778
11 0.478516 0.659722 0.052344 0.113889
11 0.614062 0.343750 0.051562 0.112500
12 0.694531 0.478472 0.065625 0.095833
13 0.466406 0.229167 0.045312 0.105556
13 0.488281 0.493750 0.043750 0.104167
13 0.683984 0.190972 0.042969 0.101389
14 0.580078 0.206944 0.044531 0.105556
14 0.775000 0.438889 0.050000 0.108333
15 0.419141 0.671528 0.064844 0.101389
16 0.354687 0.499306 0.050000 0.109722
16 0.618750 0.752778 0.065625 0.102778
17 0.456250 0.366667 0.054688 0.113889
17 0.517969 0.234722 0.048438 0.108333
17 0.558984 0.360417 0.039844 0.101389
18 0.628906 0.629167 0.056250 0.116667
18 0.686719 0.706250 0.065625 0.098611
18 0.744531 0.584028 0.046875 0.106944
19 0.674219 0.581250 0.042188 0.104167
19 0.746484 0.331250 0.052344 0.112500
20 0.545312 0.522222 0.039062 0.100000
20 0.680078 0.341667 0.041406 0.102778