0 0.110156 0.547222 0.051562 0.111111
0 0.152734 0.417361 0.071094 0.115278
0 0.166406 0.715972 0.065625 0.095833
0 0.221484 0.597917 0.066406 0.098611
0 0.235156 0.454167 0.064062 0.125000
0 0.236719 0.743750 0.056250 0.118056
0 0.291016 0.611111 0.058594 0.119444
0 0.293750 0.768750 0.059375 0.120833
0 0.314453 0.458333 0.063281 0.094444
0 0.374219 0.690972 0.067187 0.104167
0 0.398828 0.218750 0.044531 0.106944
0 0.433984 0.806250 0.067969 0.115278
0 0.444922 0.218056 0.042969 0.102778
0 0.446094 0.351389 0.043750 0.105556
0 0.471875 0.922222 0.050000 0.111111
0 0.488281 0.223611 0.045312 0.105556
0 0.519922 0.423611 0.064844 0.116667
0 0.533203 0.879861 0.044531 0.104167
0 0.561719 0.740278 0.060937 0.116667
0 0.589453 0.456250 0.063281 0.118056
0 0.608594 0.855556 0.068750 0.116667
0 0.635938 0.559722 0.067187 0.116667
0 0.657031 0.451389 0.050000 0.111111
1 0.398828 0.218750 0.044531 0.106944
1 0.444922 0.218056 0.042969 0.102778
1 0.446094 0.351389 0.043750 0.105556
1 0.488281 0.223611 0.045312 0.105556
2 0.152734 0.417361 0.071094 0.115278
2 0.166406 0.715972 0.065625 0.095833
2 0.235156 0.454167 0.064062 0.125000
2 0.236719 0.743750 0.056250 0.118056
2 0.293750 0.768750 0.059375 0.120833
2 0.314453 0.458333 0.063281 0.094444
2 0.519922 0.423611 0.064844 0.116667
2 0.561719 0.740278 0.060937 0.116667
2 0.589453 0.456250 0.063281 0.118056
2 0.635938 0.559722 0.067187 0.116667
2 0.657031 0.451389 0.050000 0.111111
3 0.110156 0.547222 0.051562 0.111111
3 0.221484 0.597917 0.066406 0.098611
3 0.291016 0.611111 0.058594 0.119444
3 0.374219 0.690972 0.067187 0.104167
3 0.433984 0.806250 0.067969 0.115278
3 0.471875 0.922222 0.050000 0.111111
3 0.533203 0.879861 0.044531 0.104167
3 0.608594 0.855556 0.068750 0.116667
4 0.446094 0.351389 0.043750 0.105556
5 0.488281 0.223611 0.045312 0.105556
6 0.398828 0.218750 0.044531 0.106944
7 0.444922 0.218056 0.042969 0.102778
9 0.398828 0.218750 0.044531 0.106944
9 0.444922 0.218056 0.042969 0.102778
9 0.446094 0.351389 0.043750 0.105556
9 0.488281 0.223611 0.045312 0.105556