0 0.113281 0.612500 0.048438 0.108333
0 0.155078 0.467361 0.066406 0.098611
0 0.175781 0.783333 0.060937 0.083333
0 0.177734 0.637500 0.061719 0.083333
0 0.217969 0.475000 0.053125 0.116667
0 0.242578 0.794444 0.052344 0.113889
0 0.246484 0.620139 0.052344 0.112500
0 0.271875 0.513889 0.064062 0.094444
0 0.298828 0.686111 0.061719 0.086111
0 0.303906 0.823611 0.064062 0.091667
0 0.376953 0.633333 0.044531 0.105556
0 0.385156 0.236111 0.056250 0.075000
0 0.381250 0.763889 0.048438 0.111111
0 0.406250 0.890972 0.059375 0.079167
0 0.434766 0.761111 0.042969 0.105556
0 0.441016 0.623611 0.047656 0.108333
0 0.450781 0.242361 0.059375 0.084722
0 0.468750 0.897222 0.053125 0.113889
0 0.489844 0.748611 0.046875 0.108333
0 0.494922 0.620139 0.050781 0.112500
0 0.517969 0.255556 0.067187 0.111111
0 0.544531 0.750000 0.043750 0.105556
0 0.549609 0.881250 0.047656 0.109722
0 0.560156 0.615972 0.050000 0.112500
0 0.608594 0.872917 0.059375 0.081944
0 0.612500 0.757639 0.046875 0.106944
0 0.625781 0.631944 0.056250 0.116667
0 0.700781 0.870833 0.060937 0.091667
0 0.707031 0.759028 0.060937 0.093056
0 0.715625 0.666667 0.062500 0.086111
0 0.717187 0.571528 0.057813 0.084722
0 0.726562 0.469444 0.060937 0.094444
1 0.376953 0.633333 0.044531 0.105556
1 0.385156 0.236111 0.056250 0.075000
1 0.381250 0.763889 0.048438 0.111111
1 0.434766 0.761111 0.042969 0.105556
1 0.441016 0.623611 0.047656 0.108333
1 0.450781 0.242361 0.059375 0.084722
1 0.489844 0.748611 0.046875 0.108333
1 0.494922 0.620139 0.050781 0.112500
1 0.517969 0.255556 0.067187 0.111111
1 0.544531 0.750000 0.043750 0.105556
1 0.560156 0.615972 0.050000 0.112500
1 0.612500 0.757639 0.046875 0.106944
1 0.625781 0.631944 0.056250 0.116667
2 0.155078 0.467361 0.066406 0.098611
2 0.175781 0.783333 0.060937 0.083333
2 0.217969 0.475000 0.053125 0.116667
2 0.242578 0.794444 0.052344 0.113889
2 0.271875 0.513889 0.064062 0.094444
2 0.303906 0.823611 0.064062 0.091667
2 0.700781 0.870833 0.060937 0.091667
2 0.707031 0.759028 0.060937 0.093056
2 0.715625 0.666667 0.062500 0.086111
2 0.717187 0.571528 0.057813 0.084722
2 0.726562 0.469444 0.060937 0.094444
3 0.113281 0.612500 0.048438 0.108333
3 0.177734 0.637500 0.061719 0.083333
3 0.246484 0.620139 0.052344 0.112500
3 0.298828 0.686111 0.061719 0.086111
3 0.406250 0.890972 0.059375 0.079167
3 0.468750 0.897222 0.053125 0.113889
3 0.549609 0.881250 0.047656 0.109722
3 0.608594 0.872917 0.059375 0.081944
5 0.376953 0.633333 0.044531 0.105556
5 0.385156 0.236111 0.056250 0.075000
5 0.381250 0.763889 0.048438 0.111111
5 0.434766 0.761111 0.042969 0.105556
5 0.441016 0.623611 0.047656 0.108333
5 0.450781 0.242361 0.059375 0.084722
5 0.489844 0.748611 0.046875 0.108333
5 0.494922 0.620139 0.050781 0.112500
5 0.517969 0.255556 0.067187 0.111111
5 0.544531 0.750000 0.043750 0.105556
5 0.560156 0.615972 0.050000 0.112500
5 0.612500 0.757639 0.046875 0.106944
5 0.625781 0.631944 0.056250 0.116667
8 0.612500 0.757639 0.046875 0.106944
9 0.544531 0.750000 0.043750 0.105556
10 0.489844 0.748611 0.046875 0.108333
11 0.434766 0.761111 0.042969 0.105556
12 0.381250 0.763889 0.048438 0.111111
13 0.625781 0.631944 0.056250 0.116667
14 0.560156 0.615972 0.050000 0.112500
15 0.494922 0.620139 0.050781 0.112500
16 0.441016 0.623611 0.047656 0.108333
17 0.376953 0.633333 0.044531 0.105556
18 0.384375 0.236111 0.056250 0.075000
19 0.450781 0.242361 0.059375 0.084722
20 0.517969 0.255556 0.067187 0.111111