0 0.381641 0.578472 0.064844 0.095833
0 0.415234 0.456250 0.064844 0.118056
0 0.462891 0.384722 0.058594 0.077778
0 0.480859 0.613889 0.049219 0.111111
0 0.510938 0.193056 0.062500 0.086111
0 0.561719 0.395139 0.070312 0.115278
0 0.561719 0.588889 0.064062 0.080556
0 0.564063 0.493750 0.064062 0.093056
0 0.582031 0.716667 0.062500 0.116667
0 0.718750 0.254861 0.065625 0.104167
1 0.415234 0.456250 0.064844 0.118056
1 0.480859 0.613889 0.049219 0.111111
2 0.462891 0.384722 0.058594 0.077778
2 0.510938 0.193056 0.062500 0.086111
2 0.561719 0.395139 0.070312 0.115278
2 0.564063 0.493750 0.064062 0.093056
2 0.582031 0.716667 0.062500 0.116667
3 0.381641 0.578472 0.064844 0.095833
3 0.561719 0.588889 0.064062 0.080556
3 0.718750 0.254861 0.065625 0.104167
4 0.480859 0.613889 0.049219 0.111111
6 0.415234 0.456250 0.064844 0.118056
8 0.415234 0.456250 0.064844 0.118056
8 0.480859 0.613889 0.049219 0.111111