0 0.204297 0.476389 0.050781 0.111111
0 0.253125 0.671528 0.068750 0.123611
0 0.279687 0.434722 0.060937 0.116667
0 0.303125 0.571528 0.070312 0.109722
0 0.334375 0.809028 0.065625 0.093056
0 0.342187 0.369444 0.046875 0.105556
0 0.353125 0.680556 0.064062 0.094444
0 0.370703 0.536111 0.055469 0.116667
0 0.409375 0.326389 0.065625 0.119444
0 0.428125 0.669444 0.054688 0.116667
0 0.440625 0.806250 0.060937 0.084722
0 0.460156 0.495833 0.062500 0.091667
0 0.461328 0.240278 0.057031 0.119444
0 0.519141 0.584722 0.063281 0.105556
0 0.527344 0.187500 0.060937 0.102778
0 0.546094 0.783333 0.067187 0.119444
0 0.548828 0.450000 0.039844 0.097222
0 0.594141 0.215278 0.064844 0.102778
0 0.600000 0.350000 0.059375 0.119444
0 0.600000 0.575000 0.059375 0.086111
0 0.607812 0.700000 0.040625 0.105556
0 0.634766 0.452778 0.064844 0.105556
0 0.691406 0.567361 0.060937 0.118056
1 0.204297 0.476389 0.050781 0.111111
1 0.460156 0.495833 0.062500 0.091667
1 0.607812 0.700000 0.040625 0.105556
1 0.691406 0.567361 0.060937 0.118056
2 0.279687 0.434722 0.060937 0.116667
2 0.303125 0.571528 0.070312 0.109722
2 0.342187 0.369444 0.046875 0.105556
2 0.353125 0.680556 0.064062 0.094444
2 0.370703 0.536111 0.055469 0.116667
2 0.409375 0.326389 0.065625 0.119444
2 0.428125 0.669444 0.054688 0.116667
2 0.461328 0.240278 0.057031 0.119444
2 0.519141 0.584722 0.063281 0.105556
2 0.527344 0.187500 0.060937 0.102778
2 0.548828 0.450000 0.039844 0.097222
3 0.253125 0.671528 0.068750 0.123611
3 0.334375 0.809028 0.065625 0.093056
3 0.440625 0.806250 0.060937 0.084722
3 0.546094 0.783333 0.067187 0.119444
3 0.594141 0.215278 0.064844 0.102778
3 0.600000 0.350000 0.059375 0.119444
3 0.600000 0.575000 0.059375 0.086111
3 0.634766 0.452778 0.064844 0.105556
4 0.460156 0.495833 0.062500 0.091667
6 0.204297 0.476389 0.050781 0.111111
6 0.607812 0.700000 0.040625 0.105556
7 0.691406 0.567361 0.060937 0.118056
10 0.460156 0.495833 0.062500 0.091667
10 0.607812 0.700000 0.040625 0.105556
11 0.691406 0.567361 0.060937 0.118056
18 0.204297 0.476389 0.050781 0.111111