0 0.162500 0.602778 0.056250 0.116667
0 0.206250 0.687500 0.067187 0.119444
0 0.241016 0.505556 0.046094 0.105556
0 0.266406 0.786111 0.060937 0.119444
0 0.298438 0.427778 0.046875 0.105556
0 0.326562 0.547917 0.060937 0.084722
0 0.324219 0.712500 0.042188 0.105556
0 0.339844 0.849306 0.065625 0.120833
0 0.380469 0.704861 0.046875 0.106944
0 0.387109 0.412500 0.049219 0.108333
0 0.400391 0.828472 0.066406 0.109722
0 0.437891 0.703472 0.042969 0.104167
0 0.450000 0.357639 0.056250 0.079167
0 0.463672 0.531944 0.050781 0.111111
0 0.492578 0.665972 0.064844 0.118056
0 0.498047 0.808333 0.049219 0.111111
0 0.537500 0.500000 0.065625 0.116667
0 0.542578 0.627778 0.050781 0.105556
0 0.608594 0.648611 0.040625 0.100000
1 0.162500 0.602778 0.056250 0.116667
1 0.206250 0.687500 0.067187 0.119444
1 0.241016 0.505556 0.046094 0.105556
1 0.298438 0.427778 0.046875 0.105556
1 0.326562 0.547917 0.060937 0.084722
1 0.324219 0.712500 0.042188 0.105556
1 0.339844 0.849306 0.065625 0.120833
1 0.380469 0.704861 0.046875 0.106944
1 0.387109 0.412500 0.049219 0.108333
1 0.400391 0.828472 0.066406 0.109722
1 0.437891 0.703472 0.042969 0.104167
1 0.463672 0.531944 0.050781 0.111111
1 0.492578 0.665972 0.064844 0.118056
1 0.498047 0.808333 0.049219 0.111111
1 0.537500 0.500000 0.065625 0.116667
1 0.542578 0.627778 0.050781 0.105556
1 0.608594 0.648611 0.040625 0.100000
2 0.266406 0.786111 0.060937 0.119444
2 0.450000 0.357639 0.056250 0.079167
4 0.162500 0.602778 0.056250 0.116667
4 0.206250 0.687500 0.067187 0.119444
4 0.380469 0.704861 0.046875 0.106944
5 0.324219 0.712500 0.042188 0.105556
5 0.339844 0.849306 0.065625 0.120833
5 0.492578 0.665972 0.064844 0.118056
6 0.387109 0.412500 0.049219 0.108333
6 0.400391 0.828472 0.066406 0.109722
6 0.437891 0.703472 0.042969 0.104167
7 0.241016 0.505556 0.046094 0.105556
7 0.298438 0.427778 0.046875 0.105556
7 0.326562 0.547917 0.060937 0.084722
7 0.463672 0.531944 0.050781 0.111111
7 0.498047 0.808333 0.049219 0.111111
7 0.537500 0.500000 0.065625 0.116667
7 0.542578 0.627778 0.050781 0.105556
7 0.608594 0.648611 0.040625 0.100000
8 0.162500 0.602778 0.056250 0.116667
8 0.298438 0.427778 0.046875 0.105556
8 0.339844 0.849306 0.065625 0.120833
9 0.241016 0.505556 0.046094 0.105556
10 0.387109 0.412500 0.049219 0.108333
10 0.542578 0.627778 0.050781 0.105556
12 0.608594 0.648611 0.040625 0.100000
13 0.206250 0.687500 0.067187 0.119444
13 0.437891 0.703472 0.042969 0.104167
14 0.400391 0.828472 0.066406 0.109722
15 0.380469 0.704861 0.046875 0.106944
16 0.492578 0.665972 0.064844 0.118056
16 0.498047 0.808333 0.049219 0.111111
17 0.537500 0.500000 0.065625 0.116667
18 0.326562 0.547917 0.060937 0.084722
18 0.324219 0.712500 0.042188 0.105556
20 0.463672 0.531944 0.050781 0.111111