0 0.348828 0.781250 0.049219 0.109722
0 0.357422 0.906944 0.042969 0.102778
0 0.425781 0.830556 0.067187 0.119444
0 0.437891 0.365972 0.066406 0.101389
0 0.569531 0.894444 0.064062 0.111111
0 0.575391 0.528472 0.050781 0.112500
0 0.632812 0.576389 0.060937 0.119444
0 0.628906 0.906944 0.043750 0.102778
0 0.642969 0.400000 0.051562 0.111111
0 0.671875 0.818750 0.046875 0.104167
0 0.703906 0.709722 0.057813 0.116667
0 0.716406 0.343750 0.053125 0.112500
1 0.348828 0.781250 0.049219 0.109722
1 0.357422 0.906944 0.042969 0.102778
1 0.425781 0.830556 0.067187 0.119444
1 0.575391 0.528472 0.050781 0.112500
1 0.632812 0.576389 0.060937 0.119444
1 0.642969 0.400000 0.051562 0.111111
1 0.703906 0.709722 0.057813 0.116667
1 0.716406 0.343750 0.053125 0.112500
2 0.437891 0.365972 0.066406 0.101389
3 0.569531 0.894444 0.064062 0.111111
3 0.628906 0.906944 0.043750 0.102778
3 0.671875 0.818750 0.046875 0.104167
4 0.348828 0.781250 0.049219 0.109722
4 0.575391 0.528472 0.050781 0.112500
5 0.642969 0.400000 0.051562 0.111111
5 0.703906 0.709722 0.057813 0.116667
6 0.632812 0.576389 0.060937 0.119444
7 0.357422 0.906944 0.042969 0.102778
7 0.425781 0.830556 0.067187 0.119444
7 0.716406 0.343750 0.053125 0.112500
8 0.632812 0.576389 0.060937 0.119444
10 0.348828 0.781250 0.049219 0.109722
10 0.716406 0.343750 0.053125 0.112500
12 0.425781 0.830556 0.067187 0.119444
14 0.642969 0.400000 0.051562 0.111111
16 0.357422 0.906944 0.042969 0.102778
18 0.575391 0.528472 0.050781 0.112500
20 0.703906 0.709722 0.057813 0.116667