0 0.074219 0.590278 0.050781 0.109722
0 0.119531 0.454167 0.072656 0.122222
0 0.135156 0.756944 0.068750 0.101389
0 0.146094 0.580556 0.067187 0.097222
0 0.182812 0.455556 0.055469 0.116667
0 0.207813 0.780556 0.057031 0.119444
0 0.211719 0.602778 0.054688 0.115278
0 0.243750 0.495833 0.067187 0.100000
0 0.265625 0.804167 0.061719 0.125000
0 0.271875 0.640278 0.069531 0.118056
0 0.328125 0.459722 0.056250 0.118056
0 0.334375 0.225000 0.060937 0.081944
0 0.350000 0.600000 0.059375 0.122222
0 0.371875 0.879167 0.059375 0.083333
0 0.385937 0.463889 0.052344 0.115278
0 0.400000 0.230556 0.060937 0.084722
0 0.414844 0.590278 0.047656 0.109722
0 0.434375 0.886111 0.051562 0.115278
0 0.450000 0.454167 0.043750 0.104167
0 0.464062 0.230556 0.060156 0.084722
0 0.470313 0.597222 0.042969 0.105556
0 0.513281 0.462500 0.047656 0.109722
0 0.514844 0.869444 0.046875 0.109722
0 0.529687 0.234722 0.057813 0.079167
0 0.531250 0.590278 0.043750 0.104167
0 0.564844 0.384722 0.063281 0.115278
0 0.573438 0.859722 0.059375 0.081944
0 0.598437 0.463889 0.065625 0.109722
0 0.595313 0.247222 0.057813 0.079167
0 0.630469 0.556944 0.056250 0.112500
0 0.645312 0.668056 0.052344 0.109722
0 0.649219 0.788889 0.042188 0.098611
1 0.328125 0.459722 0.056250 0.118056
1 0.334375 0.225000 0.060937 0.081944
1 0.350000 0.600000 0.059375 0.122222
1 0.385937 0.463889 0.052344 0.115278
1 0.400000 0.230556 0.060937 0.084722
1 0.414844 0.590278 0.047656 0.109722
1 0.450000 0.454167 0.043750 0.104167
1 0.464062 0.230556 0.060156 0.084722
1 0.470313 0.597222 0.042969 0.105556
1 0.513281 0.462500 0.047656 0.109722
1 0.529687 0.234722 0.057813 0.079167
1 0.531250 0.590278 0.043750 0.104167
1 0.595313 0.247222 0.057813 0.079167
2 0.119531 0.454167 0.072656 0.122222
2 0.135156 0.756944 0.068750 0.101389
2 0.182812 0.455556 0.055469 0.116667
2 0.207813 0.780556 0.057031 0.119444
2 0.243750 0.495833 0.067187 0.100000
2 0.265625 0.804167 0.061719 0.125000
2 0.564844 0.384722 0.063281 0.115278
2 0.598437 0.463889 0.065625 0.109722
2 0.630469 0.556944 0.056250 0.112500
2 0.645312 0.668056 0.052344 0.109722
2 0.649219 0.788889 0.042188 0.098611
3 0.074219 0.590278 0.050781 0.109722
3 0.146094 0.580556 0.067187 0.097222
3 0.211719 0.602778 0.054688 0.115278
3 0.271875 0.640278 0.069531 0.118056
3 0.371875 0.879167 0.059375 0.083333
3 0.434375 0.886111 0.051562 0.115278
3 0.514844 0.869444 0.046875 0.109722
3 0.573438 0.859722 0.059375 0.081944
4 0.328125 0.459722 0.056250 0.118056
4 0.334375 0.225000 0.060937 0.081944
4 0.350000 0.600000 0.059375 0.122222
4 0.385937 0.463889 0.052344 0.115278
4 0.400000 0.230556 0.060937 0.084722
4 0.414844 0.590278 0.047656 0.109722
4 0.450000 0.454167 0.043750 0.104167
4 0.464062 0.230556 0.060156 0.084722
4 0.470313 0.597222 0.042969 0.105556
4 0.513281 0.462500 0.047656 0.109722
4 0.529687 0.234722 0.057813 0.079167
4 0.531250 0.590278 0.043750 0.104167
4 0.595313 0.247222 0.057813 0.079167
8 0.334375 0.225000 0.060937 0.081944
9 0.400000 0.230556 0.060937 0.084722
10 0.464062 0.230556 0.060156 0.084722
11 0.529687 0.234722 0.057813 0.079167
12 0.595313 0.247222 0.057813 0.079167
13 0.350000 0.600000 0.059375 0.122222
14 0.414844 0.590278 0.047656 0.109722
15 0.470313 0.597222 0.042969 0.105556
16 0.531250 0.590278 0.043750 0.104167
17 0.328125 0.459722 0.056250 0.118056
18 0.385937 0.463889 0.052344 0.115278
19 0.450000 0.454167 0.043750 0.104167
20 0.513281 0.462500 0.047656 0.109722