0 0.162500 0.602778 0.055469 0.115278
0 0.209375 0.377778 0.050000 0.112500
0 0.218750 0.537500 0.060156 0.083333
0 0.249219 0.666667 0.053125 0.112500
0 0.263281 0.802778 0.049219 0.111111
0 0.297656 0.427778 0.046094 0.106944
0 0.322656 0.573611 0.056250 0.116667
0 0.328125 0.858333 0.053125 0.112500
0 0.324219 0.712500 0.041406 0.102778
0 0.363281 0.275000 0.055469 0.118056
0 0.380469 0.704167 0.046875 0.106944
0 0.386719 0.411111 0.049219 0.109722
0 0.401562 0.827778 0.065625 0.109722
0 0.416406 0.573611 0.056250 0.075000
0 0.439063 0.702778 0.043750 0.104167
0 0.469531 0.319444 0.065625 0.106944
0 0.469531 0.491667 0.057813 0.116667
0 0.492188 0.663889 0.064844 0.118056
0 0.498437 0.808333 0.050000 0.111111
0 0.542188 0.626389 0.049219 0.106944
0 0.595313 0.500000 0.045312 0.105556
1 0.162500 0.602778 0.055469 0.115278
1 0.209375 0.377778 0.050000 0.112500
1 0.249219 0.666667 0.053125 0.112500
1 0.297656 0.427778 0.046094 0.106944
1 0.322656 0.573611 0.056250 0.116667
1 0.328125 0.858333 0.053125 0.112500
1 0.324219 0.712500 0.041406 0.102778
1 0.363281 0.275000 0.055469 0.118056
1 0.380469 0.704167 0.046875 0.106944
1 0.386719 0.411111 0.049219 0.109722
1 0.401562 0.827778 0.065625 0.109722
1 0.416406 0.573611 0.056250 0.075000
1 0.439063 0.702778 0.043750 0.104167
1 0.469531 0.319444 0.065625 0.106944
1 0.469531 0.491667 0.057813 0.116667
1 0.492188 0.663889 0.064844 0.118056
1 0.498437 0.808333 0.050000 0.111111
1 0.542188 0.626389 0.049219 0.106944
1 0.595313 0.500000 0.045312 0.105556
2 0.218750 0.537500 0.060156 0.083333
2 0.263281 0.802778 0.049219 0.111111
4 0.162500 0.602778 0.055469 0.115278
4 0.249219 0.666667 0.053125 0.112500
4 0.322656 0.573611 0.056250 0.116667
4 0.380469 0.704167 0.046875 0.106944
5 0.324219 0.712500 0.041406 0.102778
5 0.416406 0.573611 0.056250 0.075000
5 0.492188 0.663889 0.064844 0.118056
6 0.386719 0.411111 0.049219 0.109722
6 0.401562 0.827778 0.065625 0.109722
6 0.439063 0.702778 0.043750 0.104167
6 0.469531 0.319444 0.065625 0.106944
7 0.209375 0.377778 0.050000 0.112500
7 0.297656 0.427778 0.046094 0.106944
7 0.328125 0.858333 0.053125 0.112500
7 0.363281 0.275000 0.055469 0.118056
7 0.469531 0.491667 0.057813 0.116667
7 0.498437 0.808333 0.050000 0.111111
7 0.542188 0.626389 0.049219 0.106944
7 0.595313 0.500000 0.045312 0.105556
8 0.162500 0.602778 0.055469 0.115278
8 0.297656 0.427778 0.046094 0.106944
8 0.416406 0.573611 0.056250 0.075000
9 0.469531 0.491667 0.057813 0.116667
10 0.386719 0.411111 0.049219 0.109722
10 0.542188 0.626389 0.049219 0.106944
12 0.209375 0.377778 0.050000 0.112500
13 0.322656 0.573611 0.056250 0.116667
13 0.439063 0.702778 0.043750 0.104167
14 0.401562 0.827778 0.065625 0.109722
15 0.380469 0.704167 0.046875 0.106944
16 0.492188 0.663889 0.064844 0.118056
16 0.498437 0.808333 0.050000 0.111111
17 0.249219 0.666667 0.053125 0.112500
17 0.595313 0.500000 0.045312 0.105556
18 0.328125 0.858333 0.053125 0.112500
18 0.324219 0.712500 0.041406 0.102778
20 0.363281 0.275000 0.055469 0.118056
20 0.469531 0.319444 0.065625 0.106944