0 0.139453 0.852778 0.067969 0.125000
0 0.148828 0.619444 0.066406 0.125000
0 0.182422 0.778472 0.064844 0.123611
0 0.196875 0.559028 0.065625 0.123611
0 0.228125 0.725000 0.059375 0.119444
0 0.242578 0.895833 0.067969 0.127778
0 0.243359 0.492361 0.064844 0.123611
0 0.271875 0.648611 0.057813 0.119444
0 0.291406 0.847917 0.062500 0.126389
0 0.325000 0.321528 0.057813 0.076389
0 0.359766 0.709722 0.042969 0.105556
0 0.364844 0.593056 0.043750 0.105556
0 0.387500 0.330556 0.056250 0.075000
0 0.410156 0.709722 0.043750 0.105556
0 0.411328 0.593750 0.042969 0.104167
0 0.425391 0.490972 0.058594 0.079167
0 0.449609 0.332639 0.057031 0.076389
0 0.456641 0.594444 0.044531 0.105556
0 0.456641 0.711111 0.042969 0.105556
0 0.509766 0.337500 0.057031 0.077778
0 0.506250 0.712500 0.042188 0.105556
0 0.508984 0.593750 0.042969 0.104167
0 0.576562 0.535417 0.056250 0.076389
0 0.577734 0.443056 0.057031 0.077778
0 0.582812 0.632639 0.054688 0.073611
0 0.587891 0.814583 0.057031 0.076389
0 0.587891 0.722917 0.055469 0.073611
1 0.325000 0.321528 0.057813 0.076389
1 0.359766 0.709722 0.042969 0.105556
1 0.364844 0.593056 0.043750 0.105556
1 0.387500 0.330556 0.056250 0.075000
1 0.410156 0.709722 0.043750 0.105556
1 0.411328 0.593750 0.042969 0.104167
1 0.425391 0.490972 0.058594 0.079167
1 0.449609 0.332639 0.057031 0.076389
1 0.456641 0.594444 0.044531 0.105556
1 0.456641 0.711111 0.042969 0.105556
1 0.509766 0.337500 0.057031 0.077778
1 0.506250 0.712500 0.042188 0.105556
1 0.508984 0.593750 0.042969 0.104167
2 0.148828 0.619444 0.066406 0.125000
2 0.196875 0.559028 0.065625 0.123611
2 0.242578 0.895833 0.067969 0.127778
2 0.243359 0.492361 0.064844 0.123611
2 0.291406 0.847917 0.062500 0.126389
2 0.576562 0.535417 0.056250 0.076389
2 0.577734 0.443056 0.057031 0.077778
2 0.582812 0.632639 0.054688 0.073611
2 0.587891 0.814583 0.057031 0.076389
2 0.587891 0.722917 0.055469 0.073611
3 0.139453 0.852778 0.067969 0.125000
3 0.182422 0.778472 0.064844 0.123611
3 0.228125 0.725000 0.059375 0.119444
3 0.271875 0.648611 0.057813 0.119444
7 0.325000 0.321528 0.057813 0.076389
7 0.359766 0.709722 0.042969 0.105556
7 0.364844 0.593056 0.043750 0.105556
7 0.387500 0.330556 0.056250 0.075000
7 0.410156 0.709722 0.043750 0.105556
7 0.411328 0.593750 0.042969 0.104167
7 0.425391 0.490972 0.058594 0.079167
7 0.449609 0.332639 0.057031 0.076389
7 0.456641 0.594444 0.044531 0.105556
7 0.456641 0.711111 0.042969 0.105556
7 0.509766 0.337500 0.057031 0.077778
7 0.506250 0.712500 0.042188 0.105556
7 0.508984 0.593750 0.042969 0.104167
8 0.325000 0.321528 0.057813 0.076389
9 0.387500 0.330556 0.056250 0.075000
10 0.449609 0.332639 0.057031 0.076389
11 0.509766 0.337500 0.057031 0.077778
12 0.359766 0.709722 0.042969 0.105556
13 0.410156 0.709722 0.043750 0.105556
14 0.456641 0.711111 0.042969 0.105556
15 0.506250 0.712500 0.042188 0.105556
16 0.364844 0.593056 0.043750 0.105556
17 0.411328 0.593750 0.042969 0.104167
18 0.456641 0.594444 0.044531 0.105556
19 0.508984 0.593750 0.042969 0.104167
20 0.425391 0.490972 0.058594 0.079167