0 0.222656 0.498611 0.068750 0.102778
0 0.227734 0.701389 0.063281 0.119444
0 0.281250 0.404167 0.062500 0.122222
0 0.294922 0.788889 0.047656 0.108333
0 0.310937 0.532639 0.053125 0.112500
0 0.317969 0.662500 0.057813 0.077778
0 0.356250 0.191667 0.043750 0.105556
0 0.400391 0.811111 0.069531 0.111111
0 0.408594 0.677778 0.065625 0.102778
0 0.409375 0.198611 0.045312 0.108333
0 0.417187 0.522222 0.060937 0.119444
0 0.459766 0.203472 0.044531 0.106944
0 0.500000 0.584028 0.048438 0.106944
0 0.511328 0.702778 0.055469 0.075000
0 0.507422 0.209028 0.044531 0.106944
0 0.546875 0.501389 0.065625 0.111111
0 0.546875 0.823611 0.062500 0.122222
0 0.578516 0.668056 0.064844 0.113889
0 0.622266 0.762500 0.057031 0.077778
0 0.625391 0.466667 0.055469 0.119444
0 0.651953 0.665972 0.055469 0.076389
0 0.696094 0.533333 0.067187 0.108333
0 0.721875 0.679861 0.050000 0.109722
1 0.356250 0.191667 0.043750 0.105556
1 0.409375 0.198611 0.045312 0.108333
1 0.459766 0.203472 0.044531 0.106944
1 0.507422 0.209028 0.044531 0.106944
2 0.417187 0.522222 0.060937 0.119444
2 0.500000 0.584028 0.048438 0.106944
2 0.511328 0.702778 0.055469 0.075000
2 0.546875 0.501389 0.065625 0.111111
2 0.546875 0.823611 0.062500 0.122222
2 0.578516 0.668056 0.064844 0.113889
2 0.622266 0.762500 0.057031 0.077778
2 0.625391 0.466667 0.055469 0.119444
2 0.651953 0.665972 0.055469 0.076389
2 0.696094 0.533333 0.067187 0.108333
2 0.721875 0.679861 0.050000 0.109722
3 0.222656 0.498611 0.068750 0.102778
3 0.227734 0.701389 0.063281 0.119444
3 0.281250 0.404167 0.062500 0.122222
3 0.294922 0.788889 0.047656 0.108333
3 0.310937 0.532639 0.053125 0.112500
3 0.317969 0.662500 0.057813 0.077778
3 0.400391 0.811111 0.069531 0.111111
3 0.408594 0.677778 0.065625 0.102778
4 0.356250 0.191667 0.043750 0.105556
5 0.409375 0.198611 0.045312 0.108333
6 0.459766 0.203472 0.044531 0.106944
7 0.507422 0.209028 0.044531 0.106944
19 0.356250 0.191667 0.043750 0.105556
19 0.409375 0.198611 0.045312 0.108333
19 0.459766 0.203472 0.044531 0.106944
19 0.507422 0.209028 0.044531 0.106944